Timestamp [ms];	CPU cores;	CPU capacity provisioned [MHZ];	CPU usage [MHZ];	CPU usage [%];	Memory capacity provisioned [KB];	Memory usage [KB];	Disk read throughput [KB/s];	Disk write throughput [KB/s];	Network received throughput [KB/s];	Network transmitted throughput [KB/s]
1376314846;	2;	5199.998586;	109.199970306;	2.1;	8359936.0;	251656.0;	0.0;	14.6;	4.533333333333333;	0.0
1376315146;	2;	5199.998586;	107.46663744399999;	2.0666666666666664;	8359936.0;	117438.4;	0.0;	10.066666666666666;	4.666666666666667;	0.0
1376315446;	2;	5199.998586;	109.199970306;	2.1;	8359936.0;	83884.0;	0.0;	10.4;	4.6;	0.0
1376315746;	2;	5199.998586;	107.46663744399999;	2.0666666666666664;	8359936.0;	111847.2;	0.0;	10.133333333333333;	4.533333333333333;	0.0
1376316046;	2;	5199.998586;	102.266638858;	1.9666666666666666;	8359936.0;	100662.4;	0.0;	10.333333333333334;	4.533333333333333;	0.0
1376316346;	2;	5199.998586;	107.46663744399999;	2.0666666666666664;	8359936.0;	50330.666666666664;	0.0;	12.0;	4.6;	0.0
1376316646;	2;	5199.998586;	107.46663744399999;	2.0666666666666664;	8359936.0;	117438.4;	0.0;	10.266666666666667;	4.466666666666667;	0.0
1376316946;	2;	5199.998586;	103.99997171999999;	2.0;	8359936.0;	117438.4;	0.0;	10.2;	4.666666666666667;	0.0
1376317246;	2;	5199.998586;	103.99997171999999;	2.0;	8359936.0;	83884.0;	0.0;	10.266666666666667;	4.466666666666667;	0.0
1376317546;	2;	5199.998586;	107.46663744399999;	2.0666666666666664;	8359936.0;	16776.8;	0.0;	10.2;	4.466666666666667;	0.0
1376317846;	2;	5199.998586;	105.73330458199999;	2.033333333333333;	8359936.0;	100662.4;	0.0;	10.133333333333333;	4.466666666666667;	0.0
1376318146;	2;	5199.998586;	116.133301754;	2.2333333333333334;	8359936.0;	117438.4;	0.0;	11.333333333333334;	4.4;	0.0
1376318446;	2;	5199.998586;	112.66663602999999;	2.1666666666666665;	8359936.0;	212509.6;	0.0;	14.6;	4.6;	0.0
1376318746;	2;	5199.998586;	103.99997171999999;	2.0;	8359936.0;	150992.8;	0.0;	10.2;	4.533333333333333;	0.0
1376319046;	2;	5199.998586;	105.73330458199999;	2.033333333333333;	8359936.0;	95069.86666666667;	0.0;	10.2;	4.533333333333333;	0.0
1376319346;	2;	5199.998586;	105.73330458199999;	2.033333333333333;	8359936.0;	89477.86666666667;	0.0;	10.066666666666666;	4.533333333333333;	0.0
1376319646;	2;	5199.998586;	107.46663744399999;	2.0666666666666664;	8359936.0;	246064.8;	0.0;	10.266666666666667;	4.6;	0.0
1376319946;	2;	5199.998586;	109.199970306;	2.1;	8359936.0;	167770.4;	0.0;	11.466666666666667;	4.666666666666667;	0.0
1376320246;	2;	5199.998586;	109.199970306;	2.1;	8359936.0;	50331.2;	0.0;	10.2;	4.533333333333333;	0.0
1376320546;	2;	5199.998586;	105.73330458199999;	2.033333333333333;	8359936.0;	78291.73333333334;	0.0;	10.066666666666666;	4.533333333333333;	0.0
1376320846;	2;	5199.998586;	107.46663744399999;	2.0666666666666664;	8359936.0;	67107.2;	0.0;	10.2;	4.533333333333333;	0.0
1376321146;	2;	5199.998586;	109.199970306;	2.1;	8359936.0;	39146.4;	0.0;	10.133333333333333;	4.466666666666667;	0.0
1376321446;	2;	5199.998586;	103.99997171999999;	2.0;	8359936.0;	89476.53333333334;	0.0;	10.266666666666667;	4.466666666666667;	0.0
1376321746;	2;	5199.998586;	123.06663320199999;	2.3666666666666667;	8359936.0;	134216.0;	0.0;	16.0;	4.6;	0.0
1376322046;	2;	5199.998586;	102.266638858;	1.9666666666666666;	8359936.0;	279619.2;	0.0;	15.0;	4.333333333333333;	0.0
1376322346;	2;	5199.998586;	102.266638858;	1.9666666666666666;	8359936.0;	139808.53333333333;	0.0;	10.2;	4.4;	0.0
1376322647;	2;	5199.998586;	105.73330458199999;	2.033333333333333;	8359936.0;	156586.93333333332;	0.0;	10.133333333333333;	4.4;	0.0
1376322947;	2;	5199.998586;	103.99997171999999;	2.0;	8359936.0;	89477.33333333333;	0.0;	10.2;	4.6;	0.0
1376323247;	2;	5199.998586;	107.46663744399999;	2.0666666666666664;	8359936.0;	178954.93333333332;	0.0;	10.2;	4.333333333333333;	0.0
1376323547;	2;	5199.998586;	105.73330458199999;	2.033333333333333;	8359936.0;	100662.4;	0.0;	11.4;	4.466666666666667;	0.0
1376323847;	2;	5199.998586;	105.73330458199999;	2.033333333333333;	8359936.0;	134217.33333333334;	0.0;	10.2;	4.466666666666667;	0.0
1376324147;	2;	5199.998586;	103.99997171999999;	2.0;	8359936.0;	67107.73333333334;	0.0;	10.2;	4.466666666666667;	0.0
1376324447;	2;	5199.998586;	103.99997171999999;	2.0;	8359936.0;	128623.2;	0.0;	10.333333333333334;	4.533333333333333;	0.0
1376324747;	2;	5199.998586;	103.99997171999999;	2.0;	8359936.0;	117438.93333333333;	0.0;	10.266666666666667;	4.533333333333333;	0.0
1376325047;	2;	5199.998586;	103.99997171999999;	2.0;	8359936.0;	78291.73333333334;	0.0;	10.133333333333333;	4.533333333333333;	0.0
1376325347;	2;	5199.998586;	119.59996747799998;	2.3;	8359936.0;	218102.66666666666;	0.0;	15.666666666666666;	4.6;	0.0
1376325647;	2;	5199.998586;	109.199970306;	2.1;	8359936.0;	346728.0;	0.0;	14.733333333333333;	4.533333333333333;	0.0
1376325947;	2;	5199.998586;	109.199970306;	2.1;	8359936.0;	134216.0;	0.0;	10.133333333333333;	4.466666666666667;	0.0
1376326247;	2;	5199.998586;	109.199970306;	2.1;	8359936.0;	156586.13333333333;	0.0;	10.266666666666667;	4.466666666666667;	0.0
1376326547;	2;	5199.998586;	109.199970306;	2.1;	8359936.0;	89477.6;	0.0;	10.333333333333334;	4.466666666666667;	0.0
1376326847;	2;	5199.998586;	109.199970306;	2.1;	8359936.0;	83884.26666666666;	0.0;	10.066666666666666;	4.6;	0.0
1376327147;	2;	5199.998586;	110.93330316799998;	2.1333333333333333;	8359936.0;	341135.2;	0.0;	11.733333333333333;	4.6;	0.0
1376327447;	2;	5199.998586;	107.46663744399999;	2.0666666666666664;	8359936.0;	123031.73333333334;	0.0;	10.0;	4.466666666666667;	0.0
1376327747;	2;	5199.998586;	109.199970306;	2.1;	8359936.0;	61514.933333333334;	0.0;	10.333333333333334;	4.4;	0.0
1376328047;	2;	5199.998586;	109.199970306;	2.1;	8359936.0;	83884.26666666666;	0.0;	10.133333333333333;	4.466666666666667;	0.0
1376328347;	2;	5199.998586;	109.199970306;	2.1;	8359936.0;	173364.0;	0.0;	10.066666666666666;	4.533333333333333;	0.0
1376328647;	2;	5199.998586;	109.199970306;	2.1;	8359936.0;	89477.86666666667;	0.0;	10.2;	4.4;	0.0
1376328947;	2;	5199.998586;	119.59996747799998;	2.3;	8359936.0;	178955.46666666667;	0.0;	11.266666666666667;	4.533333333333333;	0.0
1376329247;	2;	5199.998586;	114.399968892;	2.2;	8359936.0;	262842.13333333336;	0.0;	14.666666666666666;	4.533333333333333;	0.0
1376329547;	2;	5199.998586;	109.199970306;	2.1;	8359936.0;	89477.33333333333;	0.0;	10.133333333333333;	4.466666666666667;	0.0
1376329847;	2;	5199.998586;	103.99997171999999;	2.0;	8359936.0;	67108.0;	0.0;	10.333333333333334;	4.466666666666667;	0.0
1376330147;	2;	5199.998586;	105.73330458199999;	2.033333333333333;	8359936.0;	78292.53333333334;	0.0;	10.2;	4.466666666666667;	0.0
1376330447;	2;	5199.998586;	109.199970306;	2.1;	8359936.0;	95070.13333333333;	0.0;	10.2;	4.333333333333333;	0.0
1376330747;	2;	5199.998586;	109.199970306;	2.1;	8359936.0;	111847.46666666666;	0.0;	11.333333333333334;	4.666666666666667;	0.0
1376331047;	2;	5199.998586;	109.199970306;	2.1;	8359936.0;	234880.0;	0.0;	10.333333333333334;	4.533333333333333;	0.0
1376331347;	2;	5199.998586;	109.199970306;	2.1;	8359936.0;	128623.46666666666;	0.0;	10.266666666666667;	4.466666666666667;	0.0
1376331647;	2;	5199.998586;	109.199970306;	2.1;	8359936.0;	134216.0;	0.0;	10.066666666666666;	4.4;	0.0
1376331947;	2;	5199.998586;	109.199970306;	2.1;	8359936.0;	150992.8;	0.0;	10.333333333333334;	4.466666666666667;	0.0
1376332247;	2;	5199.998586;	107.46663744399999;	2.0666666666666664;	8359936.0;	184548.8;	0.0;	10.333333333333334;	4.533333333333333;	0.0
1376332547;	2;	5199.998586;	123.06663320199999;	2.3666666666666667;	8359936.0;	156586.4;	0.0;	15.666666666666666;	4.533333333333333;	0.0
1376332847;	2;	5199.998586;	109.199970306;	2.1;	8359936.0;	279619.4666666667;	0.0;	10.466666666666667;	4.466666666666667;	0.0
1376333147;	2;	5199.998586;	109.199970306;	2.1;	8359936.0;	50330.4;	0.0;	10.266666666666667;	4.466666666666667;	0.0
1376333447;	2;	5199.998586;	109.199970306;	2.1;	8359936.0;	106254.93333333333;	0.0;	10.066666666666666;	4.466666666666667;	0.0
1376333747;	2;	5199.998586;	109.199970306;	2.1;	8359936.0;	134217.06666666668;	0.0;	10.266666666666667;	4.466666666666667;	0.0
1376334047;	2;	5199.998586;	109.199970306;	2.1;	8359936.0;	134216.8;	0.0;	10.4;	4.533333333333333;	0.0
1376334347;	2;	5199.998586;	112.66663602999999;	2.1666666666666665;	8359936.0;	128624.0;	0.0;	11.2;	4.6;	0.0
1376334647;	2;	5199.998586;	105.73330458199999;	2.033333333333333;	8359936.0;	67107.73333333334;	0.0;	10.266666666666667;	4.533333333333333;	0.0
1376334947;	2;	5199.998586;	107.46663744399999;	2.0666666666666664;	8359936.0;	44738.13333333333;	0.0;	10.133333333333333;	4.533333333333333;	0.0
1376335247;	2;	5199.998586;	109.199970306;	2.1;	8359936.0;	67108.26666666666;	0.0;	10.133333333333333;	4.466666666666667;	0.0
1376335547;	2;	5199.998586;	109.199970306;	2.1;	8359936.0;	201325.06666666668;	0.0;	9.933333333333334;	4.4;	0.0
1376335847;	2;	5199.998586;	109.199970306;	2.1;	8359936.0;	117438.4;	0.0;	10.533333333333333;	4.6;	0.0
1376336147;	2;	5199.998586;	119.59996747799998;	2.3;	8359936.0;	83884.0;	0.0;	11.466666666666667;	4.533333333333333;	0.0
1376336447;	2;	5199.998586;	114.399968892;	2.2;	8359936.0;	296396.26666666666;	0.0;	14.933333333333334;	4.533333333333333;	0.0
1376336747;	2;	5199.998586;	109.199970306;	2.1;	8359936.0;	150993.6;	0.0;	10.2;	4.466666666666667;	0.0
1376337047;	2;	5199.998586;	109.199970306;	2.1;	8359936.0;	128624.0;	0.0;	10.6;	4.466666666666667;	0.0
1376337347;	2;	5199.998586;	112.66663602999999;	2.1666666666666665;	8359936.0;	150993.6;	0.0;	10.333333333333334;	4.533333333333333;	0.0
1376337647;	2;	5199.998586;	107.46663744399999;	2.0666666666666664;	8359936.0;	162178.66666666666;	0.0;	10.4;	4.533333333333333;	0.0
1376337947;	2;	5199.998586;	116.133301754;	2.2333333333333334;	8359936.0;	212510.13333333333;	0.0;	11.733333333333333;	4.8;	0.0
1376338248;	2;	5199.998586;	107.46663744399999;	2.0666666666666664;	8359936.0;	206917.86666666667;	0.0;	10.333333333333334;	4.466666666666667;	0.0
1376338548;	2;	5199.998586;	109.199970306;	2.1;	8359936.0;	150993.6;	0.0;	10.133333333333333;	4.533333333333333;	0.0
1376338848;	2;	5199.998586;	107.46663744399999;	2.0666666666666664;	8359936.0;	100661.6;	0.0;	10.133333333333333;	4.466666666666667;	0.0
1376339148;	2;	5199.998586;	107.46663744399999;	2.0666666666666664;	8359936.0;	50330.4;	0.0;	10.133333333333333;	4.466666666666667;	0.0
1376339448;	2;	5199.998586;	109.199970306;	2.1;	8359936.0;	72699.46666666666;	0.0;	10.266666666666667;	4.533333333333333;	0.0
1376339748;	2;	5199.998586;	124.79996606399999;	2.4;	8359936.0;	139808.53333333333;	0.0;	16.0;	4.6;	0.0
1376340048;	2;	5199.998586;	109.199970306;	2.1;	8359936.0;	369096.8;	0.0;	10.266666666666667;	4.466666666666667;	0.0
1376340348;	2;	5199.998586;	109.199970306;	2.1;	8359936.0;	167771.2;	0.0;	10.266666666666667;	4.466666666666667;	0.0
1376340648;	2;	5199.998586;	109.199970306;	2.1;	8359936.0;	55922.666666666664;	0.0;	10.133333333333333;	4.466666666666667;	0.0
1376340948;	2;	5199.998586;	109.199970306;	2.1;	8359936.0;	67107.2;	0.0;	10.333333333333334;	4.466666666666667;	0.0
1376341248;	2;	5199.998586;	109.199970306;	2.1;	8359936.0;	55923.46666666667;	0.0;	10.133333333333333;	4.466666666666667;	0.0
1376341548;	2;	5199.998586;	112.66663602999999;	2.1666666666666665;	8359936.0;	83884.53333333334;	0.0;	11.533333333333333;	4.533333333333333;	0.0
1376341848;	2;	5199.998586;	107.46663744399999;	2.0666666666666664;	8359936.0;	128624.26666666666;	0.0;	10.066666666666666;	4.466666666666667;	0.0
1376342148;	2;	5199.998586;	107.46663744399999;	2.0666666666666664;	8359936.0;	134216.53333333333;	0.0;	10.2;	4.333333333333333;	0.0
1376342448;	2;	5199.998586;	107.46663744399999;	2.0666666666666664;	8359936.0;	106254.93333333333;	0.0;	10.266666666666667;	4.4;	0.0
1376342748;	2;	5199.998586;	109.199970306;	2.1;	8359936.0;	150993.33333333334;	0.0;	10.133333333333333;	4.4;	0.0
1376343048;	2;	5199.998586;	109.199970306;	2.1;	8359936.0;	44738.933333333334;	0.0;	10.266666666666667;	4.333333333333333;	0.0
1376343348;	2;	5199.998586;	123.06663320199999;	2.3666666666666667;	8359936.0;	162179.2;	0.0;	11.333333333333334;	4.466666666666667;	0.0
1376343648;	2;	5199.998586;	114.399968892;	2.2;	8359936.0;	290804.0;	0.0;	14.8;	4.466666666666667;	0.0
1376343948;	2;	5199.998586;	109.199970306;	2.1;	8359936.0;	83884.0;	0.0;	10.0;	4.4;	0.0
1376344248;	2;	5199.998586;	109.199970306;	2.1;	8359936.0;	128624.53333333334;	0.0;	10.266666666666667;	4.466666666666667;	0.0
1376344548;	2;	5199.998586;	109.199970306;	2.1;	8359936.0;	145402.13333333333;	0.0;	11.0;	4.533333333333333;	0.0
1376344848;	2;	5199.998586;	102.266638858;	1.9666666666666666;	8359936.0;	95069.6;	0.0;	6.266666666666667;	2.6666666666666665;	0.0
1376345148;	2;	5199.998586;	84.93331023800002;	1.6333333333333335;	8359936.0;	128624.26666666666;	0.0;	1.2666666666666666;	0.0;	0.0
1376345448;	2;	5199.998586;	83.199977376;	1.6;	8359936.0;	83884.0;	0.0;	0.13333333333333333;	0.0;	0.0
1376345748;	2;	5199.998586;	77.99997879;	1.5;	8359936.0;	55923.2;	0.0;	0.13333333333333333;	0.0;	0.0
1376346048;	2;	5199.998586;	83.199977376;	1.6;	8359936.0;	117440.0;	0.0;	0.13333333333333333;	0.0;	0.0
1376346348;	2;	5199.998586;	81.466644514;	1.5666666666666667;	8359936.0;	39146.13333333333;	0.0;	0.13333333333333333;	0.0;	0.0
1376346648;	2;	5199.998586;	83.199977376;	1.6;	8359936.0;	89477.86666666667;	0.0;	0.13333333333333333;	0.0;	0.0
1376346948;	2;	5199.998586;	103.99997171999999;	2.0;	8359936.0;	22369.6;	0.0;	5.6;	0.06666666666666667;	0.0
1376347248;	2;	5199.998586;	155.99995758;	3.0;	8359936.0;	324358.4;	0.0;	29.133333333333333;	0.7333333333333333;	2.1333333333333333
1376347548;	2;	5199.998586;	77.99997879;	1.5;	8359936.0;	83885.6;	0.0;	1.1333333333333333;	0.0;	0.0
1376347848;	2;	5199.998586;	83.199977376;	1.6;	8359936.0;	22369.066666666666;	0.0;	0.13333333333333333;	0.0;	0.0
1376348148;	2;	5199.998586;	77.99997879;	1.5;	8359936.0;	55922.666666666664;	0.0;	0.13333333333333333;	0.0;	0.0
1376348448;	2;	5199.998586;	83.199977376;	1.6;	8359936.0;	139809.06666666668;	0.0;	0.13333333333333333;	0.0;	0.0
1376348749;	2;	5199.998586;	88.39997596199998;	1.7;	8359936.0;	128624.26666666666;	0.0;	1.7333333333333334;	0.06666666666666667;	0.0
1376349049;	2;	5199.998586;	83.199977376;	1.6;	8359936.0;	150994.4;	0.0;	0.13333333333333333;	0.0;	0.0
1376349349;	2;	5199.998586;	77.99997879;	1.5;	8359936.0;	16776.8;	0.0;	0.13333333333333333;	0.0;	0.0
1376349649;	2;	5199.998586;	88.39997596199998;	1.7;	8359936.0;	67107.2;	0.0;	0.07692307692307693;	0.0;	0.0
1376349949;	2;	5199.998586;	95.33330741;	1.8333333333333335;	8359936.0;	33553.6;	0.0;	0.14285714285714285;	0.0;	0.0
1376350249;	2;	5199.998586;	83.199977376;	1.6;	8359936.0;	100663.2;	0.0;	0.13333333333333333;	0.0;	0.0
1376350549;	2;	5199.998586;	103.99997171999999;	2.0;	8359936.0;	33554.4;	0.0;	5.6;	0.06666666666666667;	0.0
1376350849;	2;	5199.998586;	83.199977376;	1.6;	8359936.0;	251657.6;	0.0;	0.13333333333333333;	0.0;	0.0
1376351149;	2;	5199.998586;	77.99997879;	1.5;	8359936.0;	27961.6;	0.0;	0.13333333333333333;	0.0;	0.0
1376351449;	2;	5199.998586;	83.199977376;	1.6;	8359936.0;	150993.6;	0.0;	0.13333333333333333;	0.0;	0.0
1376351749;	2;	5199.998586;	77.99997879;	1.5;	8359936.0;	33553.86666666667;	0.0;	0.13333333333333333;	0.0;	0.0
1376352049;	2;	5199.998586;	90.133308824;	1.7333333333333334;	8359936.0;	33553.6;	0.0;	0.13333333333333333;	0.0;	0.0
1376352349;	2;	5199.998586;	88.39997596199998;	1.7;	8359936.0;	123031.46666666666;	0.0;	1.2;	0.0;	0.0
1376352649;	2;	5199.998586;	88.39997596199998;	1.7;	8359936.0;	67108.0;	0.0;	3.466666666666667;	0.0;	0.13333333333333333
1376352949;	2;	5199.998586;	77.99997879;	1.5;	8359936.0;	39145.86666666667;	0.0;	0.13333333333333333;	0.0;	0.0
1376353249;	2;	5199.998586;	83.199977376;	1.6;	8359936.0;	61514.933333333334;	0.0;	0.13333333333333333;	0.0;	0.0
1376353549;	2;	5199.998586;	77.99997879;	1.5;	8359936.0;	0.0;	0.0;	0.13333333333333333;	0.0;	0.0
1376353849;	2;	5199.998586;	83.199977376;	1.6;	8359936.0;	16776.8;	0.0;	0.13333333333333333;	0.0;	0.0
1376354149;	2;	5199.998586;	98.799973134;	1.9;	8359936.0;	50331.2;	0.0;	5.666666666666667;	0.06666666666666667;	0.0
1376354449;	2;	5199.998586;	83.199977376;	1.6;	8359936.0;	162178.93333333332;	0.0;	0.06666666666666667;	0.0;	0.0
1376354749;	2;	5199.998586;	83.199977376;	1.6;	8359936.0;	117439.2;	0.0;	0.06666666666666667;	0.0;	0.0
1376355049;	2;	5199.998586;	83.199977376;	1.6;	8359936.0;	78293.06666666667;	0.0;	0.06666666666666667;	0.0;	0.0
1376355349;	2;	5199.998586;	83.199977376;	1.6;	8359936.0;	16776.8;	0.0;	0.06666666666666667;	0.0;	0.0
1376355649;	2;	5199.998586;	83.199977376;	1.6;	8359936.0;	100663.2;	0.0;	0.06666666666666667;	0.0;	0.0
1376355949;	2;	5199.998586;	93.59997454799999;	1.8;	8359936.0;	83884.8;	0.0;	1.1333333333333333;	0.0;	0.0
1376356249;	2;	5199.998586;	83.199977376;	1.6;	8359936.0;	156586.4;	0.0;	0.06666666666666667;	0.0;	0.0
1376356549;	2;	5199.998586;	83.199977376;	1.6;	8359936.0;	111846.4;	0.0;	0.06666666666666667;	0.0;	0.0
1376356849;	2;	5199.998586;	83.199977376;	1.6;	8359936.0;	106254.66666666667;	0.0;	0.06666666666666667;	0.0;	0.0
1376357149;	2;	5199.998586;	83.199977376;	1.6;	8359936.0;	61515.2;	0.0;	0.06666666666666667;	0.0;	0.0
1376357449;	2;	5199.998586;	83.199977376;	1.6;	8359936.0;	83884.0;	0.0;	0.06666666666666667;	0.0;	0.0
1376357749;	2;	5199.998586;	102.266638858;	1.9666666666666666;	8359936.0;	55922.933333333334;	0.0;	0.9333333333333333;	0.06666666666666667;	0.0
1376358049;	2;	5199.998586;	83.199977376;	1.6;	8359936.0;	178956.0;	0.0;	0.06666666666666667;	0.0;	0.0
1376358349;	2;	5199.998586;	83.199977376;	1.6;	8359936.0;	61515.73333333333;	0.0;	0.06666666666666667;	0.0;	0.0
1376358649;	2;	5199.998586;	83.199977376;	1.6;	8359936.0;	55922.666666666664;	0.0;	0.06666666666666667;	0.0;	0.0
1376358949;	2;	5199.998586;	84.93331023800002;	1.6333333333333335;	8359936.0;	67107.46666666666;	0.0;	0.06666666666666667;	0.0;	0.0
1376359250;	2;	5199.998586;	209.73327630199998;	4.033333333333333;	8359936.0;	27961.6;	0.0;	1.9333333333333333;	1.4666666666666666;	0.8
1376359550;	2;	5199.998586;	168.13328761399995;	3.233333333333333;	8359936.0;	106254.4;	0.0;	2.933333333333333;	0.0;	0.0
1376359850;	2;	5199.998586;	83.199977376;	1.6;	8359936.0;	50331.2;	0.0;	0.06666666666666667;	0.0;	0.0
1376360150;	2;	5199.998586;	83.199977376;	1.6;	8359936.0;	123032.0;	0.0;	0.06666666666666667;	0.0;	0.0
1376360450;	2;	5199.998586;	114.399968892;	2.2;	8359936.0;	162178.66666666666;	0.0;	15.2;	6.866666666666666;	0.2
1376360750;	2;	5199.998586;	103.99997171999999;	2.0;	8359936.0;	218103.2;	0.0;	1.2666666666666666;	0.0;	0.0
1376361050;	2;	5199.998586;	83.199977376;	1.6;	8359936.0;	139808.53333333333;	0.0;	0.06666666666666667;	0.0;	0.0
1376361350;	2;	5199.998586;	109.199970306;	2.1;	8359936.0;	134216.8;	0.0;	5.533333333333333;	0.06666666666666667;	0.0
1376361650;	2;	5199.998586;	83.199977376;	1.6;	8359936.0;	156586.13333333333;	0.0;	0.06666666666666667;	0.0;	0.0
1376361950;	2;	5199.998586;	83.199977376;	1.6;	8359936.0;	83884.8;	0.0;	0.06666666666666667;	0.0;	0.0
1376362250;	2;	5199.998586;	83.199977376;	1.6;	8359936.0;	83884.0;	0.0;	0.06666666666666667;	0.0;	0.0
1376362550;	2;	5199.998586;	83.199977376;	1.6;	8359936.0;	106254.93333333333;	0.0;	0.06666666666666667;	0.0;	0.0
1376362849;	2;	5199.998586;	83.199977376;	1.6;	8359936.0;	50331.2;	0.0;	0.06666666666666667;	0.0;	0.0
1376363149;	2;	5199.998586;	105.73330458199999;	2.033333333333333;	8359936.0;	218103.2;	0.0;	6.133333333333334;	0.0;	0.06666666666666667
1376363449;	2;	5199.998586;	83.199977376;	1.6;	8359936.0;	89476.53333333334;	0.0;	0.06666666666666667;	0.0;	0.0
1376363749;	2;	5199.998586;	83.199977376;	1.6;	8359936.0;	95069.86666666667;	0.0;	0.06666666666666667;	0.0;	0.0
1376364049;	2;	5199.998586;	86.66664309999999;	1.6666666666666665;	8359936.0;	55922.933333333334;	0.0;	0.06666666666666667;	0.0;	0.0
1376364349;	2;	5199.998586;	83.199977376;	1.6;	8359936.0;	55923.2;	0.0;	0.06666666666666667;	0.0;	0.0
1376364650;	2;	5199.998586;	83.199977376;	1.6;	8359936.0;	78292.53333333334;	0.0;	0.06666666666666667;	0.0;	0.0
1376364950;	2;	5199.998586;	107.46663744399999;	2.0666666666666664;	8359936.0;	83884.8;	0.0;	5.533333333333333;	0.06666666666666667;	0.0
1376365250;	2;	5199.998586;	83.199977376;	1.6;	8359936.0;	106255.2;	0.0;	0.06666666666666667;	0.0;	0.0
1376365550;	2;	5199.998586;	83.199977376;	1.6;	8359936.0;	128624.53333333334;	0.0;	0.06666666666666667;	0.0;	0.0
1376365850;	2;	5199.998586;	88.39997596199998;	1.7;	8359936.0;	72699.46666666666;	0.0;	0.13333333333333333;	0.0;	0.0
1376366150;	2;	5199.998586;	83.199977376;	1.6;	8359936.0;	67107.2;	0.0;	0.13333333333333333;	0.0;	0.0
1376366450;	2;	5199.998586;	83.199977376;	1.6;	8359936.0;	61514.933333333334;	0.0;	0.13333333333333333;	0.0;	0.0
1376366750;	2;	5199.998586;	95.33330741;	1.8333333333333335;	8359936.0;	44738.13333333333;	0.0;	1.3333333333333333;	0.06666666666666667;	0.0
1376367050;	2;	5199.998586;	86.66664309999999;	1.6666666666666665;	8359936.0;	83884.8;	0.0;	0.13333333333333333;	0.0;	0.0
1376367350;	2;	5199.998586;	83.199977376;	1.6;	8359936.0;	95069.33333333333;	0.0;	0.13333333333333333;	0.0;	0.0
1376367650;	2;	5199.998586;	83.199977376;	1.6;	8359936.0;	55924.0;	0.0;	0.13333333333333333;	0.0;	0.0
1376367950;	2;	5199.998586;	83.199977376;	1.6;	8359936.0;	61516.0;	0.0;	0.13333333333333333;	0.0;	0.0
1376368250;	2;	5199.998586;	83.199977376;	1.6;	8359936.0;	72700.26666666666;	0.0;	0.06666666666666667;	0.0;	0.0
1376368550;	2;	5199.998586;	103.99997171999999;	2.0;	8359936.0;	117438.4;	0.0;	5.666666666666667;	0.06666666666666667;	0.0
1376368850;	2;	5199.998586;	83.199977376;	1.6;	8359936.0;	201324.8;	0.0;	0.06666666666666667;	0.0;	0.0
1376369150;	2;	5199.998586;	83.199977376;	1.6;	8359936.0;	83885.6;	0.0;	0.06666666666666667;	0.0;	0.0
1376369450;	2;	5199.998586;	83.199977376;	1.6;	8359936.0;	33554.4;	0.0;	0.06666666666666667;	0.0;	0.0
1376369750;	2;	5199.998586;	83.199977376;	1.6;	8359936.0;	117439.2;	0.0;	0.06666666666666667;	0.0;	0.0
1376370050;	2;	5199.998586;	83.199977376;	1.6;	8359936.0;	100661.6;	0.0;	0.06666666666666667;	0.0;	0.0
1376370350;	2;	5199.998586;	91.86664168599998;	1.7666666666666666;	8359936.0;	55923.73333333333;	0.0;	1.7333333333333334;	0.0;	0.0
1376370650;	2;	5199.998586;	88.39997596199998;	1.7;	8359936.0;	100661.6;	0.0;	0.06666666666666667;	0.0;	0.0
1376370950;	2;	5199.998586;	84.93331023800002;	1.6333333333333335;	8359936.0;	128624.53333333334;	0.0;	0.06666666666666667;	0.0;	0.0
1376371250;	2;	5199.998586;	83.199977376;	1.6;	8359936.0;	117439.2;	0.0;	0.06666666666666667;	0.0;	0.0
1376371550;	2;	5199.998586;	83.199977376;	1.6;	8359936.0;	67107.2;	0.0;	0.06666666666666667;	0.0;	0.0
1376371850;	2;	5199.998586;	83.199977376;	1.6;	8359936.0;	78291.73333333334;	0.0;	0.06666666666666667;	0.0;	0.0
1376372150;	2;	5199.998586;	103.99997171999999;	2.0;	8359936.0;	134216.8;	0.0;	5.533333333333333;	0.06666666666666667;	0.0
1376372450;	2;	5199.998586;	83.199977376;	1.6;	8359936.0;	150993.6;	0.0;	0.13333333333333333;	0.0;	0.0
1376372750;	2;	5199.998586;	83.199977376;	1.6;	8359936.0;	72700.8;	0.0;	0.13333333333333333;	0.0;	0.0
1376373050;	2;	5199.998586;	83.199977376;	1.6;	8359936.0;	117440.0;	0.0;	0.13333333333333333;	0.0;	0.0
1376373350;	2;	5199.998586;	83.199977376;	1.6;	8359936.0;	50330.4;	0.0;	0.13333333333333333;	0.0;	0.0
1376373651;	2;	5199.998586;	83.199977376;	1.6;	8359936.0;	50331.2;	0.0;	0.13333333333333333;	0.0;	0.0
1376373951;	2;	5199.998586;	90.133308824;	1.7333333333333334;	8359936.0;	111847.2;	0.0;	1.2;	0.0;	0.0
1376374251;	2;	5199.998586;	83.199977376;	1.6;	8359936.0;	44738.933333333334;	0.0;	0.13333333333333333;	0.0;	0.0
1376374551;	2;	5199.998586;	83.199977376;	1.6;	8359936.0;	44739.2;	0.0;	0.13333333333333333;	0.0;	0.0
1376374851;	2;	5199.998586;	83.199977376;	1.6;	8359936.0;	111846.93333333333;	0.0;	0.13333333333333333;	0.0;	0.0
1376375151;	2;	5199.998586;	83.199977376;	1.6;	8359936.0;	150993.06666666668;	0.0;	0.06666666666666667;	0.0;	0.0
1376375451;	2;	5199.998586;	83.199977376;	1.6;	8359936.0;	162179.2;	0.0;	0.13333333333333333;	0.0;	0.0
1376375751;	2;	5199.998586;	102.266638858;	1.9666666666666666;	8359936.0;	100662.4;	0.0;	5.666666666666667;	0.06666666666666667;	0.0
1376376051;	2;	5199.998586;	83.199977376;	1.6;	8359936.0;	128624.0;	0.0;	0.06666666666666667;	0.0;	0.0
1376376351;	2;	5199.998586;	83.199977376;	1.6;	8359936.0;	83884.8;	0.0;	0.06666666666666667;	0.0;	0.0
1376376651;	2;	5199.998586;	83.199977376;	1.6;	8359936.0;	5592.266666666666;	0.0;	0.13333333333333333;	0.0;	0.0
1376376951;	2;	5199.998586;	84.93331023800002;	1.6333333333333335;	8359936.0;	22369.6;	0.0;	0.06666666666666667;	0.0;	0.0
1376377251;	2;	5199.998586;	86.66664309999999;	1.6666666666666665;	8359936.0;	44739.2;	0.0;	0.13333333333333333;	0.0;	0.0
1376377551;	2;	5199.998586;	93.59997454799999;	1.8;	8359936.0;	95070.4;	0.0;	0.9333333333333333;	0.0;	0.0
1376377851;	2;	5199.998586;	84.93331023800002;	1.6333333333333335;	8359936.0;	106254.4;	0.0;	0.13333333333333333;	0.0;	0.0
1376378151;	2;	5199.998586;	91.86664168599998;	1.7666666666666666;	8359936.0;	78293.6;	0.0;	0.06666666666666667;	0.0;	0.0
1376378451;	2;	5199.998586;	84.93331023800002;	1.6333333333333335;	8359936.0;	111846.13333333333;	0.0;	0.13333333333333333;	0.0;	0.0
1376378751;	2;	5199.998586;	88.39997596199998;	1.7;	8359936.0;	83884.8;	0.0;	0.06666666666666667;	0.0;	0.0
1376379051;	2;	5199.998586;	88.39997596199998;	1.7;	8359936.0;	39145.86666666667;	0.0;	0.13333333333333333;	0.0;	0.0
1376379351;	2;	5199.998586;	105.73330458199999;	2.033333333333333;	8359936.0;	83885.6;	0.0;	5.533333333333333;	0.06666666666666667;	0.0
1376379651;	2;	5199.998586;	84.93331023800002;	1.6333333333333335;	8359936.0;	257249.33333333334;	0.0;	0.06666666666666667;	0.0;	0.0
1376379951;	2;	5199.998586;	84.93331023800002;	1.6333333333333335;	8359936.0;	78292.26666666666;	0.0;	0.13333333333333333;	0.0;	0.0
1376380251;	2;	5199.998586;	83.199977376;	1.6;	8359936.0;	44738.13333333333;	0.0;	0.13333333333333333;	0.0;	0.0
1376380551;	2;	5199.998586;	83.199977376;	1.6;	8359936.0;	0.0;	0.0;	0.13333333333333333;	0.0;	0.0
1376380851;	2;	5199.998586;	86.66664309999999;	1.6666666666666665;	8359936.0;	72700.53333333334;	0.0;	0.13333333333333333;	0.0;	0.0
1376381151;	2;	5199.998586;	93.59997454799999;	1.8;	8359936.0;	218101.6;	0.0;	1.6;	0.0;	0.0
1376381451;	2;	5199.998586;	98.799973134;	1.9;	8359936.0;	78292.53333333334;	0.0;	0.13333333333333333;	0.0;	0.0
1376381751;	2;	5199.998586;	88.39997596199998;	1.7;	8359936.0;	106255.2;	0.0;	0.06666666666666667;	0.0;	0.0
1376382051;	2;	5199.998586;	84.93331023800002;	1.6333333333333335;	8359936.0;	72699.46666666666;	0.0;	0.06666666666666667;	0.0;	0.0
1376382351;	2;	5199.998586;	84.93331023800002;	1.6333333333333335;	8359936.0;	67107.2;	0.0;	0.06666666666666667;	0.0;	0.0
1376382651;	2;	5199.998586;	84.93331023800002;	1.6333333333333335;	8359936.0;	61514.933333333334;	0.0;	0.06666666666666667;	0.0;	0.0
1376382951;	2;	5199.998586;	112.66663602999999;	2.1666666666666665;	8359936.0;	33554.4;	0.0;	5.466666666666667;	0.06666666666666667;	0.0
1376383251;	2;	5199.998586;	84.93331023800002;	1.6333333333333335;	8359936.0;	257248.8;	0.0;	0.06666666666666667;	0.0;	0.0
1376383551;	2;	5199.998586;	84.93331023800002;	1.6333333333333335;	8359936.0;	0.0;	0.0;	0.06666666666666667;	0.0;	0.0
1376383851;	2;	5199.998586;	84.93331023800002;	1.6333333333333335;	8359936.0;	61514.933333333334;	0.0;	0.06666666666666667;	0.0;	0.0
1376384151;	2;	5199.998586;	83.199977376;	1.6;	8359936.0;	0.0;	0.0;	0.06666666666666667;	0.0;	0.0
1376384451;	2;	5199.998586;	86.66664309999999;	1.6666666666666665;	8359936.0;	72699.46666666666;	0.0;	0.06666666666666667;	0.0;	0.0
1376384752;	2;	5199.998586;	93.59997454799999;	1.8;	8359936.0;	83884.0;	0.0;	0.9333333333333333;	0.0;	0.0
1376385052;	2;	5199.998586;	88.39997596199998;	1.7;	8359936.0;	67107.2;	0.0;	0.06666666666666667;	0.0;	0.0
1376385352;	2;	5199.998586;	83.199977376;	1.6;	8359936.0;	0.0;	0.0;	0.06666666666666667;	0.0;	0.0
1376385652;	2;	5199.998586;	88.39997596199998;	1.7;	8359936.0;	44738.13333333333;	0.0;	0.06666666666666667;	0.0;	0.0
1376385952;	2;	5199.998586;	83.199977376;	1.6;	8359936.0;	16776.8;	0.0;	0.06666666666666667;	0.0;	0.0
1376386252;	2;	5199.998586;	83.199977376;	1.6;	8359936.0;	27961.333333333332;	0.0;	0.06666666666666667;	0.0;	0.0
1376386552;	2;	5199.998586;	109.199970306;	2.1;	8359936.0;	150994.4;	0.0;	5.533333333333333;	0.06666666666666667;	0.0
1376386852;	2;	5199.998586;	91.86664168599998;	1.7666666666666666;	8359936.0;	150992.8;	0.0;	0.13333333333333333;	0.0;	0.0
1376387152;	2;	5199.998586;	84.93331023800002;	1.6333333333333335;	8359936.0;	111847.2;	0.0;	0.13333333333333333;	0.0;	0.0
1376387452;	2;	5199.998586;	88.39997596199998;	1.7;	8359936.0;	89477.06666666667;	0.0;	0.13333333333333333;	0.0;	0.0
1376387752;	2;	5199.998586;	86.66664309999999;	1.6666666666666665;	8359936.0;	55922.666666666664;	0.0;	0.13333333333333333;	0.0;	0.0
1376388052;	2;	5199.998586;	86.66664309999999;	1.6666666666666665;	8359936.0;	67107.2;	0.0;	0.13333333333333333;	0.0;	0.0
1376388352;	2;	5199.998586;	93.59997454799999;	1.8;	8359936.0;	117439.2;	0.0;	1.0;	0.0;	0.0
1376388652;	2;	5199.998586;	84.93331023800002;	1.6333333333333335;	8359936.0;	50331.2;	0.0;	0.13333333333333333;	0.0;	0.0
1376388952;	2;	5199.998586;	84.93331023800002;	1.6333333333333335;	8359936.0;	50331.2;	0.0;	0.06666666666666667;	0.0;	0.0
1376389252;	2;	5199.998586;	86.66664309999999;	1.6666666666666665;	8359936.0;	67107.2;	0.0;	0.06666666666666667;	0.0;	0.0
1376389552;	2;	5199.998586;	93.59997454799999;	1.8;	8359936.0;	39145.86666666667;	0.0;	0.06666666666666667;	0.0;	0.0
1376389852;	2;	5199.998586;	93.59997454799999;	1.8;	8359936.0;	67107.2;	0.0;	0.06666666666666667;	0.0;	0.0
1376390152;	2;	5199.998586;	114.399968892;	2.2;	8359936.0;	134216.8;	0.0;	5.466666666666667;	0.06666666666666667;	0.0
1376390452;	2;	5199.998586;	84.93331023800002;	1.6333333333333335;	8359936.0;	234879.2;	0.0;	0.06666666666666667;	0.0;	0.0
1376390752;	2;	5199.998586;	83.199977376;	1.6;	8359936.0;	117440.0;	0.0;	0.06666666666666667;	0.0;	0.0
1376391052;	2;	5199.998586;	88.39997596199998;	1.7;	8359936.0;	89477.33333333333;	0.0;	0.06666666666666667;	0.0;	0.0
1376391352;	2;	5199.998586;	84.93331023800002;	1.6333333333333335;	8359936.0;	100661.6;	0.0;	0.06666666666666667;	0.0;	0.0
1376391652;	2;	5199.998586;	88.39997596199998;	1.7;	8359936.0;	100661.6;	0.0;	0.06666666666666667;	0.0;	0.0
1376391952;	2;	5199.998586;	95.33330741;	1.8333333333333335;	8359936.0;	117439.2;	0.0;	1.3333333333333333;	0.0;	0.0
1376392252;	2;	5199.998586;	97.06664027199999;	1.8666666666666665;	8359936.0;	150993.6;	0.0;	0.06666666666666667;	0.0;	0.0
1376392552;	2;	5199.998586;	86.66664309999999;	1.6666666666666665;	8359936.0;	39145.86666666667;	0.0;	0.06666666666666667;	0.0;	0.0
1376392853;	2;	5199.998586;	86.66664309999999;	1.6666666666666665;	8359936.0;	95070.13333333333;	0.0;	0.06666666666666667;	0.0;	0.0
1376393153;	2;	5199.998586;	83.199977376;	1.6;	8359936.0;	67108.0;	0.0;	0.06666666666666667;	0.0;	0.0
1376393453;	2;	5199.998586;	86.66664309999999;	1.6666666666666665;	8359936.0;	5592.266666666666;	0.0;	0.06666666666666667;	0.0;	0.0
1376393753;	2;	5199.998586;	109.199970306;	2.1;	8359936.0;	139808.53333333333;	0.0;	5.666666666666667;	0.06666666666666667;	0.0
1376394053;	2;	5199.998586;	84.93331023800002;	1.6333333333333335;	8359936.0;	128625.06666666667;	0.0;	0.06666666666666667;	0.0;	0.0
1376394353;	2;	5199.998586;	84.93331023800002;	1.6333333333333335;	8359936.0;	44738.13333333333;	0.0;	0.06666666666666667;	0.0;	0.0
1376394653;	2;	5199.998586;	83.199977376;	1.6;	8359936.0;	55923.2;	0.0;	0.06666666666666667;	0.0;	0.0
1376394953;	2;	5199.998586;	83.199977376;	1.6;	8359936.0;	123031.73333333334;	0.0;	0.06666666666666667;	0.0;	0.0
1376395253;	2;	5199.998586;	88.39997596199998;	1.7;	8359936.0;	22369.066666666666;	0.0;	0.06666666666666667;	0.0;	0.0
1376395552;	2;	5199.998586;	97.06664027199999;	1.8666666666666665;	8359936.0;	128623.73333333334;	0.0;	1.1333333333333333;	0.0;	0.0
1376395852;	2;	5199.998586;	90.133308824;	1.7333333333333334;	8359936.0;	89477.06666666667;	0.0;	0.06666666666666667;	0.0;	0.0
1376396152;	2;	5199.998586;	84.93331023800002;	1.6333333333333335;	8359936.0;	33553.6;	0.0;	0.06666666666666667;	0.0;	0.0
1376396452;	2;	5199.998586;	88.39997596199998;	1.7;	8359936.0;	72700.26666666666;	0.0;	0.06666666666666667;	0.0;	0.0
1376396752;	2;	5199.998586;	90.133308824;	1.7333333333333334;	8359936.0;	95069.6;	0.0;	0.06666666666666667;	0.0;	0.0
1376397052;	2;	5199.998586;	93.59997454799999;	1.8;	8359936.0;	134216.26666666666;	0.0;	0.13333333333333333;	0.0;	0.0
1376397352;	2;	5199.998586;	103.99997171999999;	2.0;	8359936.0;	117438.93333333333;	0.0;	5.466666666666667;	0.06666666666666667;	0.0
1376397652;	2;	5199.998586;	105.73330458199999;	2.033333333333333;	8359936.0;	262841.86666666664;	0.0;	8.8;	3.933333333333333;	0.0
1376397952;	2;	5199.998586;	110.93330316799998;	2.1333333333333333;	8359936.0;	206917.33333333334;	0.0;	10.066666666666666;	4.4;	0.0
1376398252;	2;	5199.998586;	109.199970306;	2.1;	8359936.0;	83884.8;	0.0;	10.2;	4.533333333333333;	0.0
1376398552;	2;	5199.998586;	109.199970306;	2.1;	8359936.0;	83884.0;	0.0;	10.266666666666667;	4.533333333333333;	0.0
1376398853;	2;	5199.998586;	109.199970306;	2.1;	8359936.0;	123031.46666666666;	0.0;	10.333333333333334;	4.466666666666667;	0.0
1376399153;	2;	5199.998586;	117.866634616;	2.2666666666666666;	8359936.0;	106254.4;	0.0;	11.066666666666666;	4.6;	0.0
1376399453;	2;	5199.998586;	105.73330458199999;	2.033333333333333;	8359936.0;	72699.73333333334;	0.0;	10.266666666666667;	4.466666666666667;	0.0
1376399753;	2;	5199.998586;	107.46663744399999;	2.0666666666666664;	8359936.0;	178956.26666666666;	0.0;	10.2;	4.4;	0.0
1376400053;	2;	5199.998586;	109.199970306;	2.1;	8359936.0;	123030.93333333333;	0.0;	10.2;	4.333333333333333;	0.0
1376400353;	2;	5199.998586;	109.199970306;	2.1;	8359936.0;	44738.666666666664;	0.0;	10.2;	4.4;	0.0
1376400653;	2;	5199.998586;	109.199970306;	2.1;	8359936.0;	83884.8;	0.0;	10.2;	4.4;	0.0
1376400953;	2;	5199.998586;	124.79996606399999;	2.4;	8359936.0;	134216.53333333333;	0.0;	15.666666666666666;	4.533333333333333;	0.0
1376401253;	2;	5199.998586;	109.199970306;	2.1;	8359936.0;	234879.46666666667;	0.0;	10.2;	4.466666666666667;	0.0
1376401553;	2;	5199.998586;	109.199970306;	2.1;	8359936.0;	139808.8;	0.0;	10.133333333333333;	4.4;	0.0
1376401853;	2;	5199.998586;	109.199970306;	2.1;	8359936.0;	67107.2;	0.0;	10.133333333333333;	4.533333333333333;	0.0
1376402153;	2;	5199.998586;	109.199970306;	2.1;	8359936.0;	44738.13333333333;	0.0;	10.2;	4.6;	0.0
1376402453;	2;	5199.998586;	109.199970306;	2.1;	8359936.0;	150993.6;	0.0;	10.266666666666667;	4.533333333333333;	0.0
1376402753;	2;	5199.998586;	114.399968892;	2.2;	8359936.0;	268434.4;	0.0;	11.866666666666667;	4.6;	0.0
1376403053;	2;	5199.998586;	107.46663744399999;	2.0666666666666664;	8359936.0;	117439.2;	0.0;	10.333333333333334;	4.533333333333333;	0.0
1376403353;	2;	5199.998586;	107.46663744399999;	2.0666666666666664;	8359936.0;	134216.8;	0.0;	10.333333333333334;	4.466666666666667;	0.0
1376403653;	2;	5199.998586;	107.46663744399999;	2.0666666666666664;	8359936.0;	50331.2;	0.0;	10.533333333333333;	4.6;	0.0
1376403953;	2;	5199.998586;	110.93330316799998;	2.1333333333333333;	8359936.0;	156586.13333333333;	0.0;	10.266666666666667;	4.466666666666667;	0.0
1376404253;	2;	5199.998586;	109.199970306;	2.1;	8359936.0;	100661.6;	0.0;	10.333333333333334;	4.466666666666667;	0.0
1376404553;	2;	5199.998586;	129.99996465;	2.5;	8359936.0;	67108.0;	0.0;	15.733333333333333;	4.6;	0.0
1376404853;	2;	5199.998586;	109.199970306;	2.1;	8359936.0;	100663.2;	0.0;	10.266666666666667;	4.466666666666667;	0.0
1376405153;	2;	5199.998586;	109.199970306;	2.1;	8359936.0;	72699.46666666666;	0.0;	10.333333333333334;	4.4;	0.0
1376405453;	2;	5199.998586;	107.46663744399999;	2.0666666666666664;	8359936.0;	111846.13333333333;	0.0;	10.2;	4.4;	0.0
1376405753;	2;	5199.998586;	107.46663744399999;	2.0666666666666664;	8359936.0;	150993.6;	0.0;	10.133333333333333;	4.333333333333333;	0.0
1376406053;	2;	5199.998586;	109.199970306;	2.1;	8359936.0;	100662.4;	0.0;	10.333333333333334;	4.333333333333333;	0.0
1376406353;	2;	5199.998586;	112.66663602999999;	2.1666666666666665;	8359936.0;	134216.0;	0.0;	11.133333333333333;	4.4;	0.0
1376406653;	2;	5199.998586;	109.199970306;	2.1;	8359936.0;	67108.0;	0.0;	10.266666666666667;	4.466666666666667;	0.0
1376406954;	2;	5199.998586;	109.199970306;	2.1;	8359936.0;	83884.0;	0.0;	10.133333333333333;	4.4;	0.0
1376407254;	2;	5199.998586;	109.199970306;	2.1;	8359936.0;	78292.53333333334;	0.0;	10.133333333333333;	4.4;	0.0
1376407554;	2;	5199.998586;	109.199970306;	2.1;	8359936.0;	128624.0;	0.0;	10.133333333333333;	4.466666666666667;	0.0
1376407854;	2;	5199.998586;	109.199970306;	2.1;	8359936.0;	111846.4;	0.0;	10.133333333333333;	4.466666666666667;	0.0
1376408154;	2;	5199.998586;	124.79996606399999;	2.4;	8359936.0;	128623.2;	0.0;	15.6;	4.533333333333333;	0.0
1376408454;	2;	5199.998586;	109.199970306;	2.1;	8359936.0;	190140.8;	0.0;	10.266666666666667;	4.466666666666667;	0.0
1376408754;	2;	5199.998586;	103.99997171999999;	2.0;	8359936.0;	5592.266666666666;	0.0;	10.2;	4.466666666666667;	0.0
1376409054;	2;	5199.998586;	109.199970306;	2.1;	8359936.0;	106254.4;	0.0;	10.266666666666667;	4.6;	0.0
1376409354;	2;	5199.998586;	109.199970306;	2.1;	8359936.0;	156585.33333333334;	0.0;	10.066666666666666;	4.466666666666667;	0.0
1376409654;	2;	5199.998586;	109.199970306;	2.1;	8359936.0;	167770.93333333332;	0.0;	10.266666666666667;	4.466666666666667;	0.0
1376409954;	2;	5199.998586;	112.66663602999999;	2.1666666666666665;	8359936.0;	212510.13333333333;	0.0;	11.133333333333333;	4.533333333333333;	0.0
1376410254;	2;	5199.998586;	107.46663744399999;	2.0666666666666664;	8359936.0;	128624.0;	0.0;	10.133333333333333;	4.4;	0.0
1376410554;	2;	5199.998586;	107.46663744399999;	2.0666666666666664;	8359936.0;	184548.0;	0.0;	10.2;	4.466666666666667;	0.0
1376410854;	2;	5199.998586;	107.46663744399999;	2.0666666666666664;	8359936.0;	83884.0;	0.0;	10.133333333333333;	4.333333333333333;	0.0
1376411154;	2;	5199.998586;	109.199970306;	2.1;	8359936.0;	134216.8;	0.0;	10.066666666666666;	4.333333333333333;	0.0
1376411454;	2;	5199.998586;	109.199970306;	2.1;	8359936.0;	72699.46666666666;	0.0;	10.2;	4.4;	0.0
1376411754;	2;	5199.998586;	124.79996606399999;	2.4;	8359936.0;	190140.53333333333;	0.0;	15.866666666666667;	4.466666666666667;	0.0
1376412054;	2;	5199.998586;	109.199970306;	2.1;	8359936.0;	324358.4;	0.0;	10.266666666666667;	4.4;	0.0
1376412354;	2;	5199.998586;	109.199970306;	2.1;	8359936.0;	134216.53333333333;	0.0;	10.133333333333333;	4.333333333333333;	0.0
1376412654;	2;	5199.998586;	109.199970306;	2.1;	8359936.0;	145401.86666666667;	0.0;	10.2;	4.4;	0.0
1376412954;	2;	5199.998586;	109.199970306;	2.1;	8359936.0;	128624.26666666666;	0.0;	10.133333333333333;	4.533333333333333;	0.0
1376413255;	2;	5199.998586;	107.46663744399999;	2.0666666666666664;	8359936.0;	106254.66666666667;	0.0;	10.2;	4.466666666666667;	0.0
1376413555;	2;	5199.998586;	109.199970306;	2.1;	8359936.0;	240472.26666666666;	0.0;	11.666666666666666;	4.666666666666667;	0.0
1376413855;	2;	5199.998586;	107.46663744399999;	2.0666666666666664;	8359936.0;	218101.86666666667;	0.0;	10.266666666666667;	4.4;	0.0
1376414155;	2;	5199.998586;	103.99997171999999;	2.0;	8359936.0;	156585.6;	0.0;	10.133333333333333;	4.333333333333333;	0.0
1376414455;	2;	5199.998586;	105.73330458199999;	2.033333333333333;	8359936.0;	184548.53333333333;	0.0;	10.266666666666667;	4.333333333333333;	0.0
1376414755;	2;	5199.998586;	109.199970306;	2.1;	8359936.0;	106253.86666666667;	0.0;	10.133333333333333;	4.533333333333333;	0.0
1376415055;	2;	5199.998586;	107.46663744399999;	2.0666666666666664;	8359936.0;	100661.6;	0.0;	10.333333333333334;	4.466666666666667;	0.0
1376415355;	2;	5199.998586;	126.533298926;	2.4333333333333336;	8359936.0;	134216.0;	0.0;	15.8;	4.533333333333333;	0.0
1376415655;	2;	5199.998586;	105.73330458199999;	2.033333333333333;	8359936.0;	397058.6666666667;	0.0;	10.333333333333334;	4.4;	0.0
1376415955;	2;	5199.998586;	109.199970306;	2.1;	8359936.0;	123031.2;	0.0;	10.133333333333333;	4.533333333333333;	0.0
1376416255;	2;	5199.998586;	107.46663744399999;	2.0666666666666664;	8359936.0;	128624.26666666666;	0.0;	10.266666666666667;	4.4;	0.0
1376416555;	2;	5199.998586;	109.199970306;	2.1;	8359936.0;	95069.86666666667;	0.0;	10.2;	4.4;	0.0
1376416855;	2;	5199.998586;	109.199970306;	2.1;	8359936.0;	117439.2;	0.0;	10.266666666666667;	4.466666666666667;	0.0
1376417155;	2;	5199.998586;	112.66663602999999;	2.1666666666666665;	8359936.0;	139808.26666666666;	0.0;	10.933333333333334;	4.533333333333333;	0.0
1376417455;	2;	5199.998586;	109.199970306;	2.1;	8359936.0;	162177.86666666667;	0.0;	10.266666666666667;	4.4;	0.0
1376417755;	2;	5199.998586;	109.199970306;	2.1;	8359936.0;	67107.2;	0.0;	10.2;	4.4;	0.0
1376418055;	2;	5199.998586;	109.199970306;	2.1;	8359936.0;	61514.933333333334;	0.0;	10.4;	4.4;	0.0
1376418355;	2;	5199.998586;	109.199970306;	2.1;	8359936.0;	111846.66666666667;	0.0;	10.333333333333334;	4.4;	0.0
1376418655;	2;	5199.998586;	105.73330458199999;	2.033333333333333;	8359936.0;	150994.4;	0.0;	10.266666666666667;	4.4;	0.0
1376418955;	2;	5199.998586;	126.533298926;	2.4333333333333336;	8359936.0;	95069.86666666667;	0.0;	15.733333333333333;	4.466666666666667;	0.0
1376419255;	2;	5199.998586;	109.199970306;	2.1;	8359936.0;	195732.53333333333;	0.0;	10.2;	4.4;	0.0
1376419555;	2;	5199.998586;	109.199970306;	2.1;	8359936.0;	67108.0;	0.0;	10.266666666666667;	4.466666666666667;	0.0
1376419855;	2;	5199.998586;	109.199970306;	2.1;	8359936.0;	33553.6;	0.0;	10.4;	4.533333333333333;	0.0
1376420155;	2;	5199.998586;	109.199970306;	2.1;	8359936.0;	83885.6;	0.0;	10.133333333333333;	4.4;	0.0
1376420455;	2;	5199.998586;	109.199970306;	2.1;	8359936.0;	95070.13333333333;	0.0;	10.2;	4.466666666666667;	0.0
1376420755;	2;	5199.998586;	105.73330458199999;	2.033333333333333;	8359936.0;	234880.0;	0.0;	11.133333333333333;	4.6;	0.0
1376421055;	2;	5199.998586;	105.73330458199999;	2.033333333333333;	8359936.0;	83884.0;	0.0;	10.266666666666667;	4.466666666666667;	0.0
1376421355;	2;	5199.998586;	107.46663744399999;	2.0666666666666664;	8359936.0;	167770.4;	0.0;	10.266666666666667;	4.466666666666667;	0.0
1376421655;	2;	5199.998586;	109.199970306;	2.1;	8359936.0;	111846.66666666667;	0.0;	10.133333333333333;	4.466666666666667;	0.0
1376421955;	2;	5199.998586;	109.199970306;	2.1;	8359936.0;	229286.93333333332;	0.0;	10.133333333333333;	4.466666666666667;	0.0
1376422255;	2;	5199.998586;	109.199970306;	2.1;	8359936.0;	156586.13333333333;	0.0;	10.2;	4.533333333333333;	0.0
1376422555;	2;	5199.998586;	124.79996606399999;	2.4;	8359936.0;	83884.8;	0.0;	15.733333333333333;	4.533333333333333;	0.0
1376422856;	2;	5199.998586;	84.93331023800002;	1.6333333333333335;	8359936.0;	201325.6;	0.0;	2.1333333333333333;	0.9333333333333333;	0.0
1376423156;	2;	5199.998586;	83.199977376;	1.6;	8359936.0;	83884.8;	0.0;	0.06666666666666667;	0.0;	0.0
1376423456;	2;	5199.998586;	77.99997879;	1.5;	8359936.0;	50330.4;	0.0;	0.06666666666666667;	0.0;	0.0
1376423756;	2;	5199.998586;	83.199977376;	1.6;	8359936.0;	0.0;	0.0;	0.06666666666666667;	0.0;	0.0
1376424056;	2;	5199.998586;	77.99997879;	1.5;	8359936.0;	0.0;	0.0;	0.06666666666666667;	0.0;	0.0
1376424356;	2;	5199.998586;	90.133308824;	1.7333333333333334;	8359936.0;	167770.4;	0.0;	1.4666666666666666;	0.0;	0.0
1376424656;	2;	5199.998586;	77.99997879;	1.5;	8359936.0;	50330.4;	0.0;	0.06666666666666667;	0.0;	0.0
1376424956;	2;	5199.998586;	83.199977376;	1.6;	8359936.0;	83885.33333333333;	0.0;	0.06666666666666667;	0.0;	0.0
1376425256;	2;	5199.998586;	77.99997879;	1.5;	8359936.0;	100662.66666666667;	0.0;	0.06666666666666667;	0.0;	0.0
1376425556;	2;	5199.998586;	83.199977376;	1.6;	8359936.0;	39145.86666666667;	0.0;	0.06666666666666667;	0.0;	0.0
1376425856;	2;	5199.998586;	77.99997879;	1.5;	8359936.0;	22369.066666666666;	0.0;	0.06666666666666667;	0.0;	0.0
1376426156;	2;	5199.998586;	107.46663744399999;	2.0666666666666664;	8359936.0;	39146.4;	0.0;	5.466666666666667;	0.06666666666666667;	0.0
1376426456;	2;	5199.998586;	77.99997879;	1.5;	8359936.0;	95070.4;	0.0;	0.06666666666666667;	0.0;	0.0
1376426756;	2;	5199.998586;	83.199977376;	1.6;	8359936.0;	128623.46666666666;	0.0;	0.06666666666666667;	0.0;	0.0
1376427056;	2;	5199.998586;	77.99997879;	1.5;	8359936.0;	44739.2;	0.0;	0.06666666666666667;	0.0;	0.0
1376427356;	2;	5199.998586;	83.199977376;	1.6;	8359936.0;	27961.333333333332;	0.0;	0.06666666666666667;	0.0;	0.0
1376427656;	2;	5199.998586;	77.99997879;	1.5;	8359936.0;	72699.46666666666;	0.0;	0.06666666666666667;	0.0;	0.0
1376427956;	2;	5199.998586;	93.59997454799999;	1.8;	8359936.0;	134216.8;	0.0;	0.9333333333333333;	0.13333333333333333;	0.0
1376428256;	2;	5199.998586;	77.99997879;	1.5;	8359936.0;	50330.4;	0.0;	0.06666666666666667;	0.0;	0.0
1376428556;	2;	5199.998586;	83.199977376;	1.6;	8359936.0;	16776.8;	0.0;	0.06666666666666667;	0.0;	0.0
1376428856;	2;	5199.998586;	77.99997879;	1.5;	8359936.0;	5592.266666666666;	0.0;	0.06666666666666667;	0.0;	0.0
1376429156;	2;	5199.998586;	83.199977376;	1.6;	8359936.0;	50330.4;	0.0;	0.06666666666666667;	0.0;	0.0
1376429456;	2;	5199.998586;	77.99997879;	1.5;	8359936.0;	33553.6;	0.0;	0.06666666666666667;	0.0;	0.0
1376429756;	2;	5199.998586;	107.46663744399999;	2.0666666666666664;	8359936.0;	67108.26666666666;	0.0;	5.8;	0.06666666666666667;	0.0
1376430056;	2;	5199.998586;	77.99997879;	1.5;	8359936.0;	106254.4;	0.0;	0.06666666666666667;	0.0;	0.0
1376430356;	2;	5199.998586;	83.199977376;	1.6;	8359936.0;	22369.066666666666;	0.0;	0.06666666666666667;	0.0;	0.0
1376430656;	2;	5199.998586;	77.99997879;	1.5;	8359936.0;	27961.333333333332;	0.0;	0.06666666666666667;	0.0;	0.0
1376430956;	2;	5199.998586;	83.199977376;	1.6;	8359936.0;	117439.46666666666;	0.0;	1.0;	0.0;	0.0
1376431256;	2;	5199.998586;	77.99997879;	1.5;	8359936.0;	39146.4;	0.0;	0.06666666666666667;	0.0;	0.0
1376431556;	2;	5199.998586;	90.133308824;	1.7333333333333334;	8359936.0;	22369.066666666666;	0.0;	1.1333333333333333;	0.06666666666666667;	0.0
1376431856;	2;	5199.998586;	77.99997879;	1.5;	8359936.0;	11184.533333333333;	0.0;	0.06666666666666667;	0.0;	0.0
1376432156;	2;	5199.998586;	83.199977376;	1.6;	8359936.0;	44738.13333333333;	0.0;	0.06666666666666667;	0.0;	0.0
1376432456;	2;	5199.998586;	83.199977376;	1.6;	8359936.0;	61514.933333333334;	0.0;	0.06666666666666667;	0.0;	0.0
1376432756;	2;	5199.998586;	83.199977376;	1.6;	8359936.0;	78293.6;	0.0;	0.06666666666666667;	0.0;	0.0
1376433056;	2;	5199.998586;	83.199977376;	1.6;	8359936.0;	134216.8;	0.0;	0.2;	0.0;	0.0
1376433356;	2;	5199.998586;	116.133301754;	2.2333333333333334;	8359936.0;	134216.53333333333;	0.0;	11.2;	0.3333333333333333;	0.7333333333333333
1376433656;	2;	5199.998586;	133.466630374;	2.566666666666667;	8359936.0;	329950.13333333336;	0.0;	27.066666666666666;	0.3333333333333333;	1.1333333333333333
1376433956;	2;	5199.998586;	83.199977376;	1.6;	8359936.0;	156586.4;	0.0;	0.26666666666666666;	0.0;	0.0
1376434256;	2;	5199.998586;	83.199977376;	1.6;	8359936.0;	89477.06666666667;	0.0;	0.13333333333333333;	0.0;	0.0
1376434556;	2;	5199.998586;	83.199977376;	1.6;	8359936.0;	95070.13333333333;	0.0;	0.13333333333333333;	0.0;	0.0
1376434856;	2;	5199.998586;	83.199977376;	1.6;	8359936.0;	72700.26666666666;	0.0;	0.13333333333333333;	0.0;	0.0
1376435156;	2;	5199.998586;	90.133308824;	1.7333333333333334;	8359936.0;	89477.33333333333;	0.0;	1.8;	0.06666666666666667;	0.0
1376435456;	2;	5199.998586;	83.199977376;	1.6;	8359936.0;	95069.06666666667;	0.0;	0.06666666666666667;	0.0;	0.0
1376435756;	2;	5199.998586;	83.199977376;	1.6;	8359936.0;	67107.2;	0.0;	0.06666666666666667;	0.0;	0.0
1376436056;	2;	5199.998586;	83.199977376;	1.6;	8359936.0;	83884.26666666666;	0.0;	0.06666666666666667;	0.0;	0.0
1376436356;	2;	5199.998586;	83.199977376;	1.6;	8359936.0;	78292.26666666666;	0.0;	0.07142857142857142;	0.0;	0.0
1376436656;	2;	5199.998586;	83.199977376;	1.6;	8359936.0;	50330.4;	0.0;	0.06666666666666667;	0.0;	0.0
1376436956;	2;	5199.998586;	114.399968892;	2.2;	8359936.0;	100661.6;	0.0;	5.928571428571429;	0.06666666666666667;	0.0
1376437256;	2;	5199.998586;	83.199977376;	1.6;	8359936.0;	150993.6;	0.0;	0.06666666666666667;	0.0;	0.0
1376437556;	2;	5199.998586;	83.199977376;	1.6;	8359936.0;	55924.0;	0.0;	0.06666666666666667;	0.0;	0.0
1376437856;	2;	5199.998586;	83.199977376;	1.6;	8359936.0;	67108.0;	0.0;	0.06666666666666667;	0.0;	0.0
1376438156;	2;	5199.998586;	83.199977376;	1.6;	8359936.0;	67107.2;	0.0;	0.06666666666666667;	0.0;	0.0
1376438456;	2;	5199.998586;	83.199977376;	1.6;	8359936.0;	67107.2;	0.0;	0.06666666666666667;	0.0;	0.0
1376438756;	2;	5199.998586;	88.39997596199998;	1.7;	8359936.0;	145401.86666666667;	0.0;	1.2666666666666666;	0.06666666666666667;	0.0
1376439056;	2;	5199.998586;	103.99997171999999;	2.0;	8359936.0;	167772.0;	0.0;	8.133333333333333;	0.2;	0.6666666666666666
1376439356;	2;	5199.998586;	83.199977376;	1.6;	8359936.0;	83885.6;	0.0;	0.06666666666666667;	0.0;	0.0
1376439656;	2;	5199.998586;	91.86664168599998;	1.7666666666666666;	8359936.0;	16776.8;	0.0;	0.13333333333333333;	0.0;	0.0
1376439956;	2;	5199.998586;	83.199977376;	1.6;	8359936.0;	106254.66666666667;	0.0;	0.13333333333333333;	0.0;	0.0
1376440256;	2;	5199.998586;	83.199977376;	1.6;	8359936.0;	83884.8;	0.0;	0.2;	0.0;	0.0
1376440557;	2;	5199.998586;	102.266638858;	1.9666666666666666;	8359936.0;	39146.4;	0.0;	5.533333333333333;	0.06666666666666667;	0.0
1376440857;	2;	5199.998586;	83.199977376;	1.6;	8359936.0;	145402.13333333333;	0.0;	0.13333333333333333;	0.0;	0.0
1376441157;	2;	5199.998586;	83.199977376;	1.6;	8359936.0;	128623.46666666666;	0.0;	0.13333333333333333;	0.0;	0.0
1376441457;	2;	5199.998586;	83.199977376;	1.6;	8359936.0;	111846.4;	0.0;	0.13333333333333333;	0.0;	0.0
1376441757;	2;	5199.998586;	83.199977376;	1.6;	8359936.0;	5592.266666666666;	0.0;	0.13333333333333333;	0.0;	0.0
1376442057;	2;	5199.998586;	83.199977376;	1.6;	8359936.0;	72700.0;	0.0;	0.13333333333333333;	0.0;	0.0
1376442357;	2;	5199.998586;	88.39997596199998;	1.7;	8359936.0;	44738.4;	0.0;	0.9333333333333333;	0.06666666666666667;	0.0
1376442657;	2;	5199.998586;	83.199977376;	1.6;	8359936.0;	55922.666666666664;	0.0;	0.13333333333333333;	0.0;	0.0
1376442957;	2;	5199.998586;	83.199977376;	1.6;	8359936.0;	78291.73333333334;	0.0;	0.06666666666666667;	0.0;	0.0
1376443257;	2;	5199.998586;	81.466644514;	1.5666666666666667;	8359936.0;	72700.26666666666;	0.0;	0.13333333333333333;	0.0;	0.0
1376443557;	2;	5199.998586;	79.733311652;	1.5333333333333334;	8359936.0;	16776.8;	0.0;	0.06666666666666667;	0.0;	0.0
1376443857;	2;	5199.998586;	83.199977376;	1.6;	8359936.0;	50331.2;	0.0;	0.06666666666666667;	0.0;	0.0
1376444157;	2;	5199.998586;	98.799973134;	1.9;	8359936.0;	173362.66666666666;	0.0;	5.6;	0.06666666666666667;	0.0
1376444457;	2;	5199.998586;	81.466644514;	1.5666666666666667;	8359936.0;	184548.26666666666;	0.0;	0.13333333333333333;	0.0;	0.0
1376444757;	2;	5199.998586;	83.199977376;	1.6;	8359936.0;	83884.8;	0.0;	0.06666666666666667;	0.0;	0.0
1376445057;	2;	5199.998586;	83.199977376;	1.6;	8359936.0;	61514.933333333334;	0.0;	0.13333333333333333;	0.0;	0.0
1376445357;	2;	5199.998586;	77.99997879;	1.5;	8359936.0;	83884.8;	0.0;	0.06666666666666667;	0.0;	0.0
1376445657;	2;	5199.998586;	199.33327912999997;	3.833333333333333;	8359936.0;	67107.2;	0.0;	1.8666666666666667;	1.4666666666666666;	0.8
1376445957;	2;	5199.998586;	107.46663744399999;	2.0666666666666664;	8359936.0;	173362.66666666666;	0.0;	3.1333333333333333;	0.0;	0.0
1376446257;	2;	5199.998586;	77.99997879;	1.5;	8359936.0;	156586.4;	0.0;	0.06666666666666667;	0.0;	0.0
1376446557;	2;	5199.998586;	79.733311652;	1.5333333333333334;	8359936.0;	83885.33333333333;	0.0;	0.13333333333333333;	0.0;	0.0
1376446857;	2;	5199.998586;	110.93330316799998;	2.1333333333333333;	8359936.0;	346727.4666666667;	0.0;	14.2;	6.866666666666666;	0.13333333333333333
1376447157;	2;	5199.998586;	79.733311652;	1.5333333333333334;	8359936.0;	139808.8;	0.0;	0.2;	0.0;	0.0
1376447457;	2;	5199.998586;	79.733311652;	1.5333333333333334;	8359936.0;	78291.73333333334;	0.0;	0.13333333333333333;	0.0;	0.0
1376447757;	2;	5199.998586;	98.799973134;	1.9;	8359936.0;	128624.0;	0.0;	5.733333333333333;	0.06666666666666667;	0.0
1376448057;	2;	5199.998586;	77.99997879;	1.5;	8359936.0;	156586.4;	0.0;	0.13333333333333333;	0.0;	0.0
1376448357;	2;	5199.998586;	81.466644514;	1.5666666666666667;	8359936.0;	33553.6;	0.0;	0.13333333333333333;	0.0;	0.0
1376448657;	2;	5199.998586;	79.733311652;	1.5333333333333334;	8359936.0;	0.0;	0.0;	0.13333333333333333;	0.0;	0.0
1376448957;	2;	5199.998586;	81.466644514;	1.5666666666666667;	8359936.0;	50330.4;	0.0;	0.06666666666666667;	0.0;	0.0
1376449257;	2;	5199.998586;	79.733311652;	1.5333333333333334;	8359936.0;	83884.8;	0.0;	0.06666666666666667;	0.0;	0.0
1376449558;	2;	5199.998586;	83.199977376;	1.6;	8359936.0;	190140.0;	0.0;	1.2;	0.0;	0.0
1376449858;	2;	5199.998586;	79.733311652;	1.5333333333333334;	8359936.0;	139808.8;	0.0;	0.06666666666666667;	0.0;	0.0
1376450158;	2;	5199.998586;	79.733311652;	1.5333333333333334;	8359936.0;	150993.33333333334;	0.0;	0.06666666666666667;	0.0;	0.0
1376450458;	2;	5199.998586;	83.199977376;	1.6;	8359936.0;	257249.6;	0.0;	0.06666666666666667;	0.0;	0.0
1376450758;	2;	5199.998586;	81.466644514;	1.5666666666666667;	8359936.0;	11184.533333333333;	0.0;	0.13333333333333333;	0.0;	0.0
1376451058;	2;	5199.998586;	77.99997879;	1.5;	8359936.0;	33553.6;	0.0;	0.13333333333333333;	0.0;	0.0
1376451358;	2;	5199.998586;	95.33330741;	1.8333333333333335;	8359936.0;	117439.73333333334;	0.0;	5.533333333333333;	0.06666666666666667;	0.0
1376451658;	2;	5199.998586;	79.733311652;	1.5333333333333334;	8359936.0;	212510.4;	0.0;	0.06666666666666667;	0.0;	0.0
1376451958;	2;	5199.998586;	79.733311652;	1.5333333333333334;	8359936.0;	67107.2;	0.0;	0.06666666666666667;	0.0;	0.0
1376452258;	2;	5199.998586;	83.199977376;	1.6;	8359936.0;	128624.0;	0.0;	0.06666666666666667;	0.0;	0.0
1376452558;	2;	5199.998586;	81.466644514;	1.5666666666666667;	8359936.0;	100662.4;	0.0;	0.06666666666666667;	0.0;	0.0
1376452858;	2;	5199.998586;	81.466644514;	1.5666666666666667;	8359936.0;	33553.6;	0.0;	0.06666666666666667;	0.0;	0.0
1376453158;	2;	5199.998586;	98.799973134;	1.9;	8359936.0;	156585.86666666667;	0.0;	6.0;	0.06666666666666667;	0.06666666666666667
1376453458;	2;	5199.998586;	77.99997879;	1.5;	8359936.0;	95070.13333333333;	0.0;	0.06666666666666667;	0.0;	0.0
1376453758;	2;	5199.998586;	81.466644514;	1.5666666666666667;	8359936.0;	123031.73333333334;	0.0;	0.13333333333333333;	0.0;	0.0
1376454058;	2;	5199.998586;	83.199977376;	1.6;	8359936.0;	128624.0;	0.0;	0.13333333333333333;	0.0;	0.0
1376454358;	2;	5199.998586;	77.99997879;	1.5;	8359936.0;	55923.46666666667;	0.0;	0.13333333333333333;	0.0;	0.0
1376454658;	2;	5199.998586;	83.199977376;	1.6;	8359936.0;	0.0;	0.0;	0.13333333333333333;	0.0;	0.0
1376454958;	2;	5199.998586;	97.06664027199999;	1.8666666666666665;	8359936.0;	89477.06666666667;	0.0;	5.6;	0.06666666666666667;	0.0
1376455258;	2;	5199.998586;	77.99997879;	1.5;	8359936.0;	184548.0;	0.0;	0.13333333333333333;	0.0;	0.0
1376455558;	2;	5199.998586;	77.99997879;	1.5;	8359936.0;	67107.2;	0.0;	0.13333333333333333;	0.0;	0.0
1376455858;	2;	5199.998586;	83.199977376;	1.6;	8359936.0;	139809.06666666668;	0.0;	0.13333333333333333;	0.0;	0.0
1376456158;	2;	5199.998586;	77.99997879;	1.5;	8359936.0;	67108.0;	0.0;	0.06666666666666667;	0.0;	0.0
1376456458;	2;	5199.998586;	79.733311652;	1.5333333333333334;	8359936.0;	16776.8;	0.0;	0.06666666666666667;	0.0;	0.0
1376456758;	2;	5199.998586;	83.199977376;	1.6;	8359936.0;	67108.8;	0.0;	1.7333333333333334;	0.0;	0.0
1376457058;	2;	5199.998586;	79.733311652;	1.5333333333333334;	8359936.0;	0.0;	0.0;	0.06666666666666667;	0.0;	0.0
1376457359;	2;	5199.998586;	77.99997879;	1.5;	8359936.0;	50331.2;	0.0;	0.06666666666666667;	0.0;	0.0
1376457659;	2;	5199.998586;	83.199977376;	1.6;	8359936.0;	67108.8;	0.0;	0.06666666666666667;	0.0;	0.0
1376457959;	2;	5199.998586;	77.99997879;	1.5;	8359936.0;	50331.2;	0.0;	0.06666666666666667;	0.0;	0.0
1376458259;	2;	5199.998586;	79.733311652;	1.5333333333333334;	8359936.0;	67108.0;	0.0;	0.06666666666666667;	0.0;	0.0
1376458559;	2;	5199.998586;	97.06664027199999;	1.8666666666666665;	8359936.0;	50330.4;	0.0;	5.533333333333333;	0.06666666666666667;	0.0
1376458859;	2;	5199.998586;	77.99997879;	1.5;	8359936.0;	150993.6;	0.0;	0.06666666666666667;	0.0;	0.0
1376459159;	2;	5199.998586;	79.733311652;	1.5333333333333334;	8359936.0;	50331.2;	0.0;	0.06666666666666667;	0.0;	0.0
1376459459;	2;	5199.998586;	83.199977376;	1.6;	8359936.0;	83885.6;	0.0;	0.06666666666666667;	0.0;	0.0
1376459759;	2;	5199.998586;	77.99997879;	1.5;	8359936.0;	16776.8;	0.0;	0.06666666666666667;	0.0;	0.0
1376460059;	2;	5199.998586;	77.99997879;	1.5;	8359936.0;	16776.8;	0.0;	0.06666666666666667;	0.0;	0.0
1376460359;	2;	5199.998586;	81.466644514;	1.5666666666666667;	8359936.0;	117439.2;	0.0;	1.1333333333333333;	0.06666666666666667;	0.0
1376460659;	2;	5199.998586;	83.199977376;	1.6;	8359936.0;	117440.0;	0.0;	0.06666666666666667;	0.0;	0.0
1376460959;	2;	5199.998586;	77.99997879;	1.5;	8359936.0;	44738.4;	0.0;	0.06666666666666667;	0.0;	0.0
1376461258;	2;	5199.998586;	83.199977376;	1.6;	8359936.0;	33554.13333333333;	0.0;	0.06666666666666667;	0.0;	0.0
1376461558;	2;	5199.998586;	77.99997879;	1.5;	8359936.0;	134216.0;	0.0;	0.06666666666666667;	0.0;	0.0
1376461858;	2;	5199.998586;	77.99997879;	1.5;	8359936.0;	162179.2;	0.0;	0.06666666666666667;	0.0;	0.0
1376462158;	2;	5199.998586;	97.06664027199999;	1.8666666666666665;	8359936.0;	128624.26666666666;	0.0;	5.533333333333333;	0.06666666666666667;	0.0
1376462458;	2;	5199.998586;	77.99997879;	1.5;	8359936.0;	190140.26666666666;	0.0;	0.06666666666666667;	0.0;	0.0
1376462758;	2;	5199.998586;	77.99997879;	1.5;	8359936.0;	67108.0;	0.0;	0.06666666666666667;	0.0;	0.0
1376463059;	2;	5199.998586;	83.199977376;	1.6;	8359936.0;	44739.2;	0.0;	0.06666666666666667;	0.0;	0.0
1376463359;	2;	5199.998586;	77.99997879;	1.5;	8359936.0;	11184.533333333333;	0.0;	0.06666666666666667;	0.0;	0.0
1376463659;	2;	5199.998586;	77.99997879;	1.5;	8359936.0;	89477.06666666667;	0.0;	0.06666666666666667;	0.0;	0.0
1376463959;	2;	5199.998586;	83.199977376;	1.6;	8359936.0;	0.0;	0.0;	1.1333333333333333;	0.06666666666666667;	0.0
1376464259;	2;	5199.998586;	86.66664309999999;	1.6666666666666665;	8359936.0;	44738.13333333333;	0.0;	0.06666666666666667;	0.0;	0.0
1376464559;	2;	5199.998586;	83.199977376;	1.6;	8359936.0;	83884.0;	0.0;	0.06666666666666667;	0.0;	0.0
1376464859;	2;	5199.998586;	83.199977376;	1.6;	8359936.0;	106254.13333333333;	0.0;	0.06666666666666667;	0.0;	0.0
1376465159;	2;	5199.998586;	83.199977376;	1.6;	8359936.0;	95070.4;	0.0;	0.06666666666666667;	0.0;	0.0
1376465459;	2;	5199.998586;	83.199977376;	1.6;	8359936.0;	67108.8;	0.0;	0.06666666666666667;	0.0;	0.0
1376465759;	2;	5199.998586;	103.99997171999999;	2.0;	8359936.0;	78293.33333333333;	0.0;	5.8;	0.06666666666666667;	0.0
1376466059;	2;	5199.998586;	83.199977376;	1.6;	8359936.0;	178956.0;	0.0;	0.06666666666666667;	0.0;	0.0
1376466359;	2;	5199.998586;	83.199977376;	1.6;	8359936.0;	123031.46666666666;	0.0;	0.06666666666666667;	0.0;	0.0
1376466659;	2;	5199.998586;	83.199977376;	1.6;	8359936.0;	16776.8;	0.0;	0.06666666666666667;	0.0;	0.0
1376466959;	2;	5199.998586;	83.199977376;	1.6;	8359936.0;	11184.8;	0.0;	0.06666666666666667;	0.0;	0.0
1376467259;	2;	5199.998586;	83.199977376;	1.6;	8359936.0;	39146.4;	0.0;	0.13333333333333333;	0.0;	0.0
1376467559;	2;	5199.998586;	90.133308824;	1.7333333333333334;	8359936.0;	106254.66666666667;	0.0;	2.6;	0.06666666666666667;	0.0
1376467859;	2;	5199.998586;	83.199977376;	1.6;	8359936.0;	44738.13333333333;	0.0;	0.13333333333333333;	0.0;	0.0
1376468159;	2;	5199.998586;	83.199977376;	1.6;	8359936.0;	50331.2;	0.0;	0.13333333333333333;	0.0;	0.0
1376468459;	2;	5199.998586;	83.199977376;	1.6;	8359936.0;	106253.86666666667;	0.0;	0.13333333333333333;	0.0;	0.0
1376468759;	2;	5199.998586;	83.199977376;	1.6;	8359936.0;	95070.13333333333;	0.0;	0.13333333333333333;	0.0;	0.0
1376469059;	2;	5199.998586;	83.199977376;	1.6;	8359936.0;	55922.666666666664;	0.0;	0.13333333333333333;	0.0;	0.0
1376469359;	2;	5199.998586;	103.99997171999999;	2.0;	8359936.0;	145401.06666666668;	0.0;	5.6;	0.06666666666666667;	0.0
1376469659;	2;	5199.998586;	83.199977376;	1.6;	8359936.0;	201325.06666666668;	0.0;	0.06666666666666667;	0.0;	0.0
1376469959;	2;	5199.998586;	83.199977376;	1.6;	8359936.0;	117438.4;	0.0;	0.06666666666666667;	0.0;	0.0
1376470259;	2;	5199.998586;	83.199977376;	1.6;	8359936.0;	123031.2;	0.0;	0.06666666666666667;	0.0;	0.0
1376470559;	2;	5199.998586;	83.199977376;	1.6;	8359936.0;	33554.4;	0.0;	0.06666666666666667;	0.0;	0.0
1376470859;	2;	5199.998586;	83.199977376;	1.6;	8359936.0;	61516.26666666667;	0.0;	0.06666666666666667;	0.0;	0.0
1376471159;	2;	5199.998586;	88.39997596199998;	1.7;	8359936.0;	184547.73333333334;	0.0;	1.2;	0.06666666666666667;	0.0
1376471459;	2;	5199.998586;	83.199977376;	1.6;	8359936.0;	100661.6;	0.0;	0.06666666666666667;	0.0;	0.0
1376471759;	2;	5199.998586;	83.199977376;	1.6;	8359936.0;	78292.0;	0.0;	0.06666666666666667;	0.0;	0.0
1376472059;	2;	5199.998586;	83.199977376;	1.6;	8359936.0;	106253.6;	0.0;	0.06666666666666667;	0.0;	0.0
1376472359;	2;	5199.998586;	83.199977376;	1.6;	8359936.0;	190140.8;	0.0;	0.06666666666666667;	0.0;	0.0
1376472659;	2;	5199.998586;	83.199977376;	1.6;	8359936.0;	117438.4;	0.0;	0.06666666666666667;	0.0;	0.0
1376472959;	2;	5199.998586;	103.99997171999999;	2.0;	8359936.0;	67107.2;	0.0;	5.6;	0.06666666666666667;	0.0
1376473260;	2;	5199.998586;	83.199977376;	1.6;	8359936.0;	234880.8;	0.0;	0.06666666666666667;	0.0;	0.0
1376473560;	2;	5199.998586;	83.199977376;	1.6;	8359936.0;	83885.6;	0.0;	0.06666666666666667;	0.0;	0.0
1376473860;	2;	5199.998586;	83.199977376;	1.6;	8359936.0;	67108.0;	0.0;	0.06666666666666667;	0.0;	0.0
1376474160;	2;	5199.998586;	83.199977376;	1.6;	8359936.0;	83884.0;	0.0;	0.13333333333333333;	0.0;	0.0
1376474460;	2;	5199.998586;	81.466644514;	1.5666666666666667;	8359936.0;	89477.86666666667;	0.0;	0.2;	0.0;	0.0
1376474760;	2;	5199.998586;	88.39997596199998;	1.7;	8359936.0;	117439.2;	0.0;	1.2;	0.0;	0.0
1376475060;	2;	5199.998586;	83.199977376;	1.6;	8359936.0;	50330.4;	0.0;	0.2;	0.0;	0.0
1376475360;	2;	5199.998586;	83.199977376;	1.6;	8359936.0;	0.0;	0.0;	0.13333333333333333;	0.0;	0.0
1376475660;	2;	5199.998586;	83.199977376;	1.6;	8359936.0;	33554.4;	0.0;	0.13333333333333333;	0.0;	0.0
1376475960;	2;	5199.998586;	83.199977376;	1.6;	8359936.0;	83885.6;	0.0;	0.13333333333333333;	0.0;	0.0
1376476260;	2;	5199.998586;	81.466644514;	1.5666666666666667;	8359936.0;	0.0;	0.0;	0.13333333333333333;	0.0;	0.0
1376476560;	2;	5199.998586;	100.533305996;	1.9333333333333333;	8359936.0;	50331.2;	0.0;	5.6;	0.06666666666666667;	0.0
1376476860;	2;	5199.998586;	83.199977376;	1.6;	8359936.0;	251656.8;	0.0;	0.13333333333333333;	0.0;	0.0
1376477160;	2;	5199.998586;	81.466644514;	1.5666666666666667;	8359936.0;	0.0;	0.0;	0.06666666666666667;	0.0;	0.0
1376477460;	2;	5199.998586;	83.199977376;	1.6;	8359936.0;	50330.4;	0.0;	0.13333333333333333;	0.0;	0.0
1376477760;	2;	5199.998586;	83.199977376;	1.6;	8359936.0;	83884.8;	0.0;	0.06666666666666667;	0.0;	0.0
1376478060;	2;	5199.998586;	83.199977376;	1.6;	8359936.0;	44738.13333333333;	0.0;	0.06666666666666667;	0.0;	0.0
1376478360;	2;	5199.998586;	88.39997596199998;	1.7;	8359936.0;	150993.6;	0.0;	1.7333333333333334;	0.0;	0.0
1376478660;	2;	5199.998586;	81.466644514;	1.5666666666666667;	8359936.0;	178956.0;	0.0;	0.13333333333333333;	0.0;	0.0
1376478960;	2;	5199.998586;	81.466644514;	1.5666666666666667;	8359936.0;	5592.266666666666;	0.0;	0.06666666666666667;	0.0;	0.0
1376479260;	2;	5199.998586;	83.199977376;	1.6;	8359936.0;	0.0;	0.0;	0.13333333333333333;	0.0;	0.0
1376479560;	2;	5199.998586;	83.199977376;	1.6;	8359936.0;	61514.933333333334;	0.0;	0.06666666666666667;	0.0;	0.0
1376479860;	2;	5199.998586;	83.199977376;	1.6;	8359936.0;	44738.13333333333;	0.0;	0.13333333333333333;	0.0;	0.0
1376480160;	2;	5199.998586;	100.533305996;	1.9333333333333333;	8359936.0;	184547.73333333334;	0.0;	5.533333333333333;	0.06666666666666667;	0.0
1376480460;	2;	5199.998586;	83.199977376;	1.6;	8359936.0;	218102.66666666666;	0.0;	0.06666666666666667;	0.0;	0.0
1376480760;	2;	5199.998586;	83.199977376;	1.6;	8359936.0;	39145.86666666667;	0.0;	0.06666666666666667;	0.0;	0.0
1376481060;	2;	5199.998586;	83.199977376;	1.6;	8359936.0;	83884.0;	0.0;	0.06666666666666667;	0.0;	0.0
1376481360;	2;	5199.998586;	83.199977376;	1.6;	8359936.0;	145401.6;	0.0;	0.13333333333333333;	0.0;	0.0
1376481660;	2;	5199.998586;	81.466644514;	1.5666666666666667;	8359936.0;	50330.4;	0.0;	0.13333333333333333;	0.0;	0.0
1376481960;	2;	5199.998586;	84.93331023800002;	1.6333333333333335;	8359936.0;	117439.2;	0.0;	1.3333333333333333;	0.0;	0.0
1376482261;	2;	5199.998586;	83.199977376;	1.6;	8359936.0;	134216.8;	0.0;	0.13333333333333333;	0.0;	0.0
1376482561;	2;	5199.998586;	83.199977376;	1.6;	8359936.0;	16777.066666666666;	0.0;	0.13333333333333333;	0.0;	0.0
1376482861;	2;	5199.998586;	83.199977376;	1.6;	8359936.0;	78293.6;	0.0;	0.13333333333333333;	0.0;	0.0
1376483161;	2;	5199.998586;	83.199977376;	1.6;	8359936.0;	0.0;	0.0;	0.06666666666666667;	0.0;	0.0
1376483461;	2;	5199.998586;	83.199977376;	1.6;	8359936.0;	33554.4;	0.0;	0.06666666666666667;	0.0;	0.0
1376483761;	2;	5199.998586;	102.266638858;	1.9666666666666666;	8359936.0;	111846.93333333333;	0.0;	5.8;	0.06666666666666667;	0.0
1376484061;	2;	5199.998586;	83.199977376;	1.6;	8359936.0;	190141.33333333334;	0.0;	0.06666666666666667;	0.0;	0.0
1376484361;	2;	5199.998586;	83.199977376;	1.6;	8359936.0;	55922.666666666664;	0.0;	0.06666666666666667;	0.0;	0.0
1376484661;	2;	5199.998586;	83.199977376;	1.6;	8359936.0;	67107.2;	0.0;	0.06666666666666667;	0.0;	0.0
1376484961;	2;	5199.998586;	83.199977376;	1.6;	8359936.0;	95069.33333333333;	0.0;	0.06666666666666667;	0.0;	0.0
1376485261;	2;	5199.998586;	83.199977376;	1.6;	8359936.0;	67107.2;	0.0;	0.06666666666666667;	0.0;	0.0
1376485561;	2;	5199.998586;	83.199977376;	1.6;	8359936.0;	111847.73333333334;	0.0;	1.0;	0.0;	0.0
1376485861;	2;	5199.998586;	83.199977376;	1.6;	8359936.0;	33553.6;	0.0;	0.06666666666666667;	0.0;	0.0
1376486161;	2;	5199.998586;	83.199977376;	1.6;	8359936.0;	78291.73333333334;	0.0;	0.06666666666666667;	0.0;	0.0
1376486461;	2;	5199.998586;	83.199977376;	1.6;	8359936.0;	61515.73333333333;	0.0;	0.06666666666666667;	0.0;	0.0
1376486761;	2;	5199.998586;	83.199977376;	1.6;	8359936.0;	72699.46666666666;	0.0;	0.13333333333333333;	0.0;	0.0
1376487061;	2;	5199.998586;	83.199977376;	1.6;	8359936.0;	33554.4;	0.0;	0.13333333333333333;	0.0;	0.0
1376487361;	2;	5199.998586;	103.99997171999999;	2.0;	8359936.0;	128624.8;	0.0;	5.533333333333333;	0.06666666666666667;	0.0
1376487661;	2;	5199.998586;	83.199977376;	1.6;	8359936.0;	246064.26666666666;	0.0;	0.06666666666666667;	0.0;	0.0
1376487961;	2;	5199.998586;	81.466644514;	1.5666666666666667;	8359936.0;	134217.06666666668;	0.0;	0.06666666666666667;	0.0;	0.0
1376488261;	2;	5199.998586;	83.199977376;	1.6;	8359936.0;	0.0;	0.0;	0.13333333333333333;	0.0;	0.0
1376488561;	2;	5199.998586;	83.199977376;	1.6;	8359936.0;	67108.0;	0.0;	0.13333333333333333;	0.0;	0.0
1376488861;	2;	5199.998586;	83.199977376;	1.6;	8359936.0;	39145.86666666667;	0.0;	0.13333333333333333;	0.0;	0.0
1376489161;	2;	5199.998586;	88.39997596199998;	1.7;	8359936.0;	111846.93333333333;	0.0;	1.6666666666666667;	0.0;	0.0
1376489461;	2;	5199.998586;	83.199977376;	1.6;	8359936.0;	67108.8;	0.0;	0.13333333333333333;	0.0;	0.0
1376489761;	2;	5199.998586;	83.199977376;	1.6;	8359936.0;	0.0;	0.0;	0.13333333333333333;	0.0;	0.0
1376490061;	2;	5199.998586;	83.199977376;	1.6;	8359936.0;	16776.8;	0.0;	0.13333333333333333;	0.0;	0.0
1376490362;	2;	5199.998586;	83.199977376;	1.6;	8359936.0;	123032.0;	0.0;	0.06666666666666667;	0.0;	0.0
1376490662;	2;	5199.998586;	83.199977376;	1.6;	8359936.0;	78292.8;	0.0;	0.06666666666666667;	0.0;	0.0
1376490962;	2;	5199.998586;	103.99997171999999;	2.0;	8359936.0;	67108.0;	0.0;	5.533333333333333;	0.06666666666666667;	0.0
1376491262;	2;	5199.998586;	83.199977376;	1.6;	8359936.0;	234879.2;	0.0;	0.06666666666666667;	0.0;	0.0
1376491562;	2;	5199.998586;	84.93331023800002;	1.6333333333333335;	8359936.0;	117439.2;	0.0;	0.06666666666666667;	0.0;	0.0
1376491862;	2;	5199.998586;	86.66664309999999;	1.6666666666666665;	8359936.0;	50331.2;	0.0;	0.06666666666666667;	0.0;	0.0
1376492162;	2;	5199.998586;	83.199977376;	1.6;	8359936.0;	0.0;	0.0;	0.06666666666666667;	0.0;	0.0
1376492462;	2;	5199.998586;	83.199977376;	1.6;	8359936.0;	50330.4;	0.0;	0.06666666666666667;	0.0;	0.0
1376492762;	2;	5199.998586;	83.199977376;	1.6;	8359936.0;	83884.8;	0.0;	1.1333333333333333;	0.0;	0.0
1376493062;	2;	5199.998586;	83.199977376;	1.6;	8359936.0;	67107.2;	0.0;	0.06666666666666667;	0.0;	0.0
1376493362;	2;	5199.998586;	81.466644514;	1.5666666666666667;	8359936.0;	78292.53333333334;	0.0;	0.7333333333333333;	0.4;	0.0
1376493662;	2;	5199.998586;	102.266638858;	1.9666666666666666;	8359936.0;	95069.33333333333;	0.0;	9.933333333333334;	4.6;	0.0
1376493962;	2;	5199.998586;	102.266638858;	1.9666666666666666;	8359936.0;	83884.8;	0.0;	9.8;	4.533333333333333;	0.0
1376494261;	2;	5199.998586;	102.266638858;	1.9666666666666666;	8359936.0;	100662.4;	0.0;	10.066666666666666;	4.533333333333333;	0.0
1376494561;	2;	5199.998586;	114.399968892;	2.2;	8359936.0;	134216.0;	0.0;	15.4;	4.533333333333333;	0.0
1376494861;	2;	5199.998586;	103.99997171999999;	2.0;	8359936.0;	257249.6;	0.0;	9.8;	4.533333333333333;	0.0
1376495161;	2;	5199.998586;	103.99997171999999;	2.0;	8359936.0;	234880.0;	0.0;	10.066666666666666;	4.466666666666667;	0.0
1376495461;	2;	5199.998586;	102.266638858;	1.9666666666666666;	8359936.0;	50330.4;	0.0;	9.866666666666667;	4.466666666666667;	0.0
1376495761;	2;	5199.998586;	98.799973134;	1.9;	8359936.0;	5592.266666666666;	0.0;	10.0;	4.533333333333333;	0.0
1376496061;	2;	5199.998586;	102.266638858;	1.9666666666666666;	8359936.0;	67107.2;	0.0;	9.866666666666667;	4.4;	0.0
1376496362;	2;	5199.998586;	102.266638858;	1.9666666666666666;	8359936.0;	100663.2;	0.0;	11.266666666666667;	4.466666666666667;	0.0
1376496662;	2;	5199.998586;	100.533305996;	1.9333333333333333;	8359936.0;	162178.13333333333;	0.0;	10.066666666666666;	4.4;	0.0
1376496962;	2;	5199.998586;	103.99997171999999;	2.0;	8359936.0;	128623.73333333334;	0.0;	10.133333333333333;	4.4;	0.0
1376497262;	2;	5199.998586;	103.99997171999999;	2.0;	8359936.0;	117439.73333333334;	0.0;	10.0;	4.333333333333333;	0.0
1376497562;	2;	5199.998586;	102.266638858;	1.9666666666666666;	8359936.0;	61514.933333333334;	0.0;	10.133333333333333;	4.466666666666667;	0.0
1376497862;	2;	5199.998586;	100.533305996;	1.9333333333333333;	8359936.0;	83884.0;	0.0;	10.066666666666666;	4.466666666666667;	0.0
1376498162;	2;	5199.998586;	119.59996747799998;	2.3;	8359936.0;	134216.0;	0.0;	15.533333333333333;	4.533333333333333;	0.0
1376498462;	2;	5199.998586;	103.99997171999999;	2.0;	8359936.0;	218102.66666666666;	0.0;	10.2;	4.466666666666667;	0.0
1376498762;	2;	5199.998586;	102.266638858;	1.9666666666666666;	8359936.0;	61515.2;	0.0;	10.0;	4.466666666666667;	0.0
1376499062;	2;	5199.998586;	103.99997171999999;	2.0;	8359936.0;	206917.86666666667;	0.0;	10.133333333333333;	4.4;	0.0
1376499362;	2;	5199.998586;	103.99997171999999;	2.0;	8359936.0;	106254.13333333333;	0.0;	10.066666666666666;	4.333333333333333;	0.0
1376499662;	2;	5199.998586;	103.99997171999999;	2.0;	8359936.0;	55922.666666666664;	0.0;	9.866666666666667;	4.533333333333333;	0.0
1376499962;	2;	5199.998586;	105.73330458199999;	2.033333333333333;	8359936.0;	89476.8;	0.0;	11.733333333333333;	4.6;	0.0
1376500262;	2;	5199.998586;	103.99997171999999;	2.0;	8359936.0;	89477.33333333333;	0.0;	10.066666666666666;	4.4;	0.0
1376500562;	2;	5199.998586;	103.99997171999999;	2.0;	8359936.0;	33553.6;	0.0;	9.866666666666667;	4.4;	0.0
1376500862;	2;	5199.998586;	98.799973134;	1.9;	8359936.0;	111846.66666666667;	0.0;	10.066666666666666;	4.466666666666667;	0.0
1376501162;	2;	5199.998586;	98.799973134;	1.9;	8359936.0;	89476.53333333334;	0.0;	10.0;	4.466666666666667;	0.0
1376501462;	2;	5199.998586;	95.33330741;	1.8333333333333335;	8359936.0;	78292.26666666666;	0.0;	10.0;	4.4;	0.0
1376501762;	2;	5199.998586;	112.66663602999999;	2.1666666666666665;	8359936.0;	145401.33333333334;	0.0;	15.466666666666667;	4.666666666666667;	0.0
1376502062;	2;	5199.998586;	97.06664027199999;	1.8666666666666665;	8359936.0;	296396.0;	0.0;	10.533333333333333;	4.4;	0.0
1376502362;	2;	5199.998586;	100.533305996;	1.9333333333333333;	8359936.0;	111847.46666666666;	0.0;	10.066666666666666;	4.466666666666667;	0.0
1376502662;	2;	5199.998586;	100.533305996;	1.9333333333333333;	8359936.0;	11184.8;	0.0;	10.066666666666666;	4.4;	0.0
1376502962;	2;	5199.998586;	98.799973134;	1.9;	8359936.0;	44738.13333333333;	0.0;	10.133333333333333;	4.4;	0.0
1376503263;	2;	5199.998586;	97.06664027199999;	1.8666666666666665;	8359936.0;	55922.666666666664;	0.0;	9.866666666666667;	4.466666666666667;	0.0
1376503563;	2;	5199.998586;	103.99997171999999;	2.0;	8359936.0;	139808.8;	0.0;	10.8;	4.466666666666667;	0.0
1376503863;	2;	5199.998586;	103.99997171999999;	2.0;	8359936.0;	229286.4;	0.0;	9.866666666666667;	4.4;	0.0
1376504163;	2;	5199.998586;	103.99997171999999;	2.0;	8359936.0;	139808.26666666666;	0.0;	10.0;	4.4;	0.0
1376504463;	2;	5199.998586;	100.533305996;	1.9333333333333333;	8359936.0;	162177.6;	0.0;	9.933333333333334;	4.4;	0.0
1376504763;	2;	5199.998586;	100.533305996;	1.9333333333333333;	8359936.0;	111847.73333333334;	0.0;	10.133333333333333;	4.466666666666667;	0.0
1376505063;	2;	5199.998586;	97.06664027199999;	1.8666666666666665;	8359936.0;	167771.2;	0.0;	9.933333333333334;	4.533333333333333;	0.0
1376505363;	2;	5199.998586;	112.66663602999999;	2.1666666666666665;	8359936.0;	201325.86666666667;	0.0;	15.6;	4.533333333333333;	0.0
1376505663;	2;	5199.998586;	93.59997454799999;	1.8;	8359936.0;	274027.2;	0.0;	9.933333333333334;	4.4;	0.0
1376505963;	2;	5199.998586;	93.59997454799999;	1.8;	8359936.0;	184548.0;	0.0;	10.0;	4.533333333333333;	0.0
1376506263;	2;	5199.998586;	93.59997454799999;	1.8;	8359936.0;	106255.2;	0.0;	10.066666666666666;	4.4;	0.0
1376506563;	2;	5199.998586;	98.799973134;	1.9;	8359936.0;	72699.46666666666;	0.0;	10.0;	4.466666666666667;	0.0
1376506863;	2;	5199.998586;	95.33330741;	1.8333333333333335;	8359936.0;	134216.8;	0.0;	9.8;	4.333333333333333;	0.0
1376507163;	2;	5199.998586;	100.533305996;	1.9333333333333333;	8359936.0;	167772.0;	0.0;	11.133333333333333;	4.466666666666667;	0.0
1376507463;	2;	5199.998586;	102.266638858;	1.9666666666666666;	8359936.0;	117439.73333333334;	0.0;	9.866666666666667;	4.533333333333333;	0.0
1376507763;	2;	5199.998586;	103.99997171999999;	2.0;	8359936.0;	83884.8;	0.0;	10.0;	4.533333333333333;	0.0
1376508063;	2;	5199.998586;	98.799973134;	1.9;	8359936.0;	78292.8;	0.0;	10.066666666666666;	4.4;	0.0
1376508363;	2;	5199.998586;	97.06664027199999;	1.8666666666666665;	8359936.0;	184548.0;	0.0;	10.066666666666666;	4.266666666666667;	0.0
1376508663;	2;	5199.998586;	91.86664168599998;	1.7666666666666666;	8359936.0;	72699.73333333334;	0.0;	9.933333333333334;	4.333333333333333;	0.0
1376508963;	2;	5199.998586;	123.06663320199999;	2.3666666666666667;	8359936.0;	145400.8;	0.0;	15.6;	4.4;	0.0
1376509263;	2;	5199.998586;	98.799973134;	1.9;	8359936.0;	223695.2;	0.0;	10.0;	4.533333333333333;	0.0
1376509563;	2;	5199.998586;	93.59997454799999;	1.8;	8359936.0;	229286.93333333332;	0.0;	9.866666666666667;	4.466666666666667;	0.0
1376509863;	2;	5199.998586;	95.33330741;	1.8333333333333335;	8359936.0;	106253.6;	0.0;	9.866666666666667;	4.4;	0.0
1376510163;	2;	5199.998586;	95.33330741;	1.8333333333333335;	8359936.0;	123031.2;	0.0;	9.733333333333333;	4.266666666666667;	0.0
1376510463;	2;	5199.998586;	86.66664309999999;	1.6666666666666665;	8359936.0;	111846.66666666667;	0.0;	9.933333333333334;	4.466666666666667;	0.0
1376510763;	2;	5199.998586;	97.06664027199999;	1.8666666666666665;	8359936.0;	123031.73333333334;	0.0;	11.533333333333333;	4.533333333333333;	0.0
1376511064;	2;	5199.998586;	88.39997596199998;	1.7;	8359936.0;	100663.2;	0.0;	9.933333333333334;	4.333333333333333;	0.0
1376511364;	2;	5199.998586;	93.59997454799999;	1.8;	8359936.0;	117439.2;	0.0;	10.0;	4.4;	0.0
1376511664;	2;	5199.998586;	98.799973134;	1.9;	8359936.0;	83885.6;	0.0;	9.866666666666667;	4.4;	0.0
1376511964;	2;	5199.998586;	97.06664027199999;	1.8666666666666665;	8359936.0;	33553.6;	0.0;	10.0;	4.466666666666667;	0.0
1376512264;	2;	5199.998586;	93.59997454799999;	1.8;	8359936.0;	50330.4;	0.0;	10.066666666666666;	4.533333333333333;	0.0
1376512564;	2;	5199.998586;	119.59996747799998;	2.3;	8359936.0;	145401.86666666667;	0.0;	15.533333333333333;	4.4;	0.0
1376512864;	2;	5199.998586;	91.86664168599998;	1.7666666666666666;	8359936.0;	184548.0;	0.0;	10.0;	4.466666666666667;	0.0
1376513164;	2;	5199.998586;	95.33330741;	1.8333333333333335;	8359936.0;	100662.4;	0.0;	10.066666666666666;	4.533333333333333;	0.0
1376513464;	2;	5199.998586;	86.66664309999999;	1.6666666666666665;	8359936.0;	128624.0;	0.0;	10.066666666666666;	4.4;	0.0
1376513764;	2;	5199.998586;	95.33330741;	1.8333333333333335;	8359936.0;	201325.6;	0.0;	9.933333333333334;	4.533333333333333;	0.0
1376514064;	2;	5199.998586;	93.59997454799999;	1.8;	8359936.0;	139809.33333333334;	0.0;	10.066666666666666;	4.533333333333333;	0.0
1376514364;	2;	5199.998586;	100.533305996;	1.9333333333333333;	8359936.0;	201324.8;	0.0;	11.0;	4.466666666666667;	0.0
1376514664;	2;	5199.998586;	97.06664027199999;	1.8666666666666665;	8359936.0;	100661.6;	0.0;	10.0;	4.533333333333333;	0.0
1376514964;	2;	5199.998586;	93.59997454799999;	1.8;	8359936.0;	83884.0;	0.0;	10.0;	4.466666666666667;	0.0
1376515264;	2;	5199.998586;	93.59997454799999;	1.8;	8359936.0;	50330.4;	0.0;	10.066666666666666;	4.466666666666667;	0.0
1376515564;	2;	5199.998586;	98.799973134;	1.9;	8359936.0;	83884.0;	0.0;	9.733333333333333;	4.466666666666667;	0.0
1376515864;	2;	5199.998586;	102.266638858;	1.9666666666666666;	8359936.0;	83884.0;	0.0;	9.933333333333334;	4.4;	0.0
1376516164;	2;	5199.998586;	114.399968892;	2.2;	8359936.0;	150993.6;	0.0;	15.6;	4.533333333333333;	0.0
1376516464;	2;	5199.998586;	93.59997454799999;	1.8;	8359936.0;	184548.0;	0.0;	10.066666666666666;	4.466666666666667;	0.0
1376516764;	2;	5199.998586;	100.533305996;	1.9333333333333333;	8359936.0;	111846.66666666667;	0.0;	9.933333333333334;	4.466666666666667;	0.0
1376517064;	2;	5199.998586;	90.133308824;	1.7333333333333334;	8359936.0;	106254.66666666667;	0.0;	9.866666666666667;	4.4;	0.0
1376517365;	2;	5199.998586;	93.59997454799999;	1.8;	8359936.0;	117438.4;	0.0;	10.933333333333334;	4.466666666666667;	0.0
1376517665;	2;	5199.998586;	91.86664168599998;	1.7666666666666666;	8359936.0;	72699.46666666666;	0.0;	10.0;	4.4;	0.0
1376517965;	2;	5199.998586;	102.266638858;	1.9666666666666666;	8359936.0;	67107.2;	0.0;	11.066666666666666;	4.666666666666667;	0.0
1376518265;	2;	5199.998586;	90.133308824;	1.7333333333333334;	8359936.0;	117439.46666666666;	0.0;	10.0;	4.4;	0.0
1376518565;	2;	5199.998586;	98.799973134;	1.9;	8359936.0;	100663.2;	0.0;	9.933333333333334;	4.4;	0.0
1376518865;	2;	5199.998586;	91.86664168599998;	1.7666666666666666;	8359936.0;	78293.33333333333;	0.0;	9.866666666666667;	4.466666666666667;	0.0
1376519165;	2;	5199.998586;	84.93331023800002;	1.6333333333333335;	8359936.0;	257249.33333333334;	0.0;	4.066666666666666;	1.7333333333333334;	0.0
1376519465;	2;	5199.998586;	77.99997879;	1.5;	8359936.0;	156587.2;	0.0;	0.06666666666666667;	0.0;	0.0
1376519765;	2;	5199.998586;	97.06664027199999;	1.8666666666666665;	8359936.0;	111847.73333333334;	0.0;	9.066666666666666;	0.3333333333333333;	0.4666666666666667
1376520065;	2;	5199.998586;	121.33330034000001;	2.3333333333333335;	8359936.0;	486538.4;	0.0;	26.733333333333334;	0.2;	0.7333333333333333
1376520365;	2;	5199.998586;	77.99997879;	1.5;	8359936.0;	167770.93333333332;	0.0;	1.1333333333333333;	0.0;	0.0
1376520665;	2;	5199.998586;	77.99997879;	1.5;	8359936.0;	22369.066666666666;	0.0;	0.06666666666666667;	0.0;	0.0
1376520965;	2;	5199.998586;	83.199977376;	1.6;	8359936.0;	0.0;	0.0;	0.06666666666666667;	0.0;	0.0
1376521265;	2;	5199.998586;	77.99997879;	1.5;	8359936.0;	0.0;	0.0;	0.06666666666666667;	0.0;	0.0
1376521565;	2;	5199.998586;	77.99997879;	1.5;	8359936.0;	128624.8;	0.0;	1.4;	0.06666666666666667;	0.0
1376521865;	2;	5199.998586;	77.99997879;	1.5;	8359936.0;	0.0;	0.0;	0.06666666666666667;	0.0;	0.0
1376522165;	2;	5199.998586;	79.733311652;	1.5333333333333334;	8359936.0;	0.0;	0.0;	0.07142857142857142;	0.0;	0.0
1376522465;	2;	5199.998586;	88.39997596199998;	1.7;	8359936.0;	0.0;	0.0;	0.07142857142857142;	0.0;	0.0
1376522765;	2;	5199.998586;	83.199977376;	1.6;	8359936.0;	39146.4;	0.0;	0.06666666666666667;	0.0;	0.0
1376523065;	2;	5199.998586;	77.99997879;	1.5;	8359936.0;	55923.2;	0.0;	0.06666666666666667;	0.0;	0.0
1376523365;	2;	5199.998586;	95.33330741;	1.8333333333333335;	8359936.0;	39145.86666666667;	0.0;	5.533333333333333;	0.06666666666666667;	0.0
1376523665;	2;	5199.998586;	77.99997879;	1.5;	8359936.0;	61514.933333333334;	0.0;	0.06666666666666667;	0.0;	0.0
1376523965;	2;	5199.998586;	77.99997879;	1.5;	8359936.0;	50330.4;	0.0;	0.06666666666666667;	0.0;	0.0
1376524265;	2;	5199.998586;	77.99997879;	1.5;	8359936.0;	16776.8;	0.0;	0.06666666666666667;	0.0;	0.0
1376524565;	2;	5199.998586;	83.199977376;	1.6;	8359936.0;	33553.6;	0.0;	0.06666666666666667;	0.0;	0.0
1376524865;	2;	5199.998586;	77.99997879;	1.5;	8359936.0;	33553.6;	0.0;	0.06666666666666667;	0.0;	0.0
1376525165;	2;	5199.998586;	81.466644514;	1.5666666666666667;	8359936.0;	44738.13333333333;	0.0;	0.9333333333333333;	0.06666666666666667;	0.0
1376525465;	2;	5199.998586;	77.99997879;	1.5;	8359936.0;	22369.066666666666;	0.0;	3.4;	0.06666666666666667;	0.13333333333333333
1376525765;	2;	5199.998586;	77.99997879;	1.5;	8359936.0;	55923.46666666667;	0.0;	0.06666666666666667;	0.0;	0.0
1376526065;	2;	5199.998586;	77.99997879;	1.5;	8359936.0;	33554.4;	0.0;	0.06666666666666667;	0.0;	0.0
1376526365;	2;	5199.998586;	83.199977376;	1.6;	8359936.0;	128624.8;	0.0;	0.06666666666666667;	0.0;	0.0
1376526665;	2;	5199.998586;	77.99997879;	1.5;	8359936.0;	55924.0;	0.0;	0.06666666666666667;	0.0;	0.0
1376526965;	2;	5199.998586;	93.59997454799999;	1.8;	8359936.0;	55922.666666666664;	0.0;	5.533333333333333;	0.06666666666666667;	0.0
1376527265;	2;	5199.998586;	77.99997879;	1.5;	8359936.0;	162178.13333333333;	0.0;	0.06666666666666667;	0.0;	0.0
1376527565;	2;	5199.998586;	83.199977376;	1.6;	8359936.0;	117439.2;	0.0;	0.06666666666666667;	0.0;	0.0
1376527865;	2;	5199.998586;	77.99997879;	1.5;	8359936.0;	78291.73333333334;	0.0;	0.06666666666666667;	0.0;	0.0
1376528165;	2;	5199.998586;	83.199977376;	1.6;	8359936.0;	89477.33333333333;	0.0;	0.06666666666666667;	0.0;	0.0
1376528465;	2;	5199.998586;	77.99997879;	1.5;	8359936.0;	39146.4;	0.0;	0.06666666666666667;	0.0;	0.0
1376528765;	2;	5199.998586;	77.99997879;	1.5;	8359936.0;	0.0;	0.0;	0.9333333333333333;	0.06666666666666667;	0.0
1376529065;	2;	5199.998586;	77.99997879;	1.5;	8359936.0;	50330.4;	0.0;	0.06666666666666667;	0.0;	0.0
1376529365;	2;	5199.998586;	81.466644514;	1.5666666666666667;	8359936.0;	67107.2;	0.0;	0.06666666666666667;	0.0;	0.0
1376529666;	2;	5199.998586;	77.99997879;	1.5;	8359936.0;	83884.8;	0.0;	0.06666666666666667;	0.0;	0.0
1376529966;	2;	5199.998586;	83.199977376;	1.6;	8359936.0;	0.0;	0.0;	0.06666666666666667;	0.0;	0.0
1376530266;	2;	5199.998586;	77.99997879;	1.5;	8359936.0;	50330.4;	0.0;	0.06666666666666667;	0.0;	0.0
1376530566;	2;	5199.998586;	103.99997171999999;	2.0;	8359936.0;	33553.6;	0.0;	5.6;	0.06666666666666667;	0.0
1376530866;	2;	5199.998586;	79.733311652;	1.5333333333333334;	8359936.0;	95069.33333333333;	0.0;	0.06666666666666667;	0.0;	0.0
1376531166;	2;	5199.998586;	83.199977376;	1.6;	8359936.0;	50330.4;	0.0;	0.06666666666666667;	0.0;	0.0
1376531466;	2;	5199.998586;	77.99997879;	1.5;	8359936.0;	78292.53333333334;	0.0;	0.06666666666666667;	0.0;	0.0
1376531766;	2;	5199.998586;	77.99997879;	1.5;	8359936.0;	33553.6;	0.0;	0.06666666666666667;	0.0;	0.0
1376532066;	2;	5199.998586;	207.99994343999998;	4.0;	8359936.0;	33553.6;	0.0;	1.8666666666666667;	1.5333333333333334;	0.8
1376532366;	2;	5199.998586;	100.533305996;	1.9333333333333333;	8359936.0;	117439.2;	0.0;	3.0;	0.0;	0.0
1376532666;	2;	5199.998586;	81.466644514;	1.5666666666666667;	8359936.0;	67107.2;	0.0;	0.13333333333333333;	0.0;	0.0
1376532966;	2;	5199.998586;	79.733311652;	1.5333333333333334;	8359936.0;	16776.8;	0.0;	0.13333333333333333;	0.0;	0.0
1376533266;	2;	5199.998586;	79.733311652;	1.5333333333333334;	8359936.0;	72699.46666666666;	0.0;	0.13333333333333333;	0.0;	0.0
1376533566;	2;	5199.998586;	114.399968892;	2.2;	8359936.0;	117439.2;	0.0;	14.133333333333333;	6.866666666666666;	0.2
1376533866;	2;	5199.998586;	79.733311652;	1.5333333333333334;	8359936.0;	117440.0;	0.0;	0.13333333333333333;	0.0;	0.0
1376534166;	2;	5199.998586;	97.06664027199999;	1.8666666666666665;	8359936.0;	167770.66666666666;	0.0;	5.6;	0.06666666666666667;	0.0
1376534466;	2;	5199.998586;	79.733311652;	1.5333333333333334;	8359936.0;	167771.2;	0.0;	0.13333333333333333;	0.0;	0.0
1376534766;	2;	5199.998586;	83.199977376;	1.6;	8359936.0;	72701.06666666667;	0.0;	0.06666666666666667;	0.0;	0.0
1376535066;	2;	5199.998586;	77.99997879;	1.5;	8359936.0;	123032.53333333334;	0.0;	0.06666666666666667;	0.0;	0.0
1376535366;	2;	5199.998586;	77.99997879;	1.5;	8359936.0;	33553.6;	0.0;	0.06666666666666667;	0.0;	0.0
1376535666;	2;	5199.998586;	83.199977376;	1.6;	8359936.0;	78292.8;	0.0;	0.06666666666666667;	0.0;	0.0
1376535966;	2;	5199.998586;	83.199977376;	1.6;	8359936.0;	123031.46666666666;	0.0;	1.2;	0.0;	0.0
1376536266;	2;	5199.998586;	77.99997879;	1.5;	8359936.0;	95069.06666666667;	0.0;	0.06666666666666667;	0.0;	0.0
1376536566;	2;	5199.998586;	81.466644514;	1.5666666666666667;	8359936.0;	61515.2;	0.0;	0.06666666666666667;	0.0;	0.0
1376536866;	2;	5199.998586;	77.99997879;	1.5;	8359936.0;	83885.06666666667;	0.0;	0.06666666666666667;	0.0;	0.0
1376537166;	2;	5199.998586;	77.99997879;	1.5;	8359936.0;	111846.66666666667;	0.0;	0.06666666666666667;	0.0;	0.0
1376537466;	2;	5199.998586;	83.199977376;	1.6;	8359936.0;	61515.2;	0.0;	0.06666666666666667;	0.0;	0.0
1376537766;	2;	5199.998586;	98.799973134;	1.9;	8359936.0;	117439.73333333334;	0.0;	5.866666666666666;	0.06666666666666667;	0.0
1376538066;	2;	5199.998586;	83.199977376;	1.6;	8359936.0;	229287.2;	0.0;	0.06666666666666667;	0.0;	0.0
1376538366;	2;	5199.998586;	83.199977376;	1.6;	8359936.0;	78293.06666666667;	0.0;	0.06666666666666667;	0.0;	0.0
1376538666;	2;	5199.998586;	77.99997879;	1.5;	8359936.0;	139809.33333333334;	0.0;	0.13333333333333333;	0.0;	0.0
1376538967;	2;	5199.998586;	79.733311652;	1.5333333333333334;	8359936.0;	22369.066666666666;	0.0;	0.06666666666666667;	0.0;	0.0
1376539267;	2;	5199.998586;	79.733311652;	1.5333333333333334;	8359936.0;	11184.533333333333;	0.0;	0.13333333333333333;	0.0;	0.0
1376539567;	2;	5199.998586;	79.733311652;	1.5333333333333334;	8359936.0;	61514.933333333334;	0.0;	0.9333333333333333;	0.0;	0.0
1376539867;	2;	5199.998586;	77.99997879;	1.5;	8359936.0;	83884.0;	0.0;	0.2;	0.0;	0.0
1376540167;	2;	5199.998586;	83.199977376;	1.6;	8359936.0;	50331.46666666667;	0.0;	0.13333333333333333;	0.0;	0.0
1376540466;	2;	5199.998586;	77.99997879;	1.5;	8359936.0;	55923.73333333333;	0.0;	0.13333333333333333;	0.0;	0.0
1376540766;	2;	5199.998586;	77.99997879;	1.5;	8359936.0;	5592.266666666666;	0.0;	0.2;	0.0;	0.0
1376541066;	2;	5199.998586;	83.199977376;	1.6;	8359936.0;	39145.86666666667;	0.0;	0.13333333333333333;	0.0;	0.0
1376541366;	2;	5199.998586;	98.799973134;	1.9;	8359936.0;	134216.8;	0.0;	5.6;	0.06666666666666667;	0.0
1376541666;	2;	5199.998586;	77.99997879;	1.5;	8359936.0;	117439.2;	0.0;	0.06666666666666667;	0.0;	0.0
1376541966;	2;	5199.998586;	81.466644514;	1.5666666666666667;	8359936.0;	100662.93333333333;	0.0;	0.06666666666666667;	0.0;	0.0
1376542267;	2;	5199.998586;	77.99997879;	1.5;	8359936.0;	33554.4;	0.0;	0.13333333333333333;	0.0;	0.0
1376542567;	2;	5199.998586;	77.99997879;	1.5;	8359936.0;	67108.8;	0.0;	0.06666666666666667;	0.0;	0.0
1376542867;	2;	5199.998586;	83.199977376;	1.6;	8359936.0;	33554.4;	0.0;	0.06666666666666667;	0.0;	0.0
1376543167;	2;	5199.998586;	95.33330741;	1.8333333333333335;	8359936.0;	117438.66666666667;	0.0;	6.466666666666667;	0.0;	0.06666666666666667
1376543467;	2;	5199.998586;	79.733311652;	1.5333333333333334;	8359936.0;	106255.2;	0.0;	0.06666666666666667;	0.0;	0.0
1376543767;	2;	5199.998586;	81.466644514;	1.5666666666666667;	8359936.0;	61514.933333333334;	0.0;	0.06666666666666667;	0.0;	0.0
1376544067;	2;	5199.998586;	79.733311652;	1.5333333333333334;	8359936.0;	67108.0;	0.0;	0.13333333333333333;	0.0;	0.0
1376544367;	2;	5199.998586;	77.99997879;	1.5;	8359936.0;	0.0;	0.0;	0.06666666666666667;	0.0;	0.0
1376544667;	2;	5199.998586;	81.466644514;	1.5666666666666667;	8359936.0;	0.0;	0.0;	0.13333333333333333;	0.0;	0.0
1376544967;	2;	5199.998586;	98.799973134;	1.9;	8359936.0;	83885.6;	0.0;	5.533333333333333;	0.06666666666666667;	0.0
1376545267;	2;	5199.998586;	81.466644514;	1.5666666666666667;	8359936.0;	212509.86666666667;	0.0;	0.13333333333333333;	0.0;	0.0
1376545567;	2;	5199.998586;	81.466644514;	1.5666666666666667;	8359936.0;	173362.93333333332;	0.0;	0.06666666666666667;	0.0;	0.0
1376545867;	2;	5199.998586;	79.733311652;	1.5333333333333334;	8359936.0;	55924.0;	0.0;	0.06666666666666667;	0.0;	0.0
1376546167;	2;	5199.998586;	77.99997879;	1.5;	8359936.0;	16776.8;	0.0;	0.13333333333333333;	0.0;	0.0
1376546467;	2;	5199.998586;	79.733311652;	1.5333333333333334;	8359936.0;	33553.6;	0.0;	0.13333333333333333;	0.0;	0.0
1376546767;	2;	5199.998586;	79.733311652;	1.5333333333333334;	8359936.0;	44738.4;	0.0;	1.0;	0.0;	0.0
1376547067;	2;	5199.998586;	77.99997879;	1.5;	8359936.0;	111848.0;	0.0;	0.13333333333333333;	0.0;	0.0
1376547367;	2;	5199.998586;	79.733311652;	1.5333333333333334;	8359936.0;	212509.86666666667;	0.0;	0.13333333333333333;	0.0;	0.0
1376547667;	2;	5199.998586;	83.199977376;	1.6;	8359936.0;	139808.0;	0.0;	0.13333333333333333;	0.0;	0.0
1376547967;	2;	5199.998586;	77.99997879;	1.5;	8359936.0;	39145.86666666667;	0.0;	0.13333333333333333;	0.0;	0.0
1376548267;	2;	5199.998586;	79.733311652;	1.5333333333333334;	8359936.0;	0.0;	0.0;	0.06666666666666667;	0.0;	0.0
1376548567;	2;	5199.998586;	97.06664027199999;	1.8666666666666665;	8359936.0;	100662.13333333333;	0.0;	5.533333333333333;	0.06666666666666667;	0.0
1376548867;	2;	5199.998586;	79.733311652;	1.5333333333333334;	8359936.0;	218102.4;	0.0;	0.06666666666666667;	0.0;	0.0
1376549167;	2;	5199.998586;	77.99997879;	1.5;	8359936.0;	55924.0;	0.0;	0.06666666666666667;	0.0;	0.0
1376549467;	2;	5199.998586;	81.466644514;	1.5666666666666667;	8359936.0;	117440.0;	0.0;	0.06666666666666667;	0.0;	0.0
1376549767;	2;	5199.998586;	81.466644514;	1.5666666666666667;	8359936.0;	117438.4;	0.0;	0.06666666666666667;	0.0;	0.0
1376550067;	2;	5199.998586;	77.99997879;	1.5;	8359936.0;	117439.2;	0.0;	0.06666666666666667;	0.0;	0.0
1376550367;	2;	5199.998586;	83.199977376;	1.6;	8359936.0;	117438.4;	0.0;	0.9333333333333333;	0.0;	0.0
1376550667;	2;	5199.998586;	77.99997879;	1.5;	8359936.0;	184548.0;	0.0;	0.06666666666666667;	0.0;	0.0
1376550968;	2;	5199.998586;	77.99997879;	1.5;	8359936.0;	100662.4;	0.0;	0.06666666666666667;	0.0;	0.0
1376551268;	2;	5199.998586;	83.199977376;	1.6;	8359936.0;	67107.2;	0.0;	0.06666666666666667;	0.0;	0.0
1376551568;	2;	5199.998586;	77.99997879;	1.5;	8359936.0;	61514.933333333334;	0.0;	0.06666666666666667;	0.0;	0.0
1376551868;	2;	5199.998586;	77.99997879;	1.5;	8359936.0;	61514.933333333334;	0.0;	0.06666666666666667;	0.0;	0.0
1376552168;	2;	5199.998586;	93.59997454799999;	1.8;	8359936.0;	150993.6;	0.0;	5.6;	0.06666666666666667;	0.0
1376552468;	2;	5199.998586;	77.99997879;	1.5;	8359936.0;	184548.0;	0.0;	0.06666666666666667;	0.0;	0.0
1376552768;	2;	5199.998586;	77.99997879;	1.5;	8359936.0;	117440.0;	0.0;	0.06666666666666667;	0.0;	0.0
1376553068;	2;	5199.998586;	77.99997879;	1.5;	8359936.0;	145401.33333333334;	0.0;	0.06666666666666667;	0.0;	0.0
1376553368;	2;	5199.998586;	77.99997879;	1.5;	8359936.0;	0.0;	0.0;	0.13333333333333333;	0.0;	0.0
1376553668;	2;	5199.998586;	77.99997879;	1.5;	8359936.0;	83884.8;	0.0;	0.13333333333333333;	0.0;	0.0
1376553968;	2;	5199.998586;	79.733311652;	1.5333333333333334;	8359936.0;	50331.2;	0.0;	1.5333333333333334;	0.0;	0.0
1376554268;	2;	5199.998586;	79.733311652;	1.5333333333333334;	8359936.0;	83884.0;	0.0;	0.13333333333333333;	0.0;	0.0
1376554568;	2;	5199.998586;	77.99997879;	1.5;	8359936.0;	0.0;	0.0;	0.13333333333333333;	0.0;	0.0
1376554868;	2;	5199.998586;	83.199977376;	1.6;	8359936.0;	50330.4;	0.0;	0.13333333333333333;	0.0;	0.0
1376555168;	2;	5199.998586;	77.99997879;	1.5;	8359936.0;	72699.46666666666;	0.0;	0.13333333333333333;	0.0;	0.0
1376555468;	2;	5199.998586;	79.733311652;	1.5333333333333334;	8359936.0;	139808.8;	0.0;	0.06666666666666667;	0.0;	0.0
1376555768;	2;	5199.998586;	98.799973134;	1.9;	8359936.0;	145400.8;	0.0;	5.8;	0.06666666666666667;	0.0
1376556068;	2;	5199.998586;	77.99997879;	1.5;	8359936.0;	262841.6;	0.0;	0.06666666666666667;	0.0;	0.0
1376556368;	2;	5199.998586;	77.99997879;	1.5;	8359936.0;	39145.86666666667;	0.0;	0.06666666666666667;	0.0;	0.0
1376556668;	2;	5199.998586;	83.199977376;	1.6;	8359936.0;	134216.0;	0.0;	0.06666666666666667;	0.0;	0.0
1376556968;	2;	5199.998586;	79.733311652;	1.5333333333333334;	8359936.0;	16776.8;	0.0;	0.06666666666666667;	0.0;	0.0
1376557268;	2;	5199.998586;	83.199977376;	1.6;	8359936.0;	134217.6;	0.0;	0.06666666666666667;	0.0;	0.0
1376557568;	2;	5199.998586;	79.733311652;	1.5333333333333334;	8359936.0;	167770.93333333332;	0.0;	0.9333333333333333;	0.0;	0.0
1376557868;	2;	5199.998586;	77.99997879;	1.5;	8359936.0;	100661.6;	0.0;	0.06666666666666667;	0.0;	0.0
1376558168;	2;	5199.998586;	79.733311652;	1.5333333333333334;	8359936.0;	50330.4;	0.0;	0.06666666666666667;	0.0;	0.0
1376558468;	2;	5199.998586;	83.199977376;	1.6;	8359936.0;	39145.86666666667;	0.0;	0.06666666666666667;	0.0;	0.0
1376558768;	2;	5199.998586;	79.733311652;	1.5333333333333334;	8359936.0;	78293.33333333333;	0.0;	0.13333333333333333;	0.0;	0.0
1376559068;	2;	5199.998586;	77.99997879;	1.5;	8359936.0;	5592.266666666666;	0.0;	0.06666666666666667;	0.0;	0.0
1376559368;	2;	5199.998586;	93.59997454799999;	1.8;	8359936.0;	145401.6;	0.0;	9.866666666666667;	0.06666666666666667;	0.0
1376559668;	2;	5199.998586;	77.99997879;	1.5;	8359936.0;	201324.8;	0.0;	0.06666666666666667;	0.0;	0.0
1376559968;	2;	5199.998586;	81.466644514;	1.5666666666666667;	8359936.0;	50330.4;	0.0;	0.06666666666666667;	0.0;	0.0
1376560268;	2;	5199.998586;	81.466644514;	1.5666666666666667;	8359936.0;	22369.066666666666;	0.0;	0.06666666666666667;	0.0;	0.0
1376560568;	2;	5199.998586;	77.99997879;	1.5;	8359936.0;	55922.666666666664;	0.0;	0.06666666666666667;	0.0;	0.0
1376560868;	2;	5199.998586;	83.199977376;	1.6;	8359936.0;	50330.4;	0.0;	0.06666666666666667;	0.0;	0.0
1376561168;	2;	5199.998586;	79.733311652;	1.5333333333333334;	8359936.0;	83884.0;	0.0;	0.9333333333333333;	0.0;	0.0
1376561468;	2;	5199.998586;	79.733311652;	1.5333333333333334;	8359936.0;	83884.8;	0.0;	0.06666666666666667;	0.0;	0.0
1376561768;	2;	5199.998586;	79.733311652;	1.5333333333333334;	8359936.0;	55922.666666666664;	0.0;	0.06666666666666667;	0.0;	0.0
1376562068;	2;	5199.998586;	81.466644514;	1.5666666666666667;	8359936.0;	83884.8;	0.0;	0.06666666666666667;	0.0;	0.0
1376562368;	2;	5199.998586;	77.99997879;	1.5;	8359936.0;	83885.06666666667;	0.0;	0.06666666666666667;	0.0;	0.0
1376562668;	2;	5199.998586;	79.733311652;	1.5333333333333334;	8359936.0;	190141.06666666668;	0.0;	0.06666666666666667;	0.0;	0.0
1376562968;	2;	5199.998586;	98.799973134;	1.9;	8359936.0;	150993.86666666667;	0.0;	5.466666666666667;	0.06666666666666667;	0.0
1376563269;	2;	5199.998586;	79.733311652;	1.5333333333333334;	8359936.0;	257250.13333333333;	0.0;	0.06666666666666667;	0.0;	0.0
1376563569;	2;	5199.998586;	83.199977376;	1.6;	8359936.0;	83884.8;	0.0;	0.06666666666666667;	0.0;	0.0
1376563869;	2;	5199.998586;	81.466644514;	1.5666666666666667;	8359936.0;	83884.8;	0.0;	0.06666666666666667;	0.0;	0.0
1376564169;	2;	5199.998586;	77.99997879;	1.5;	8359936.0;	11184.533333333333;	0.0;	0.06666666666666667;	0.0;	0.0
1376564469;	2;	5199.998586;	77.99997879;	1.5;	8359936.0;	0.0;	0.0;	0.4666666666666667;	0.0;	0.0
1376564769;	2;	5199.998586;	84.93331023800002;	1.6333333333333335;	8359936.0;	44739.2;	0.0;	1.3333333333333333;	0.0;	0.0
1376565069;	2;	5199.998586;	79.733311652;	1.5333333333333334;	8359936.0;	134216.53333333333;	0.0;	0.06666666666666667;	0.0;	0.0
1376565369;	2;	5199.998586;	79.733311652;	1.5333333333333334;	8359936.0;	134216.0;	0.0;	0.06666666666666667;	0.0;	0.0
1376565669;	2;	5199.998586;	81.466644514;	1.5666666666666667;	8359936.0;	72699.46666666666;	0.0;	0.06666666666666667;	0.0;	0.0
1376565969;	2;	5199.998586;	77.99997879;	1.5;	8359936.0;	67107.2;	0.0;	0.06666666666666667;	0.0;	0.0
1376566269;	2;	5199.998586;	79.733311652;	1.5333333333333334;	8359936.0;	50330.4;	0.0;	0.06666666666666667;	0.0;	0.0
1376566569;	2;	5199.998586;	105.73330458199999;	2.033333333333333;	8359936.0;	95069.33333333333;	0.0;	5.533333333333333;	0.06666666666666667;	0.0
1376566869;	2;	5199.998586;	83.199977376;	1.6;	8359936.0;	162179.46666666667;	0.0;	0.13333333333333333;	0.0;	0.0
1376567169;	2;	5199.998586;	79.733311652;	1.5333333333333334;	8359936.0;	55923.2;	0.0;	0.13333333333333333;	0.0;	0.0
1376567469;	2;	5199.998586;	83.199977376;	1.6;	8359936.0;	67108.0;	0.0;	0.13333333333333333;	0.0;	0.0
1376567769;	2;	5199.998586;	77.99997879;	1.5;	8359936.0;	134217.33333333334;	0.0;	0.13333333333333333;	0.0;	0.0
1376568069;	2;	5199.998586;	77.99997879;	1.5;	8359936.0;	0.0;	0.0;	0.13333333333333333;	0.0;	0.0
1376568369;	2;	5199.998586;	83.199977376;	1.6;	8359936.0;	139809.6;	0.0;	1.0;	0.06666666666666667;	0.0
1376568669;	2;	5199.998586;	77.99997879;	1.5;	8359936.0;	55923.2;	0.0;	0.13333333333333333;	0.0;	0.0
1376568969;	2;	5199.998586;	79.733311652;	1.5333333333333334;	8359936.0;	44739.2;	0.0;	0.13333333333333333;	0.0;	0.0
1376569269;	2;	5199.998586;	83.199977376;	1.6;	8359936.0;	33553.6;	0.0;	0.06666666666666667;	0.0;	0.0
1376569569;	2;	5199.998586;	79.733311652;	1.5333333333333334;	8359936.0;	106254.66666666667;	0.0;	0.06666666666666667;	0.0;	0.0
1376569869;	2;	5199.998586;	79.733311652;	1.5333333333333334;	8359936.0;	50330.4;	0.0;	0.06666666666666667;	0.0;	0.0
1376570169;	2;	5199.998586;	100.533305996;	1.9333333333333333;	8359936.0;	134217.06666666668;	0.0;	5.533333333333333;	0.06666666666666667;	0.0
1376570469;	2;	5199.998586;	81.466644514;	1.5666666666666667;	8359936.0;	290803.2;	0.0;	0.06666666666666667;	0.0;	0.0
1376570769;	2;	5199.998586;	77.99997879;	1.5;	8359936.0;	100661.6;	0.0;	0.06666666666666667;	0.0;	0.0
1376571069;	2;	5199.998586;	83.199977376;	1.6;	8359936.0;	100661.6;	0.0;	0.06666666666666667;	0.0;	0.0
1376571369;	2;	5199.998586;	79.733311652;	1.5333333333333334;	8359936.0;	134216.0;	0.0;	0.06666666666666667;	0.0;	0.0
1376571669;	2;	5199.998586;	77.99997879;	1.5;	8359936.0;	83885.6;	0.0;	0.4666666666666667;	0.0;	0.0
1376571969;	2;	5199.998586;	83.199977376;	1.6;	8359936.0;	72700.8;	0.0;	0.6;	0.0;	0.0
1376572269;	2;	5199.998586;	79.733311652;	1.5333333333333334;	8359936.0;	67108.0;	0.0;	0.06666666666666667;	0.0;	0.0
1376572569;	2;	5199.998586;	83.199977376;	1.6;	8359936.0;	78292.53333333334;	0.0;	0.06666666666666667;	0.0;	0.0
1376572869;	2;	5199.998586;	83.199977376;	1.6;	8359936.0;	39146.666666666664;	0.0;	0.06666666666666667;	0.0;	0.0
1376573169;	2;	5199.998586;	83.199977376;	1.6;	8359936.0;	61515.73333333333;	0.0;	0.06666666666666667;	0.0;	0.0
1376573469;	2;	5199.998586;	83.199977376;	1.6;	8359936.0;	0.0;	0.0;	0.06666666666666667;	0.0;	0.0
1376573769;	2;	5199.998586;	102.266638858;	1.9666666666666666;	8359936.0;	78293.33333333333;	0.0;	5.733333333333333;	0.06666666666666667;	0.0
1376574069;	2;	5199.998586;	83.199977376;	1.6;	8359936.0;	234880.0;	0.0;	0.2;	0.0;	0.0
1376574369;	2;	5199.998586;	83.199977376;	1.6;	8359936.0;	55923.46666666667;	0.0;	0.13333333333333333;	0.0;	0.0
1376574669;	2;	5199.998586;	83.199977376;	1.6;	8359936.0;	128623.73333333334;	0.0;	0.13333333333333333;	0.0;	0.0
1376574969;	2;	5199.998586;	83.199977376;	1.6;	8359936.0;	89477.33333333333;	0.0;	0.13333333333333333;	0.0;	0.0
1376575269;	2;	5199.998586;	84.93331023800002;	1.6333333333333335;	8359936.0;	117439.2;	0.0;	0.5333333333333333;	0.0;	0.0
1376575569;	2;	5199.998586;	93.59997454799999;	1.8;	8359936.0;	83884.8;	0.0;	1.3333333333333333;	0.0;	0.0
1376575869;	2;	5199.998586;	83.199977376;	1.6;	8359936.0;	89477.6;	0.0;	0.13333333333333333;	0.0;	0.0
1376576169;	2;	5199.998586;	83.199977376;	1.6;	8359936.0;	50331.2;	0.0;	0.06666666666666667;	0.0;	0.0
1376576469;	2;	5199.998586;	82.33331094500001;	1.5833333333333335;	8359936.0;	83884.0;	0.0;	0.25;	0.0;	0.0
1376576769;	2;	5199.998586;	83.199977376;	1.6;	8359936.0;	184548.0;	0.0;	0.13333333333333333;	0.0;	0.0
1376577069;	2;	5199.998586;	83.199977376;	1.6;	8359936.0;	83884.8;	0.0;	0.13333333333333333;	0.0;	0.0
1376577369;	2;	5199.998586;	98.799973134;	1.9;	8359936.0;	150993.86666666667;	0.0;	5.466666666666667;	0.06666666666666667;	0.0
1376577669;	2;	5199.998586;	83.199977376;	1.6;	8359936.0;	318765.86666666664;	0.0;	0.13333333333333333;	0.0;	0.0
1376577970;	2;	5199.998586;	83.199977376;	1.6;	8359936.0;	83884.8;	0.0;	0.06666666666666667;	0.0;	0.0
1376578270;	2;	5199.998586;	90.133308824;	1.7333333333333334;	8359936.0;	16776.8;	0.0;	0.13333333333333333;	0.0;	0.0
1376578570;	2;	5199.998586;	95.33330741;	1.8333333333333335;	8359936.0;	16776.8;	0.0;	0.06666666666666667;	0.0;	0.0
1376578870;	2;	5199.998586;	95.33330741;	1.8333333333333335;	8359936.0;	61516.0;	0.0;	0.13333333333333333;	0.0;	0.0
1376579170;	2;	5199.998586;	105.73330458199999;	2.033333333333333;	8359936.0;	100661.6;	0.0;	6.6;	2.6666666666666665;	0.0
1376579470;	2;	5199.998586;	103.99997171999999;	2.0;	8359936.0;	144893.45454545456;	0.0;	10.0;	4.545454545454546;	0.0
1376579770;	2;	5199.998586;	121.33330034000001;	2.3333333333333335;	8359936.0;	83884.8;	0.0;	9.133333333333333;	4.2;	0.0
1376580070;	2;	5199.998586;	105.73330458199999;	2.033333333333333;	8359936.0;	123031.73333333334;	0.0;	9.8;	4.4;	0.0
1376580370;	2;	5199.998586;	107.46663744399999;	2.0666666666666664;	8359936.0;	33553.6;	0.0;	9.933333333333334;	4.333333333333333;	0.0
1376580670;	2;	5199.998586;	105.73330458199999;	2.033333333333333;	8359936.0;	50330.4;	0.0;	9.933333333333334;	4.4;	0.0
1376580970;	2;	5199.998586;	126.533298926;	2.4333333333333336;	8359936.0;	184547.73333333334;	0.0;	15.333333333333334;	4.4;	0.0
1376581270;	2;	5199.998586;	103.99997171999999;	2.0;	8359936.0;	318766.13333333336;	0.0;	10.066666666666666;	4.533333333333333;	0.0
1376581570;	2;	5199.998586;	109.199970306;	2.1;	8359936.0;	106254.93333333333;	0.0;	9.866666666666667;	4.466666666666667;	0.0
1376581870;	2;	5199.998586;	103.99997171999999;	2.0;	8359936.0;	106254.13333333333;	0.0;	9.866666666666667;	4.4;	0.0
1376582170;	2;	5199.998586;	109.199970306;	2.1;	8359936.0;	83884.8;	0.0;	9.733333333333333;	4.266666666666667;	0.0
1376582470;	2;	5199.998586;	105.73330458199999;	2.033333333333333;	8359936.0;	134216.8;	0.0;	10.4;	4.4;	0.0
1376582770;	2;	5199.998586;	112.66663602999999;	2.1666666666666665;	8359936.0;	111846.66666666667;	0.0;	10.8;	4.466666666666667;	0.0
1376583070;	2;	5199.998586;	105.73330458199999;	2.033333333333333;	8359936.0;	106255.2;	0.0;	10.133333333333333;	4.466666666666667;	0.0
1376583370;	2;	5199.998586;	109.199970306;	2.1;	8359936.0;	67108.0;	0.0;	10.266666666666667;	4.333333333333333;	0.0
1376583670;	2;	5199.998586;	103.99997171999999;	2.0;	8359936.0;	83884.8;	0.0;	10.0;	4.533333333333333;	0.0
1376583970;	2;	5199.998586;	109.199970306;	2.1;	8359936.0;	61514.933333333334;	0.0;	10.0;	4.466666666666667;	0.0
1376584270;	2;	5199.998586;	103.99997171999999;	2.0;	8359936.0;	78292.26666666666;	0.0;	10.0;	4.533333333333333;	0.0
1376584570;	2;	5199.998586;	126.533298926;	2.4333333333333336;	8359936.0;	123031.2;	0.0;	15.333333333333334;	4.666666666666667;	0.0
1376584870;	2;	5199.998586;	103.99997171999999;	2.0;	8359936.0;	223695.46666666667;	0.0;	10.066666666666666;	4.333333333333333;	0.0
1376585170;	2;	5199.998586;	109.199970306;	2.1;	8359936.0;	72700.53333333334;	0.0;	9.733333333333333;	4.4;	0.0
1376585470;	2;	5199.998586;	109.199970306;	2.1;	8359936.0;	33553.6;	0.0;	10.133333333333333;	4.4;	0.0
1376585770;	2;	5199.998586;	109.199970306;	2.1;	8359936.0;	83884.0;	0.0;	9.866666666666667;	4.333333333333333;	0.0
1376586070;	2;	5199.998586;	107.46663744399999;	2.0666666666666664;	8359936.0;	72699.46666666666;	0.0;	10.533333333333333;	4.4;	0.0
1376586370;	2;	5199.998586;	110.93330316799998;	2.1333333333333333;	8359936.0;	184549.06666666668;	0.0;	11.066666666666666;	4.466666666666667;	0.0
1376586670;	2;	5199.998586;	103.99997171999999;	2.0;	8359936.0;	184547.73333333334;	0.0;	9.933333333333334;	4.4;	0.0
1376586970;	2;	5199.998586;	107.46663744399999;	2.0666666666666664;	8359936.0;	134216.8;	0.0;	9.8;	4.4;	0.0
1376587270;	2;	5199.998586;	103.99997171999999;	2.0;	8359936.0;	33554.13333333333;	0.0;	9.733333333333333;	4.4;	0.0
1376587571;	2;	5199.998586;	107.46663744399999;	2.0666666666666664;	8359936.0;	67107.2;	0.0;	10.066666666666666;	4.4;	0.0
1376587871;	2;	5199.998586;	103.99997171999999;	2.0;	8359936.0;	50330.4;	0.0;	10.133333333333333;	4.4;	0.0
1376588171;	2;	5199.998586;	124.79996606399999;	2.4;	8359936.0;	139808.53333333333;	0.0;	15.4;	4.4;	0.0
1376588471;	2;	5199.998586;	103.99997171999999;	2.0;	8359936.0;	150993.6;	0.0;	9.8;	4.4;	0.0
1376588771;	2;	5199.998586;	109.199970306;	2.1;	8359936.0;	128624.26666666666;	0.0;	9.666666666666666;	4.466666666666667;	0.0
1376589071;	2;	5199.998586;	103.99997171999999;	2.0;	8359936.0;	156585.6;	0.0;	10.066666666666666;	4.466666666666667;	0.0
1376589371;	2;	5199.998586;	103.99997171999999;	2.0;	8359936.0;	55922.933333333334;	0.0;	10.0;	4.333333333333333;	0.0
1376589670;	2;	5199.998586;	103.99997171999999;	2.0;	8359936.0;	145401.06666666668;	0.0;	10.466666666666667;	4.4;	0.0
1376589970;	2;	5199.998586;	109.199970306;	2.1;	8359936.0;	111846.93333333333;	0.0;	10.666666666666666;	4.2;	0.0
1376590270;	2;	5199.998586;	103.99997171999999;	2.0;	8359936.0;	83884.0;	0.0;	9.933333333333334;	4.333333333333333;	0.0
1376590570;	2;	5199.998586;	109.199970306;	2.1;	8359936.0;	61515.73333333333;	0.0;	10.066666666666666;	4.333333333333333;	0.0
1376590870;	2;	5199.998586;	103.99997171999999;	2.0;	8359936.0;	117440.0;	0.0;	10.0;	4.4;	0.0
1376591170;	2;	5199.998586;	109.199970306;	2.1;	8359936.0;	83885.6;	0.0;	10.133333333333333;	4.4;	0.0
1376591470;	2;	5199.998586;	103.99997171999999;	2.0;	8359936.0;	117439.46666666666;	0.0;	10.066666666666666;	4.466666666666667;	0.0
1376591771;	2;	5199.998586;	124.79996606399999;	2.4;	8359936.0;	100662.66666666667;	0.0;	15.333333333333334;	4.466666666666667;	0.0
1376592071;	2;	5199.998586;	103.99997171999999;	2.0;	8359936.0;	274027.2;	0.0;	10.066666666666666;	4.333333333333333;	0.0
1376592371;	2;	5199.998586;	107.46663744399999;	2.0666666666666664;	8359936.0;	50330.4;	0.0;	9.866666666666667;	4.4;	0.0
1376592671;	2;	5199.998586;	103.99997171999999;	2.0;	8359936.0;	72699.73333333334;	0.0;	9.933333333333334;	4.266666666666667;	0.0
1376592971;	2;	5199.998586;	105.73330458199999;	2.033333333333333;	8359936.0;	134217.06666666668;	0.0;	10.066666666666666;	4.266666666666667;	0.0
1376593271;	2;	5199.998586;	103.99997171999999;	2.0;	8359936.0;	128624.26666666666;	0.0;	10.333333333333334;	4.533333333333333;	0.0
1376593571;	2;	5199.998586;	105.73330458199999;	2.033333333333333;	8359936.0;	134216.0;	0.0;	10.4;	4.4;	0.0
1376593871;	2;	5199.998586;	105.73330458199999;	2.033333333333333;	8359936.0;	156585.86666666667;	0.0;	10.0;	4.4;	0.0
1376594171;	2;	5199.998586;	107.46663744399999;	2.0666666666666664;	8359936.0;	117440.0;	0.0;	9.8;	4.4;	0.0
1376594471;	2;	5199.998586;	105.73330458199999;	2.033333333333333;	8359936.0;	67108.8;	0.0;	9.733333333333333;	4.4;	0.0
1376594771;	2;	5199.998586;	105.73330458199999;	2.033333333333333;	8359936.0;	117440.0;	0.0;	10.066666666666666;	4.333333333333333;	0.0
1376595071;	2;	5199.998586;	103.99997171999999;	2.0;	8359936.0;	100661.6;	0.0;	9.8;	4.4;	0.0
1376595371;	2;	5199.998586;	121.33330034000001;	2.3333333333333335;	8359936.0;	134216.0;	0.0;	15.333333333333334;	4.533333333333333;	0.0
1376595671;	2;	5199.998586;	103.99997171999999;	2.0;	8359936.0;	234879.2;	0.0;	10.0;	4.466666666666667;	0.0
1376595971;	2;	5199.998586;	107.46663744399999;	2.0666666666666664;	8359936.0;	33553.6;	0.0;	9.933333333333334;	4.333333333333333;	0.0
1376596271;	2;	5199.998586;	103.99997171999999;	2.0;	8359936.0;	67107.2;	0.0;	9.933333333333334;	4.466666666666667;	0.0
1376596571;	2;	5199.998586;	103.99997171999999;	2.0;	8359936.0;	44738.13333333333;	0.0;	10.066666666666666;	4.333333333333333;	0.0
1376596871;	2;	5199.998586;	103.99997171999999;	2.0;	8359936.0;	156586.4;	0.0;	10.266666666666667;	4.533333333333333;	0.0
1376597171;	2;	5199.998586;	105.73330458199999;	2.033333333333333;	8359936.0;	251657.6;	0.0;	10.933333333333334;	4.4;	0.0
1376597471;	2;	5199.998586;	103.99997171999999;	2.0;	8359936.0;	150994.4;	0.0;	9.8;	4.333333333333333;	0.0
1376597771;	2;	5199.998586;	107.46663744399999;	2.0666666666666664;	8359936.0;	67107.2;	0.0;	9.666666666666666;	4.4;	0.0
1376598071;	2;	5199.998586;	103.99997171999999;	2.0;	8359936.0;	83884.0;	0.0;	10.066666666666666;	4.266666666666667;	0.0
1376598371;	2;	5199.998586;	107.46663744399999;	2.0666666666666664;	8359936.0;	83884.0;	0.0;	9.733333333333333;	4.466666666666667;	0.0
1376598671;	2;	5199.998586;	103.99997171999999;	2.0;	8359936.0;	145401.86666666667;	0.0;	9.866666666666667;	4.4;	0.0
1376598971;	2;	5199.998586;	121.33330034000001;	2.3333333333333335;	8359936.0;	167771.2;	0.0;	15.333333333333334;	4.4;	0.0
1376599271;	2;	5199.998586;	103.99997171999999;	2.0;	8359936.0;	201325.6;	0.0;	10.066666666666666;	4.533333333333333;	0.0
1376599571;	2;	5199.998586;	105.73330458199999;	2.033333333333333;	8359936.0;	95070.13333333333;	0.0;	9.866666666666667;	4.333333333333333;	0.0
1376599871;	2;	5199.998586;	103.99997171999999;	2.0;	8359936.0;	72700.8;	0.0;	9.866666666666667;	4.266666666666667;	0.0
1376600171;	2;	5199.998586;	107.46663744399999;	2.0666666666666664;	8359936.0;	83884.0;	0.0;	9.8;	4.333333333333333;	0.0
1376600471;	2;	5199.998586;	107.46663744399999;	2.0666666666666664;	8359936.0;	167771.2;	0.0;	10.266666666666667;	4.4;	0.0
1376600771;	2;	5199.998586;	109.199970306;	2.1;	8359936.0;	134216.0;	0.0;	10.466666666666667;	4.466666666666667;	0.0
1376601072;	2;	5199.998586;	103.99997171999999;	2.0;	8359936.0;	83884.0;	0.0;	9.933333333333334;	4.4;	0.0
1376601372;	2;	5199.998586;	107.46663744399999;	2.0666666666666664;	8359936.0;	139808.8;	0.0;	9.8;	4.466666666666667;	0.0
1376601672;	2;	5199.998586;	103.99997171999999;	2.0;	8359936.0;	50330.666666666664;	0.0;	10.0;	4.466666666666667;	0.0
1376601972;	2;	5199.998586;	107.46663744399999;	2.0666666666666664;	8359936.0;	50330.666666666664;	0.0;	9.866666666666667;	4.466666666666667;	0.0
1376602272;	2;	5199.998586;	103.99997171999999;	2.0;	8359936.0;	173362.4;	0.0;	9.933333333333334;	4.466666666666667;	0.0
1376602572;	2;	5199.998586;	129.99996465;	2.5;	8359936.0;	223694.4;	0.0;	15.333333333333334;	4.466666666666667;	0.0
1376602872;	2;	5199.998586;	112.66663602999999;	2.1666666666666665;	8359936.0;	274026.4;	0.0;	9.866666666666667;	4.4;	0.0
1376603172;	2;	5199.998586;	107.46663744399999;	2.0666666666666664;	8359936.0;	50330.4;	0.0;	9.933333333333334;	4.4;	0.0
1376603472;	2;	5199.998586;	103.99997171999999;	2.0;	8359936.0;	55922.666666666664;	0.0;	9.666666666666666;	4.2;	0.0
1376603772;	2;	5199.998586;	107.46663744399999;	2.0666666666666664;	8359936.0;	50330.933333333334;	0.0;	10.866666666666667;	4.4;	0.0
1376604072;	2;	5199.998586;	105.73330458199999;	2.033333333333333;	8359936.0;	134215.73333333334;	0.0;	10.333333333333334;	4.466666666666667;	0.0
1376604372;	2;	5199.998586;	103.99997171999999;	2.0;	8359936.0;	134216.8;	0.0;	10.266666666666667;	4.4;	0.0
1376604672;	2;	5199.998586;	88.39997596199998;	1.7;	8359936.0;	95069.6;	0.0;	3.2666666666666666;	1.4;	0.0
1376604972;	2;	5199.998586;	81.466644514;	1.5666666666666667;	8359936.0;	22369.6;	0.0;	0.13333333333333333;	0.0;	0.0
1376605272;	2;	5199.998586;	79.733311652;	1.5333333333333334;	8359936.0;	61516.0;	0.0;	0.13333333333333333;	0.0;	0.0
1376605572;	2;	5199.998586;	81.466644514;	1.5666666666666667;	8359936.0;	44738.13333333333;	0.0;	0.13333333333333333;	0.0;	0.0
1376605872;	2;	5199.998586;	79.733311652;	1.5333333333333334;	8359936.0;	44738.13333333333;	0.0;	0.13333333333333333;	0.0;	0.0
1376606172;	2;	5199.998586;	112.66663602999999;	2.1666666666666665;	8359936.0;	83885.06666666667;	0.0;	8.733333333333333;	0.13333333333333333;	0.13333333333333333
1376606472;	2;	5199.998586;	138.66662896000003;	2.666666666666667;	8359936.0;	486537.6;	0.0;	24.866666666666667;	0.4666666666666667;	1.1333333333333333
1376606772;	2;	5199.998586;	81.466644514;	1.5666666666666667;	8359936.0;	123032.0;	0.0;	0.13333333333333333;	0.0;	0.0
1376607072;	2;	5199.998586;	79.733311652;	1.5333333333333334;	8359936.0;	27961.333333333332;	0.0;	0.13333333333333333;	0.0;	0.0
1376607372;	2;	5199.998586;	81.466644514;	1.5666666666666667;	8359936.0;	5592.266666666666;	0.0;	0.13333333333333333;	0.0;	0.0
1376607672;	2;	5199.998586;	81.466644514;	1.5666666666666667;	8359936.0;	44738.13333333333;	0.0;	0.5333333333333333;	0.06666666666666667;	0.0
1376607972;	2;	5199.998586;	90.133308824;	1.7333333333333334;	8359936.0;	27961.6;	0.0;	1.1333333333333333;	0.06666666666666667;	0.0
1376608272;	2;	5199.998586;	79.733311652;	1.5333333333333334;	8359936.0;	106254.4;	0.0;	0.13333333333333333;	0.0;	0.0
1376608572;	2;	5199.998586;	84.93331023800002;	1.6333333333333335;	8359936.0;	0.0;	0.0;	0.15384615384615385;	0.0;	0.0
1376608872;	2;	5199.998586;	90.133308824;	1.7333333333333334;	8359936.0;	83884.8;	0.0;	0.14285714285714285;	0.0;	0.0
1376609172;	2;	5199.998586;	77.99997879;	1.5;	8359936.0;	0.0;	0.0;	0.13333333333333333;	0.0;	0.0
1376609472;	2;	5199.998586;	79.733311652;	1.5333333333333334;	8359936.0;	16776.8;	0.0;	0.13333333333333333;	0.0;	0.0
1376609772;	2;	5199.998586;	95.33330741;	1.8333333333333335;	8359936.0;	95069.86666666667;	0.0;	5.733333333333333;	0.06666666666666667;	0.0
1376610072;	2;	5199.998586;	77.99997879;	1.5;	8359936.0;	240471.73333333334;	0.0;	0.13333333333333333;	0.0;	0.0
1376610372;	2;	5199.998586;	79.733311652;	1.5333333333333334;	8359936.0;	0.0;	0.0;	0.13333333333333333;	0.0;	0.0
1376610672;	2;	5199.998586;	77.99997879;	1.5;	8359936.0;	83885.6;	0.0;	0.06666666666666667;	0.0;	0.0
1376610972;	2;	5199.998586;	77.99997879;	1.5;	8359936.0;	0.0;	0.0;	0.06666666666666667;	0.0;	0.0
1376611272;	2;	5199.998586;	79.733311652;	1.5333333333333334;	8359936.0;	11184.533333333333;	0.0;	0.5333333333333333;	0.0;	0.0
1376611572;	2;	5199.998586;	142.13329468399996;	2.733333333333333;	8359936.0;	78293.06666666667;	0.0;	38.6;	2.3333333333333335;	153.0
1376611872;	2;	5199.998586;	601.466503114;	11.566666666666668;	8359936.0;	408244.26666666666;	0.0;	80.2;	5.266666666666667;	115.46666666666667
1376612172;	2;	5199.998586;	81.466644514;	1.5666666666666667;	8359936.0;	285211.2;	0.0;	1.1333333333333333;	0.0;	0.0
1376612472;	2;	5199.998586;	77.99997879;	1.5;	8359936.0;	134216.0;	0.0;	0.06666666666666667;	0.0;	0.0
1376612772;	2;	5199.998586;	81.466644514;	1.5666666666666667;	8359936.0;	16776.8;	0.0;	0.06666666666666667;	0.0;	0.0
1376613072;	2;	5199.998586;	79.733311652;	1.5333333333333334;	8359936.0;	67108.8;	0.0;	0.06666666666666667;	0.0;	0.0
1376613372;	2;	5199.998586;	97.06664027199999;	1.8666666666666665;	8359936.0;	100661.86666666667;	0.0;	5.6;	0.06666666666666667;	0.0
1376613672;	2;	5199.998586;	79.733311652;	1.5333333333333334;	8359936.0;	218102.4;	0.0;	0.06666666666666667;	0.0;	0.0
1376613972;	2;	5199.998586;	79.733311652;	1.5333333333333334;	8359936.0;	0.0;	0.0;	0.06666666666666667;	0.0;	0.0
1376614272;	2;	5199.998586;	83.199977376;	1.6;	8359936.0;	128624.0;	0.0;	0.06666666666666667;	0.0;	0.0
1376614572;	2;	5199.998586;	81.466644514;	1.5666666666666667;	8359936.0;	83885.6;	0.0;	0.06666666666666667;	0.0;	0.0
1376614872;	2;	5199.998586;	81.466644514;	1.5666666666666667;	8359936.0;	39145.86666666667;	0.0;	0.4666666666666667;	0.06666666666666667;	0.0
1376615172;	2;	5199.998586;	81.466644514;	1.5666666666666667;	8359936.0;	134216.8;	0.0;	0.5333333333333333;	0.0;	0.0
1376615472;	2;	5199.998586;	77.99997879;	1.5;	8359936.0;	0.0;	0.0;	0.06666666666666667;	0.0;	0.0
1376615772;	2;	5199.998586;	79.733311652;	1.5333333333333334;	8359936.0;	83885.6;	0.0;	0.06666666666666667;	0.0;	0.0
1376616072;	2;	5199.998586;	83.199977376;	1.6;	8359936.0;	0.0;	0.0;	0.06666666666666667;	0.0;	0.0
1376616372;	2;	5199.998586;	81.466644514;	1.5666666666666667;	8359936.0;	134216.8;	0.0;	0.06666666666666667;	0.0;	0.0
1376616672;	2;	5199.998586;	79.733311652;	1.5333333333333334;	8359936.0;	16776.8;	0.0;	0.06666666666666667;	0.0;	0.0
1376616973;	2;	5199.998586;	98.799973134;	1.9;	8359936.0;	128623.2;	0.0;	5.466666666666667;	0.06666666666666667;	0.0
1376617273;	2;	5199.998586;	81.466644514;	1.5666666666666667;	8359936.0;	251657.6;	0.0;	0.06666666666666667;	0.0;	0.0
1376617573;	2;	5199.998586;	81.466644514;	1.5666666666666667;	8359936.0;	33553.6;	0.0;	0.06666666666666667;	0.0;	0.0
1376617873;	2;	5199.998586;	83.199977376;	1.6;	8359936.0;	0.0;	0.0;	0.06666666666666667;	0.0;	0.0
1376618173;	2;	5199.998586;	81.466644514;	1.5666666666666667;	8359936.0;	50330.4;	0.0;	0.13333333333333333;	0.0;	0.0
1376618473;	2;	5199.998586;	233.99993637;	4.5;	8359936.0;	50330.4;	0.0;	2.2666666666666666;	1.6;	0.8
1376618773;	2;	5199.998586;	112.66663602999999;	2.1666666666666665;	8359936.0;	318766.6666666667;	0.0;	16.466666666666665;	6.866666666666666;	0.2
1376619073;	2;	5199.998586;	81.466644514;	1.5666666666666667;	8359936.0;	89477.6;	0.0;	0.13333333333333333;	0.0;	0.0
1376619373;	2;	5199.998586;	83.199977376;	1.6;	8359936.0;	44738.13333333333;	0.0;	0.13333333333333333;	0.0;	0.0
1376619673;	2;	5199.998586;	83.199977376;	1.6;	8359936.0;	95069.86666666667;	0.0;	0.13333333333333333;	0.0;	0.0
1376619973;	2;	5199.998586;	81.466644514;	1.5666666666666667;	8359936.0;	61515.2;	0.0;	0.13333333333333333;	0.0;	0.0
1376620273;	2;	5199.998586;	77.99997879;	1.5;	8359936.0;	44738.13333333333;	0.0;	0.13333333333333333;	0.0;	0.0
1376620573;	2;	5199.998586;	98.799973134;	1.9;	8359936.0;	134216.26666666666;	0.0;	5.466666666666667;	0.06666666666666667;	0.0
1376620873;	2;	5199.998586;	83.199977376;	1.6;	8359936.0;	234880.53333333333;	0.0;	0.06666666666666667;	0.0;	0.0
1376621173;	2;	5199.998586;	83.199977376;	1.6;	8359936.0;	78292.53333333334;	0.0;	0.06666666666666667;	0.0;	0.0
1376621473;	2;	5199.998586;	83.199977376;	1.6;	8359936.0;	55922.666666666664;	0.0;	0.06666666666666667;	0.0;	0.0
1376621773;	2;	5199.998586;	77.99997879;	1.5;	8359936.0;	0.0;	0.0;	0.06666666666666667;	0.0;	0.0
1376622073;	2;	5199.998586;	83.199977376;	1.6;	8359936.0;	83885.33333333333;	0.0;	0.4666666666666667;	0.06666666666666667;	0.0
1376622373;	2;	5199.998586;	83.199977376;	1.6;	8359936.0;	156587.2;	0.0;	0.7333333333333333;	0.0;	0.0
1376622673;	2;	5199.998586;	83.199977376;	1.6;	8359936.0;	111846.66666666667;	0.0;	0.06666666666666667;	0.0;	0.0
1376622973;	2;	5199.998586;	83.199977376;	1.6;	8359936.0;	117440.0;	0.0;	0.06666666666666667;	0.0;	0.0
1376623273;	2;	5199.998586;	83.199977376;	1.6;	8359936.0;	44739.2;	0.0;	0.06666666666666667;	0.0;	0.0
1376623573;	2;	5199.998586;	83.199977376;	1.6;	8359936.0;	33554.4;	0.0;	0.06666666666666667;	0.0;	0.0
1376623873;	2;	5199.998586;	79.733311652;	1.5333333333333334;	8359936.0;	78292.26666666666;	0.0;	0.06666666666666667;	0.0;	0.0
1376624173;	2;	5199.998586;	100.533305996;	1.9333333333333333;	8359936.0;	123032.0;	0.0;	5.466666666666667;	0.06666666666666667;	0.0
1376624473;	2;	5199.998586;	77.99997879;	1.5;	8359936.0;	251656.53333333333;	0.0;	0.06666666666666667;	0.0;	0.0
1376624773;	2;	5199.998586;	79.733311652;	1.5333333333333334;	8359936.0;	16776.8;	0.0;	0.06666666666666667;	0.0;	0.0
1376625073;	2;	5199.998586;	83.199977376;	1.6;	8359936.0;	83884.8;	0.0;	0.06666666666666667;	0.0;	0.0
1376625373;	2;	5199.998586;	81.466644514;	1.5666666666666667;	8359936.0;	61514.933333333334;	0.0;	0.06666666666666667;	0.0;	0.0
1376625673;	2;	5199.998586;	83.199977376;	1.6;	8359936.0;	67107.2;	0.0;	0.4666666666666667;	0.0;	0.0
1376625973;	2;	5199.998586;	86.66664309999999;	1.6666666666666665;	8359936.0;	150994.4;	0.0;	0.7333333333333333;	0.0;	0.0
1376626273;	2;	5199.998586;	81.466644514;	1.5666666666666667;	8359936.0;	95069.33333333333;	0.0;	0.06666666666666667;	0.0;	0.0
1376626573;	2;	5199.998586;	83.199977376;	1.6;	8359936.0;	55922.666666666664;	0.0;	0.06666666666666667;	0.0;	0.0
1376626873;	2;	5199.998586;	83.199977376;	1.6;	8359936.0;	11184.533333333333;	0.0;	0.06666666666666667;	0.0;	0.0
1376627173;	2;	5199.998586;	83.199977376;	1.6;	8359936.0;	0.0;	0.0;	0.06666666666666667;	0.0;	0.0
1376627473;	2;	5199.998586;	83.199977376;	1.6;	8359936.0;	0.0;	0.0;	0.06666666666666667;	0.0;	0.0
1376627773;	2;	5199.998586;	102.266638858;	1.9666666666666666;	8359936.0;	100661.86666666667;	0.0;	5.666666666666667;	0.06666666666666667;	0.0
1376628073;	2;	5199.998586;	83.199977376;	1.6;	8359936.0;	218102.13333333333;	0.0;	0.06666666666666667;	0.0;	0.0
1376628373;	2;	5199.998586;	83.199977376;	1.6;	8359936.0;	55922.666666666664;	0.0;	0.06666666666666667;	0.0;	0.0
1376628673;	2;	5199.998586;	83.199977376;	1.6;	8359936.0;	11184.533333333333;	0.0;	0.06666666666666667;	0.0;	0.0
1376628973;	2;	5199.998586;	83.199977376;	1.6;	8359936.0;	67108.26666666666;	0.0;	0.2;	0.0;	0.0
1376629273;	2;	5199.998586;	81.466644514;	1.5666666666666667;	8359936.0;	55923.2;	0.0;	0.4666666666666667;	0.0;	0.0
1376629573;	2;	5199.998586;	86.66664309999999;	1.6666666666666665;	8359936.0;	139809.33333333334;	0.0;	1.2666666666666666;	0.0;	0.0
1376629873;	2;	5199.998586;	83.199977376;	1.6;	8359936.0;	44738.666666666664;	0.0;	0.06666666666666667;	0.0;	0.0
1376630173;	2;	5199.998586;	83.199977376;	1.6;	8359936.0;	78292.53333333334;	0.0;	0.06666666666666667;	0.0;	0.0
1376630474;	2;	5199.998586;	83.199977376;	1.6;	8359936.0;	72699.46666666666;	0.0;	0.06666666666666667;	0.0;	0.0
1376630774;	2;	5199.998586;	84.93331023800002;	1.6333333333333335;	8359936.0;	83884.0;	0.0;	0.13333333333333333;	0.0;	0.0
1376631074;	2;	5199.998586;	83.199977376;	1.6;	8359936.0;	83884.0;	0.0;	0.06666666666666667;	0.0;	0.0
1376631374;	2;	5199.998586;	100.533305996;	1.9333333333333333;	8359936.0;	61516.0;	0.0;	5.533333333333333;	0.06666666666666667;	0.0
1376631674;	2;	5199.998586;	83.199977376;	1.6;	8359936.0;	150994.4;	0.0;	0.06666666666666667;	0.0;	0.0
1376631974;	2;	5199.998586;	83.199977376;	1.6;	8359936.0;	67108.8;	0.0;	0.06666666666666667;	0.0;	0.0
1376632274;	2;	5199.998586;	83.199977376;	1.6;	8359936.0;	83884.8;	0.0;	0.13333333333333333;	0.0;	0.0
1376632574;	2;	5199.998586;	83.199977376;	1.6;	8359936.0;	44738.13333333333;	0.0;	0.13333333333333333;	0.0;	0.0
1376632874;	2;	5199.998586;	90.133308824;	1.7333333333333334;	8359936.0;	83884.8;	0.0;	0.6;	0.0;	0.0
1376633174;	2;	5199.998586;	102.266638858;	1.9666666666666666;	8359936.0;	229287.73333333334;	0.0;	5.866666666666666;	0.0;	0.06666666666666667
1376633474;	2;	5199.998586;	84.93331023800002;	1.6333333333333335;	8359936.0;	134216.8;	0.0;	0.13333333333333333;	0.0;	0.0
1376633774;	2;	5199.998586;	83.199977376;	1.6;	8359936.0;	117440.0;	0.0;	0.13333333333333333;	0.0;	0.0
1376634074;	2;	5199.998586;	86.66664309999999;	1.6666666666666665;	8359936.0;	44738.13333333333;	0.0;	0.13333333333333333;	0.0;	0.0
1376634374;	2;	5199.998586;	83.199977376;	1.6;	8359936.0;	150994.4;	0.0;	0.06666666666666667;	0.0;	0.0
1376634674;	2;	5199.998586;	83.199977376;	1.6;	8359936.0;	67108.0;	0.0;	0.06666666666666667;	0.0;	0.0
1376634974;	2;	5199.998586;	103.99997171999999;	2.0;	8359936.0;	117440.0;	0.0;	5.533333333333333;	0.06666666666666667;	0.0
1376635274;	2;	5199.998586;	84.93331023800002;	1.6333333333333335;	8359936.0;	201326.4;	0.0;	0.06666666666666667;	0.0;	0.0
1376635574;	2;	5199.998586;	83.199977376;	1.6;	8359936.0;	67108.0;	0.0;	0.06666666666666667;	0.0;	0.0
1376635874;	2;	5199.998586;	84.93331023800002;	1.6333333333333335;	8359936.0;	67108.0;	0.0;	0.06666666666666667;	0.0;	0.0
1376636174;	2;	5199.998586;	83.199977376;	1.6;	8359936.0;	33553.6;	0.0;	0.06666666666666667;	0.0;	0.0
1376636474;	2;	5199.998586;	84.93331023800002;	1.6333333333333335;	8359936.0;	100662.4;	0.0;	0.4666666666666667;	0.0;	0.0
1376636774;	2;	5199.998586;	86.66664309999999;	1.6666666666666665;	8359936.0;	100662.66666666667;	0.0;	0.8666666666666667;	0.0;	0.0
1376637074;	2;	5199.998586;	84.93331023800002;	1.6333333333333335;	8359936.0;	178956.0;	0.0;	0.06666666666666667;	0.0;	0.0
1376637374;	2;	5199.998586;	83.199977376;	1.6;	8359936.0;	117438.4;	0.0;	0.06666666666666667;	0.0;	0.0
1376637674;	2;	5199.998586;	84.93331023800002;	1.6333333333333335;	8359936.0;	67107.2;	0.0;	0.06666666666666667;	0.0;	0.0
1376637974;	2;	5199.998586;	86.66664309999999;	1.6666666666666665;	8359936.0;	27961.333333333332;	0.0;	0.06666666666666667;	0.0;	0.0
1376638274;	2;	5199.998586;	88.39997596199998;	1.7;	8359936.0;	83885.6;	0.0;	0.06666666666666667;	0.0;	0.0
1376638574;	2;	5199.998586;	103.99997171999999;	2.0;	8359936.0;	139809.33333333334;	0.0;	5.466666666666667;	0.06666666666666667;	0.0
1376638874;	2;	5199.998586;	86.66664309999999;	1.6666666666666665;	8359936.0;	195733.06666666668;	0.0;	0.13333333333333333;	0.0;	0.0
1376639174;	2;	5199.998586;	83.199977376;	1.6;	8359936.0;	78292.8;	0.0;	0.13333333333333333;	0.0;	0.0
1376639474;	2;	5199.998586;	83.199977376;	1.6;	8359936.0;	83884.0;	0.0;	0.13333333333333333;	0.0;	0.0
1376639774;	2;	5199.998586;	83.199977376;	1.6;	8359936.0;	55922.666666666664;	0.0;	0.13333333333333333;	0.0;	0.0
1376640074;	2;	5199.998586;	84.93331023800002;	1.6333333333333335;	8359936.0;	11184.8;	0.0;	0.5333333333333333;	0.06666666666666667;	0.0
1376640374;	2;	5199.998586;	88.39997596199998;	1.7;	8359936.0;	117440.0;	0.0;	1.4;	0.0;	0.0
1376640674;	2;	5199.998586;	84.93331023800002;	1.6333333333333335;	8359936.0;	128625.06666666667;	0.0;	0.13333333333333333;	0.0;	0.0
1376640974;	2;	5199.998586;	83.199977376;	1.6;	8359936.0;	61516.0;	0.0;	0.13333333333333333;	0.0;	0.0
1376641275;	2;	5199.998586;	83.199977376;	1.6;	8359936.0;	0.0;	0.0;	0.06666666666666667;	0.0;	0.0
1376641575;	2;	5199.998586;	83.199977376;	1.6;	8359936.0;	83884.53333333334;	0.0;	0.06666666666666667;	0.0;	0.0
1376641875;	2;	5199.998586;	83.199977376;	1.6;	8359936.0;	67107.46666666666;	0.0;	0.06666666666666667;	0.0;	0.0
1376642175;	2;	5199.998586;	98.799973134;	1.9;	8359936.0;	78293.6;	0.0;	5.466666666666667;	0.06666666666666667;	0.0
1376642475;	2;	5199.998586;	83.199977376;	1.6;	8359936.0;	156586.13333333333;	0.0;	0.06666666666666667;	0.0;	0.0
1376642775;	2;	5199.998586;	83.199977376;	1.6;	8359936.0;	50330.4;	0.0;	0.06666666666666667;	0.0;	0.0
1376643075;	2;	5199.998586;	83.199977376;	1.6;	8359936.0;	72700.0;	0.0;	0.06666666666666667;	0.0;	0.0
1376643375;	2;	5199.998586;	86.66664309999999;	1.6666666666666665;	8359936.0;	61516.0;	0.0;	0.06666666666666667;	0.0;	0.0
1376643675;	2;	5199.998586;	83.199977376;	1.6;	8359936.0;	78291.73333333334;	0.0;	0.5333333333333333;	0.06666666666666667;	0.0
1376643975;	2;	5199.998586;	86.66664309999999;	1.6666666666666665;	8359936.0;	89477.06666666667;	0.0;	0.7333333333333333;	0.0;	0.0
1376644275;	2;	5199.998586;	83.199977376;	1.6;	8359936.0;	100662.4;	0.0;	0.13333333333333333;	0.0;	0.0
1376644575;	2;	5199.998586;	83.199977376;	1.6;	8359936.0;	106254.4;	0.0;	0.06666666666666667;	0.0;	0.0
1376644875;	2;	5199.998586;	83.199977376;	1.6;	8359936.0;	33554.4;	0.0;	0.06666666666666667;	0.0;	0.0
1376645175;	2;	5199.998586;	83.199977376;	1.6;	8359936.0;	89477.6;	0.0;	0.06666666666666667;	0.0;	0.0
1376645475;	2;	5199.998586;	83.199977376;	1.6;	8359936.0;	0.0;	0.0;	0.06666666666666667;	0.0;	0.0
1376645775;	2;	5199.998586;	100.533305996;	1.9333333333333333;	8359936.0;	61516.0;	0.0;	5.666666666666667;	0.06666666666666667;	0.0
1376646075;	2;	5199.998586;	83.199977376;	1.6;	8359936.0;	123032.0;	0.0;	0.13333333333333333;	0.0;	0.0
1376646375;	2;	5199.998586;	81.466644514;	1.5666666666666667;	8359936.0;	61514.933333333334;	0.0;	0.13333333333333333;	0.0;	0.0
1376646675;	2;	5199.998586;	83.199977376;	1.6;	8359936.0;	22369.6;	0.0;	0.13333333333333333;	0.0;	0.0
1376646975;	2;	5199.998586;	91.86664168599998;	1.7666666666666666;	8359936.0;	139809.6;	0.0;	4.8;	2.2;	0.0
1376647275;	2;	5199.998586;	103.99997171999999;	2.0;	8359936.0;	72699.46666666666;	0.0;	10.333333333333334;	4.4;	0.0
1376647575;	2;	5199.998586;	109.199970306;	2.1;	8359936.0;	190140.53333333333;	0.0;	10.4;	4.333333333333333;	0.0
1376647875;	2;	5199.998586;	105.73330458199999;	2.033333333333333;	8359936.0;	162177.86666666667;	0.0;	10.0;	4.6;	0.0
1376648175;	2;	5199.998586;	107.46663744399999;	2.0666666666666664;	8359936.0;	100661.6;	0.0;	9.866666666666667;	4.466666666666667;	0.0
1376648475;	2;	5199.998586;	103.99997171999999;	2.0;	8359936.0;	128623.73333333334;	0.0;	10.133333333333333;	4.4;	0.0
1376648775;	2;	5199.998586;	95.33330741;	1.8333333333333335;	8359936.0;	106255.46666666666;	0.0;	9.866666666666667;	4.333333333333333;	0.0
1376649075;	2;	5199.998586;	98.799973134;	1.9;	8359936.0;	83884.0;	0.0;	10.066666666666666;	4.4;	0.0
1376649375;	2;	5199.998586;	121.33330034000001;	2.3333333333333335;	8359936.0;	123032.26666666666;	0.0;	15.333333333333334;	4.533333333333333;	0.0
1376649675;	2;	5199.998586;	103.99997171999999;	2.0;	8359936.0;	346728.5333333333;	0.0;	9.866666666666667;	4.4;	0.0
1376649975;	2;	5199.998586;	97.06664027199999;	1.8666666666666665;	8359936.0;	22369.6;	0.0;	9.933333333333334;	4.466666666666667;	0.0
1376650276;	2;	5199.998586;	98.799973134;	1.9;	8359936.0;	50330.4;	0.0;	10.2;	4.4;	0.0
1376650576;	2;	5199.998586;	103.99997171999999;	2.0;	8359936.0;	128623.73333333334;	0.0;	9.8;	4.4;	0.0
1376650876;	2;	5199.998586;	102.266638858;	1.9666666666666666;	8359936.0;	83884.0;	0.0;	10.333333333333334;	4.466666666666667;	0.0
1376651176;	2;	5199.998586;	100.533305996;	1.9333333333333333;	8359936.0;	139809.33333333334;	0.0;	11.133333333333333;	4.4;	0.0
1376651476;	2;	5199.998586;	102.266638858;	1.9666666666666666;	8359936.0;	167770.4;	0.0;	9.866666666666667;	4.333333333333333;	0.0
1376651776;	2;	5199.998586;	98.799973134;	1.9;	8359936.0;	150994.4;	0.0;	9.933333333333334;	4.466666666666667;	0.0
1376652076;	2;	5199.998586;	98.799973134;	1.9;	8359936.0;	83884.8;	0.0;	9.933333333333334;	4.466666666666667;	0.0
1376652376;	2;	5199.998586;	102.266638858;	1.9666666666666666;	8359936.0;	106254.4;	0.0;	9.8;	4.4;	0.0
1376652676;	2;	5199.998586;	98.799973134;	1.9;	8359936.0;	184548.8;	0.0;	9.866666666666667;	4.333333333333333;	0.0
1376652976;	2;	5199.998586;	110.93330316799998;	2.1333333333333333;	8359936.0;	95070.4;	0.0;	15.6;	4.466666666666667;	0.0
1376653276;	2;	5199.998586;	90.133308824;	1.7333333333333334;	8359936.0;	184548.8;	0.0;	9.8;	4.333333333333333;	0.0
1376653576;	2;	5199.998586;	91.86664168599998;	1.7666666666666666;	8359936.0;	150994.4;	0.0;	10.066666666666666;	4.466666666666667;	0.0
1376653876;	2;	5199.998586;	93.59997454799999;	1.8;	8359936.0;	39146.4;	0.0;	9.866666666666667;	4.333333333333333;	0.0
1376654176;	2;	5199.998586;	93.59997454799999;	1.8;	8359936.0;	156586.4;	0.0;	9.933333333333334;	4.466666666666667;	0.0
1376654476;	2;	5199.998586;	95.33330741;	1.8333333333333335;	8359936.0;	184548.0;	0.0;	10.4;	4.6;	0.0
1376654776;	2;	5199.998586;	102.266638858;	1.9666666666666666;	8359936.0;	167771.2;	0.0;	10.466666666666667;	4.4;	0.0
1376655076;	2;	5199.998586;	90.133308824;	1.7333333333333334;	8359936.0;	150993.6;	0.0;	10.2;	4.466666666666667;	0.0
1376655376;	2;	5199.998586;	93.59997454799999;	1.8;	8359936.0;	117438.4;	0.0;	10.0;	4.466666666666667;	0.0
1376655676;	2;	5199.998586;	86.66664309999999;	1.6666666666666665;	8359936.0;	123031.2;	0.0;	10.0;	4.266666666666667;	0.0
1376655976;	2;	5199.998586;	102.266638858;	1.9666666666666666;	8359936.0;	139808.26666666666;	0.0;	10.066666666666666;	4.4;	0.0
1376656276;	2;	5199.998586;	95.33330741;	1.8333333333333335;	8359936.0;	134215.73333333334;	0.0;	9.866666666666667;	4.4;	0.0
1376656576;	2;	5199.998586;	109.199970306;	2.1;	8359936.0;	212510.13333333333;	0.0;	15.466666666666667;	4.4;	0.0
1376656876;	2;	5199.998586;	84.93331023800002;	1.6333333333333335;	8359936.0;	178955.2;	0.0;	9.866666666666667;	4.333333333333333;	0.0
1376657176;	2;	5199.998586;	91.86664168599998;	1.7666666666666666;	8359936.0;	117439.2;	0.0;	10.0;	4.333333333333333;	0.0
1376657476;	2;	5199.998586;	88.39997596199998;	1.7;	8359936.0;	83884.0;	0.0;	9.866666666666667;	4.333333333333333;	0.0
1376657776;	2;	5199.998586;	81.466644514;	1.5666666666666667;	8359936.0;	128624.26666666666;	0.0;	10.066666666666666;	4.333333333333333;	0.0
1376658076;	2;	5199.998586;	88.39997596199998;	1.7;	8359936.0;	240472.0;	0.0;	10.133333333333333;	4.466666666666667;	0.06666666666666667
1376658376;	2;	5199.998586;	95.33330741;	1.8333333333333335;	8359936.0;	190140.0;	0.0;	10.733333333333333;	4.533333333333333;	0.0
1376658676;	2;	5199.998586;	98.799973134;	1.9;	8359936.0;	67107.2;	0.0;	10.0;	4.466666666666667;	0.0
1376658976;	2;	5199.998586;	86.66664309999999;	1.6666666666666665;	8359936.0;	83884.0;	0.0;	9.933333333333334;	4.466666666666667;	0.0
1376659276;	2;	5199.998586;	84.93331023800002;	1.6333333333333335;	8359936.0;	106254.66666666667;	0.0;	10.133333333333333;	4.333333333333333;	0.0
1376659576;	2;	5199.998586;	91.86664168599998;	1.7666666666666666;	8359936.0;	55923.2;	0.0;	10.0;	4.4;	0.0
1376659876;	2;	5199.998586;	91.86664168599998;	1.7666666666666666;	8359936.0;	67107.46666666666;	0.0;	10.2;	4.533333333333333;	0.0
1376660176;	2;	5199.998586;	109.199970306;	2.1;	8359936.0;	139808.8;	0.0;	15.466666666666667;	4.533333333333333;	0.0
1376660476;	2;	5199.998586;	100.533305996;	1.9333333333333333;	8359936.0;	301989.3333333333;	0.0;	10.133333333333333;	4.4;	0.0
1376660776;	2;	5199.998586;	97.06664027199999;	1.8666666666666665;	8359936.0;	123032.26666666666;	0.0;	10.133333333333333;	4.6;	0.0
1376661076;	2;	5199.998586;	90.133308824;	1.7333333333333334;	8359936.0;	16776.8;	0.0;	9.933333333333334;	4.466666666666667;	0.0
1376661376;	2;	5199.998586;	90.133308824;	1.7333333333333334;	8359936.0;	55923.2;	0.0;	10.0;	4.533333333333333;	0.0
1376661676;	2;	5199.998586;	93.59997454799999;	1.8;	8359936.0;	167772.0;	0.0;	10.6;	4.6;	0.06666666666666667
1376661976;	2;	5199.998586;	95.33330741;	1.8333333333333335;	8359936.0;	173363.2;	0.0;	11.133333333333333;	4.666666666666667;	0.0
1376662276;	2;	5199.998586;	97.06664027199999;	1.8666666666666665;	8359936.0;	184548.0;	0.0;	9.933333333333334;	4.533333333333333;	0.0
1376662576;	2;	5199.998586;	90.133308824;	1.7333333333333334;	8359936.0;	150993.6;	0.0;	10.266666666666667;	4.533333333333333;	0.0
1376662876;	2;	5199.998586;	91.86664168599998;	1.7666666666666666;	8359936.0;	117438.4;	0.0;	9.866666666666667;	4.466666666666667;	0.0
1376663176;	2;	5199.998586;	98.799973134;	1.9;	8359936.0;	83884.0;	0.0;	10.066666666666666;	4.533333333333333;	0.0
1376663476;	2;	5199.998586;	107.46663744399999;	2.0666666666666664;	8359936.0;	83884.0;	0.0;	10.0;	4.466666666666667;	0.0
1376663777;	2;	5199.998586;	135.199963236;	2.6;	8359936.0;	134215.73333333334;	0.0;	15.866666666666667;	4.6;	0.0
1376664077;	2;	5199.998586;	97.06664027199999;	1.8666666666666665;	8359936.0;	234880.26666666666;	0.0;	10.133333333333333;	4.4;	0.0
1376664377;	2;	5199.998586;	95.33330741;	1.8333333333333335;	8359936.0;	111846.93333333333;	0.0;	10.066666666666666;	4.4;	0.0
1376664677;	2;	5199.998586;	93.59997454799999;	1.8;	8359936.0;	139809.86666666667;	0.0;	9.866666666666667;	4.4;	0.0
1376664977;	2;	5199.998586;	91.86664168599998;	1.7666666666666666;	8359936.0;	190140.8;	0.0;	10.133333333333333;	4.533333333333333;	0.0
1376665277;	2;	5199.998586;	95.33330741;	1.8333333333333335;	8359936.0;	111846.93333333333;	0.0;	10.466666666666667;	4.6;	0.06666666666666667
1376665577;	2;	5199.998586;	97.06664027199999;	1.8666666666666665;	8359936.0;	128624.0;	0.0;	10.933333333333334;	4.466666666666667;	0.0
1376665877;	2;	5199.998586;	95.33330741;	1.8333333333333335;	8359936.0;	72700.53333333334;	0.0;	10.133333333333333;	4.4;	0.0
1376666177;	2;	5199.998586;	95.33330741;	1.8333333333333335;	8359936.0;	173362.93333333332;	0.0;	10.0;	4.333333333333333;	0.0
1376666477;	2;	5199.998586;	91.86664168599998;	1.7666666666666666;	8359936.0;	156585.6;	0.0;	10.2;	4.4;	0.0
1376666777;	2;	5199.998586;	98.799973134;	1.9;	8359936.0;	100662.4;	0.0;	10.333333333333334;	4.4;	0.0
1376667077;	2;	5199.998586;	95.33330741;	1.8333333333333335;	8359936.0;	150994.13333333333;	0.0;	10.2;	4.466666666666667;	0.0
1376667377;	2;	5199.998586;	114.399968892;	2.2;	8359936.0;	246063.73333333334;	0.0;	15.4;	4.466666666666667;	0.0
1376667677;	2;	5199.998586;	88.39997596199998;	1.7;	8359936.0;	184548.0;	0.0;	10.2;	4.4;	0.0
1376667977;	2;	5199.998586;	91.86664168599998;	1.7666666666666666;	8359936.0;	83884.0;	0.0;	9.8;	4.4;	0.0
1376668277;	2;	5199.998586;	98.799973134;	1.9;	8359936.0;	150993.6;	0.0;	10.4;	4.533333333333333;	0.0
1376668577;	2;	5199.998586;	103.99997171999999;	2.0;	8359936.0;	201325.6;	0.0;	10.066666666666666;	4.466666666666667;	0.0
1376668877;	2;	5199.998586;	102.266638858;	1.9666666666666666;	8359936.0;	145400.8;	0.0;	10.466666666666667;	4.533333333333333;	0.06666666666666667
1376669177;	2;	5199.998586;	109.199970306;	2.1;	8359936.0;	251656.0;	0.0;	10.6;	4.4;	0.0
1376669477;	2;	5199.998586;	103.99997171999999;	2.0;	8359936.0;	184548.0;	0.0;	10.2;	4.533333333333333;	0.0
1376669777;	2;	5199.998586;	103.99997171999999;	2.0;	8359936.0;	117439.2;	0.0;	10.066666666666666;	4.466666666666667;	0.0
1376670077;	2;	5199.998586;	98.799973134;	1.9;	8359936.0;	83884.0;	0.0;	10.2;	4.466666666666667;	0.0
1376670377;	2;	5199.998586;	103.99997171999999;	2.0;	8359936.0;	16776.8;	0.0;	10.0;	4.533333333333333;	0.0
1376670677;	2;	5199.998586;	107.46663744399999;	2.0666666666666664;	8359936.0;	117438.4;	0.0;	10.266666666666667;	4.533333333333333;	0.0
1376670977;	2;	5199.998586;	124.79996606399999;	2.4;	8359936.0;	150993.6;	0.0;	15.666666666666666;	4.6;	0.0
1376671277;	2;	5199.998586;	100.533305996;	1.9333333333333333;	8359936.0;	234879.2;	0.0;	10.2;	4.533333333333333;	0.0
1376671577;	2;	5199.998586;	102.266638858;	1.9666666666666666;	8359936.0;	100661.6;	0.0;	10.066666666666666;	4.533333333333333;	0.0
1376671878;	2;	5199.998586;	102.266638858;	1.9666666666666666;	8359936.0;	95069.6;	0.0;	10.2;	4.466666666666667;	0.0
1376672178;	2;	5199.998586;	103.99997171999999;	2.0;	8359936.0;	201324.8;	0.0;	10.066666666666666;	4.466666666666667;	0.0
1376672478;	2;	5199.998586;	88.39997596199998;	1.7;	8359936.0;	44738.4;	0.0;	2.2666666666666666;	0.6;	0.0
1376672778;	2;	5199.998586;	88.39997596199998;	1.7;	8359936.0;	117440.0;	0.0;	1.1333333333333333;	0.0;	0.0
1376673078;	2;	5199.998586;	81.466644514;	1.5666666666666667;	8359936.0;	117439.2;	0.0;	0.06666666666666667;	0.0;	0.0
1376673378;	2;	5199.998586;	79.733311652;	1.5333333333333334;	8359936.0;	67108.26666666666;	0.0;	0.06666666666666667;	0.0;	0.0
1376673678;	2;	5199.998586;	81.466644514;	1.5666666666666667;	8359936.0;	83885.6;	0.0;	0.06666666666666667;	0.0;	0.0
1376673978;	2;	5199.998586;	79.733311652;	1.5333333333333334;	8359936.0;	39146.13333333333;	0.0;	0.06666666666666667;	0.0;	0.0
1376674278;	2;	5199.998586;	81.466644514;	1.5666666666666667;	8359936.0;	117439.46666666666;	0.0;	0.06666666666666667;	0.0;	0.0
1376674578;	2;	5199.998586;	105.73330458199999;	2.033333333333333;	8359936.0;	128624.8;	0.0;	5.533333333333333;	0.06666666666666667;	0.0
1376674878;	2;	5199.998586;	81.466644514;	1.5666666666666667;	8359936.0;	201325.86666666667;	0.0;	0.06666666666666667;	0.0;	0.0
1376675178;	2;	5199.998586;	79.733311652;	1.5333333333333334;	8359936.0;	0.0;	0.0;	0.06666666666666667;	0.0;	0.0
1376675478;	2;	5199.998586;	81.466644514;	1.5666666666666667;	8359936.0;	16776.8;	0.0;	0.06666666666666667;	0.0;	0.0
1376675778;	2;	5199.998586;	79.733311652;	1.5333333333333334;	8359936.0;	11184.8;	0.0;	0.06666666666666667;	0.0;	0.0
1376676078;	2;	5199.998586;	86.66664309999999;	1.6666666666666665;	8359936.0;	83885.86666666667;	0.0;	0.4666666666666667;	0.06666666666666667;	0.0
1376676378;	2;	5199.998586;	83.199977376;	1.6;	8359936.0;	39145.86666666667;	0.0;	0.8;	0.0;	0.0
1376676678;	2;	5199.998586;	77.99997879;	1.5;	8359936.0;	0.0;	0.0;	0.06666666666666667;	0.0;	0.0
1376676978;	2;	5199.998586;	77.99997879;	1.5;	8359936.0;	50330.666666666664;	0.0;	0.06666666666666667;	0.0;	0.0
1376677278;	2;	5199.998586;	81.466644514;	1.5666666666666667;	8359936.0;	123031.73333333334;	0.0;	0.06666666666666667;	0.0;	0.0
1376677578;	2;	5199.998586;	77.99997879;	1.5;	8359936.0;	50330.4;	0.0;	0.06666666666666667;	0.0;	0.0
1376677878;	2;	5199.998586;	77.99997879;	1.5;	8359936.0;	22369.066666666666;	0.0;	0.06666666666666667;	0.0;	0.0
1376678178;	2;	5199.998586;	103.99997171999999;	2.0;	8359936.0;	44739.2;	0.0;	5.466666666666667;	0.06666666666666667;	0.0
1376678478;	2;	5199.998586;	81.466644514;	1.5666666666666667;	8359936.0;	178956.8;	0.0;	0.06666666666666667;	0.0;	0.0
1376678778;	2;	5199.998586;	79.733311652;	1.5333333333333334;	8359936.0;	5592.266666666666;	0.0;	0.06666666666666667;	0.0;	0.0
1376679078;	2;	5199.998586;	81.466644514;	1.5666666666666667;	8359936.0;	72699.46666666666;	0.0;	0.06666666666666667;	0.0;	0.0
1376679378;	2;	5199.998586;	77.99997879;	1.5;	8359936.0;	16777.066666666666;	0.0;	0.06666666666666667;	0.0;	0.0
1376679679;	2;	5199.998586;	79.733311652;	1.5333333333333334;	8359936.0;	117439.46666666666;	0.0;	0.5333333333333333;	0.06666666666666667;	0.0
1376679979;	2;	5199.998586;	88.39997596199998;	1.7;	8359936.0;	22369.066666666666;	0.0;	0.5333333333333333;	0.0;	0.0
1376680279;	2;	5199.998586;	81.466644514;	1.5666666666666667;	8359936.0;	167771.2;	0.0;	0.06666666666666667;	0.0;	0.0
1376680579;	2;	5199.998586;	79.733311652;	1.5333333333333334;	8359936.0;	27961.333333333332;	0.0;	0.06666666666666667;	0.0;	0.0
1376680879;	2;	5199.998586;	81.466644514;	1.5666666666666667;	8359936.0;	33553.6;	0.0;	0.06666666666666667;	0.0;	0.0
1376681179;	2;	5199.998586;	77.99997879;	1.5;	8359936.0;	11184.8;	0.0;	0.06666666666666667;	0.0;	0.0
1376681479;	2;	5199.998586;	81.466644514;	1.5666666666666667;	8359936.0;	128624.26666666666;	0.0;	0.06666666666666667;	0.0;	0.0
1376681779;	2;	5199.998586;	95.33330741;	1.8333333333333335;	8359936.0;	44738.4;	0.0;	5.733333333333333;	0.06666666666666667;	0.0
1376682079;	2;	5199.998586;	79.733311652;	1.5333333333333334;	8359936.0;	134216.53333333333;	0.0;	0.06666666666666667;	0.0;	0.0
1376682379;	2;	5199.998586;	81.466644514;	1.5666666666666667;	8359936.0;	39145.86666666667;	0.0;	0.06666666666666667;	0.0;	0.0
1376682679;	2;	5199.998586;	83.199977376;	1.6;	8359936.0;	67107.2;	0.0;	0.06666666666666667;	0.0;	0.0
1376682979;	2;	5199.998586;	79.733311652;	1.5333333333333334;	8359936.0;	67107.2;	0.0;	0.06666666666666667;	0.0;	0.0
1376683279;	2;	5199.998586;	88.39997596199998;	1.7;	8359936.0;	100661.6;	0.0;	0.4666666666666667;	0.06666666666666667;	0.0
1376683579;	2;	5199.998586;	88.39997596199998;	1.7;	8359936.0;	106254.13333333333;	0.0;	1.1333333333333333;	0.0;	0.0
1376683879;	2;	5199.998586;	77.99997879;	1.5;	8359936.0;	134216.0;	0.0;	0.06666666666666667;	0.0;	0.0
1376684179;	2;	5199.998586;	83.199977376;	1.6;	8359936.0;	117438.4;	0.0;	0.06666666666666667;	0.0;	0.0
1376684479;	2;	5199.998586;	83.199977376;	1.6;	8359936.0;	111846.93333333333;	0.0;	0.06666666666666667;	0.0;	0.0
1376684779;	2;	5199.998586;	83.199977376;	1.6;	8359936.0;	78292.53333333334;	0.0;	0.2;	0.0;	0.0
1376685079;	2;	5199.998586;	83.199977376;	1.6;	8359936.0;	162178.4;	0.0;	0.13333333333333333;	0.0;	0.0
1376685379;	2;	5199.998586;	102.266638858;	1.9666666666666666;	8359936.0;	117440.0;	0.0;	5.533333333333333;	0.06666666666666667;	0.0
1376685679;	2;	5199.998586;	83.199977376;	1.6;	8359936.0;	50330.4;	0.0;	0.13333333333333333;	0.0;	0.0
1376685979;	2;	5199.998586;	83.199977376;	1.6;	8359936.0;	145402.4;	0.0;	0.13333333333333333;	0.0;	0.0
1376686279;	2;	5199.998586;	83.199977376;	1.6;	8359936.0;	0.0;	0.0;	0.13333333333333333;	0.0;	0.0
1376686579;	2;	5199.998586;	83.199977376;	1.6;	8359936.0;	55922.666666666664;	0.0;	0.13333333333333333;	0.0;	0.0
1376686879;	2;	5199.998586;	84.93331023800002;	1.6333333333333335;	8359936.0;	33553.6;	0.0;	0.4666666666666667;	0.0;	0.0
1376687179;	2;	5199.998586;	86.66664309999999;	1.6666666666666665;	8359936.0;	100661.6;	0.0;	0.5333333333333333;	0.0;	0.0
1376687479;	2;	5199.998586;	83.199977376;	1.6;	8359936.0;	50330.4;	0.0;	0.06666666666666667;	0.0;	0.0
1376687779;	2;	5199.998586;	83.199977376;	1.6;	8359936.0;	50330.4;	0.0;	0.06666666666666667;	0.0;	0.0
1376688079;	2;	5199.998586;	83.199977376;	1.6;	8359936.0;	0.0;	0.0;	0.06666666666666667;	0.0;	0.0
1376688379;	2;	5199.998586;	83.199977376;	1.6;	8359936.0;	67107.2;	0.0;	0.06666666666666667;	0.0;	0.0
1376688679;	2;	5199.998586;	83.199977376;	1.6;	8359936.0;	67108.0;	0.0;	0.06666666666666667;	0.0;	0.0
1376688979;	2;	5199.998586;	105.73330458199999;	2.033333333333333;	8359936.0;	167771.2;	0.0;	5.466666666666667;	0.06666666666666667;	0.0
1376689279;	2;	5199.998586;	84.93331023800002;	1.6333333333333335;	8359936.0;	167771.2;	0.0;	0.06666666666666667;	0.0;	0.0
1376689579;	2;	5199.998586;	83.199977376;	1.6;	8359936.0;	134216.0;	0.0;	0.06666666666666667;	0.0;	0.0
1376689879;	2;	5199.998586;	86.66664309999999;	1.6666666666666665;	8359936.0;	83884.8;	0.0;	0.06666666666666667;	0.0;	0.0
1376690179;	2;	5199.998586;	83.199977376;	1.6;	8359936.0;	100661.6;	0.0;	0.9333333333333333;	0.0;	0.0
1376690479;	2;	5199.998586;	84.93331023800002;	1.6333333333333335;	8359936.0;	39145.86666666667;	0.0;	0.4666666666666667;	0.0;	0.0
1376690779;	2;	5199.998586;	86.66664309999999;	1.6666666666666665;	8359936.0;	100662.4;	0.0;	0.8;	0.06666666666666667;	0.0
1376691079;	2;	5199.998586;	83.199977376;	1.6;	8359936.0;	50330.4;	0.0;	0.06666666666666667;	0.0;	0.0
1376691379;	2;	5199.998586;	83.199977376;	1.6;	8359936.0;	50331.2;	0.0;	0.06666666666666667;	0.0;	0.0
1376691679;	2;	5199.998586;	83.199977376;	1.6;	8359936.0;	50330.4;	0.0;	0.06666666666666667;	0.0;	0.0
1376691979;	2;	5199.998586;	83.199977376;	1.6;	8359936.0;	50330.4;	0.0;	0.06666666666666667;	0.0;	0.0
1376692279;	2;	5199.998586;	83.199977376;	1.6;	8359936.0;	83884.8;	0.0;	0.06666666666666667;	0.0;	0.0
1376692579;	2;	5199.998586;	121.33330034000001;	2.3333333333333335;	8359936.0;	145401.33333333334;	0.0;	15.466666666666667;	0.26666666666666666;	0.6
1376692879;	2;	5199.998586;	83.199977376;	1.6;	8359936.0;	167771.2;	0.0;	0.06666666666666667;	0.0;	0.0
1376693179;	2;	5199.998586;	83.199977376;	1.6;	8359936.0;	67108.0;	0.0;	0.06666666666666667;	0.0;	0.0
1376693480;	2;	5199.998586;	83.199977376;	1.6;	8359936.0;	16776.8;	0.0;	0.06666666666666667;	0.0;	0.0
1376693780;	2;	5199.998586;	83.199977376;	1.6;	8359936.0;	55923.73333333333;	0.0;	0.06666666666666667;	0.0;	0.0
1376694080;	2;	5199.998586;	88.39997596199998;	1.7;	8359936.0;	16776.8;	0.0;	0.4666666666666667;	0.06666666666666667;	0.0
1376694380;	2;	5199.998586;	88.39997596199998;	1.7;	8359936.0;	67108.0;	0.0;	0.8666666666666667;	0.0;	0.0
1376694680;	2;	5199.998586;	83.199977376;	1.6;	8359936.0;	22369.066666666666;	0.0;	0.06666666666666667;	0.0;	0.0
1376694980;	2;	5199.998586;	83.199977376;	1.6;	8359936.0;	72700.8;	0.0;	0.06666666666666667;	0.0;	0.0
1376695280;	2;	5199.998586;	83.199977376;	1.6;	8359936.0;	67108.8;	0.0;	0.0;	0.0;	0.0
1376695580;	2;	5199.998586;	93.59997454799999;	1.8;	8359936.0;	16776.8;	0.0;	0.07142857142857142;	0.0;	0.0
1376695880;	2;	5199.998586;	83.199977376;	1.6;	8359936.0;	89477.6;	0.0;	0.06666666666666667;	0.0;	0.0
1376696180;	2;	5199.998586;	103.99997171999999;	2.0;	8359936.0;	195733.86666666667;	0.0;	5.466666666666667;	0.06666666666666667;	0.0
1376696480;	2;	5199.998586;	83.199977376;	1.6;	8359936.0;	240472.8;	0.0;	0.06666666666666667;	0.0;	0.0
1376696780;	2;	5199.998586;	88.39997596199998;	1.7;	8359936.0;	167771.2;	0.0;	0.06666666666666667;	0.0;	0.0
1376697080;	2;	5199.998586;	83.199977376;	1.6;	8359936.0;	78292.8;	0.0;	0.06666666666666667;	0.0;	0.0
1376697380;	2;	5199.998586;	83.199977376;	1.6;	8359936.0;	55922.666666666664;	0.0;	0.06666666666666667;	0.0;	0.0
1376697680;	2;	5199.998586;	84.93331023800002;	1.6333333333333335;	8359936.0;	61515.2;	0.0;	0.4666666666666667;	0.0;	0.0
1376697980;	2;	5199.998586;	86.66664309999999;	1.6666666666666665;	8359936.0;	145401.86666666667;	0.0;	0.8666666666666667;	0.06666666666666667;	0.0
1376698280;	2;	5199.998586;	88.39997596199998;	1.7;	8359936.0;	78292.0;	0.0;	3.3333333333333335;	0.06666666666666667;	0.13333333333333333
1376698580;	2;	5199.998586;	83.199977376;	1.6;	8359936.0;	111846.66666666667;	0.0;	0.13333333333333333;	0.0;	0.0
1376698880;	2;	5199.998586;	88.39997596199998;	1.7;	8359936.0;	67108.26666666666;	0.0;	0.13333333333333333;	0.0;	0.0
1376699180;	2;	5199.998586;	83.199977376;	1.6;	8359936.0;	83885.6;	0.0;	0.13333333333333333;	0.0;	0.0
1376699480;	2;	5199.998586;	83.199977376;	1.6;	8359936.0;	72700.53333333334;	0.0;	0.13333333333333333;	0.0;	0.0
1376699780;	2;	5199.998586;	109.199970306;	2.1;	8359936.0;	89478.13333333333;	0.0;	64.86666666666666;	15.0;	0.13333333333333333
1376700080;	2;	5199.998586;	83.199977376;	1.6;	8359936.0;	206918.4;	0.0;	0.13333333333333333;	0.0;	0.0
1376700380;	2;	5199.998586;	83.199977376;	1.6;	8359936.0;	100662.93333333333;	0.0;	0.13333333333333333;	0.0;	0.0
1376700680;	2;	5199.998586;	84.93331023800002;	1.6333333333333335;	8359936.0;	72700.8;	0.0;	0.06666666666666667;	0.0;	0.0
1376700980;	2;	5199.998586;	83.199977376;	1.6;	8359936.0;	50330.666666666664;	0.0;	0.06666666666666667;	0.0;	0.0
1376701280;	2;	5199.998586;	84.93331023800002;	1.6333333333333335;	8359936.0;	89477.6;	0.0;	0.4666666666666667;	0.06666666666666667;	0.0
1376701581;	2;	5199.998586;	86.66664309999999;	1.6666666666666665;	8359936.0;	139809.33333333334;	0.0;	0.8666666666666667;	0.0;	0.0
1376701881;	2;	5199.998586;	83.199977376;	1.6;	8359936.0;	72700.0;	0.0;	0.06666666666666667;	0.0;	0.0
1376702181;	2;	5199.998586;	83.199977376;	1.6;	8359936.0;	78292.0;	0.0;	0.06666666666666667;	0.0;	0.0
1376702481;	2;	5199.998586;	83.199977376;	1.6;	8359936.0;	134216.8;	0.0;	0.06666666666666667;	0.0;	0.0
1376702781;	2;	5199.998586;	83.199977376;	1.6;	8359936.0;	184548.8;	0.0;	0.13333333333333333;	0.0;	0.0
1376703081;	2;	5199.998586;	83.199977376;	1.6;	8359936.0;	117439.2;	0.0;	0.06666666666666667;	0.0;	0.0
1376703381;	2;	5199.998586;	103.99997171999999;	2.0;	8359936.0;	190141.33333333334;	0.0;	5.533333333333333;	0.06666666666666667;	0.0
1376703681;	2;	5199.998586;	83.199977376;	1.6;	8359936.0;	206917.06666666668;	0.0;	0.06666666666666667;	0.0;	0.0
1376703981;	2;	5199.998586;	83.199977376;	1.6;	8359936.0;	100661.6;	0.0;	0.06666666666666667;	0.0;	0.0
1376704281;	2;	5199.998586;	83.199977376;	1.6;	8359936.0;	100661.6;	0.0;	0.06666666666666667;	0.0;	0.0
1376704581;	2;	5199.998586;	83.199977376;	1.6;	8359936.0;	50330.4;	0.0;	0.06666666666666667;	0.0;	0.0
1376704881;	2;	5199.998586;	239.19993495599996;	4.6;	8359936.0;	150992.8;	0.0;	2.2666666666666666;	1.5333333333333334;	0.8
1376705181;	2;	5199.998586;	119.59996747799998;	2.3;	8359936.0;	385874.4;	0.0;	17.866666666666667;	6.866666666666666;	0.2
1376705481;	2;	5199.998586;	83.199977376;	1.6;	8359936.0;	134216.0;	0.0;	0.2;	0.0;	0.0
1376705781;	2;	5199.998586;	83.199977376;	1.6;	8359936.0;	111846.66666666667;	0.0;	0.13333333333333333;	0.0;	0.0
1376706081;	2;	5199.998586;	83.199977376;	1.6;	8359936.0;	67108.8;	0.0;	0.13333333333333333;	0.0;	0.0
1376706381;	2;	5199.998586;	91.86664168599998;	1.7666666666666666;	8359936.0;	167770.4;	0.0;	0.13333333333333333;	0.0;	0.0
1376706681;	2;	5199.998586;	83.199977376;	1.6;	8359936.0;	50331.2;	0.0;	0.13333333333333333;	0.0;	0.0
1376706981;	2;	5199.998586;	102.266638858;	1.9666666666666666;	8359936.0;	128624.8;	0.0;	5.533333333333333;	0.06666666666666667;	0.0
1376707281;	2;	5199.998586;	83.199977376;	1.6;	8359936.0;	134216.8;	0.0;	0.13333333333333333;	0.0;	0.0
1376707581;	2;	5199.998586;	83.199977376;	1.6;	8359936.0;	33553.6;	0.0;	0.06666666666666667;	0.0;	0.0
1376707881;	2;	5199.998586;	83.199977376;	1.6;	8359936.0;	27961.333333333332;	0.0;	0.06666666666666667;	0.0;	0.0
1376708181;	2;	5199.998586;	83.199977376;	1.6;	8359936.0;	67108.0;	0.0;	0.06666666666666667;	0.0;	0.0
1376708481;	2;	5199.998586;	84.93331023800002;	1.6333333333333335;	8359936.0;	72700.26666666666;	0.0;	0.5333333333333333;	0.06666666666666667;	0.0
1376708781;	2;	5199.998586;	88.39997596199998;	1.7;	8359936.0;	240471.46666666667;	0.0;	0.5333333333333333;	0.0;	0.0
1376709081;	2;	5199.998586;	83.199977376;	1.6;	8359936.0;	167771.2;	0.0;	0.06666666666666667;	0.0;	0.0
1376709381;	2;	5199.998586;	83.199977376;	1.6;	8359936.0;	55923.73333333333;	0.0;	0.06666666666666667;	0.0;	0.0
1376709681;	2;	5199.998586;	83.199977376;	1.6;	8359936.0;	44738.933333333334;	0.0;	0.06666666666666667;	0.0;	0.0
1376709981;	2;	5199.998586;	83.199977376;	1.6;	8359936.0;	95069.6;	0.0;	0.06666666666666667;	0.0;	0.0
1376710281;	2;	5199.998586;	83.199977376;	1.6;	8359936.0;	178956.8;	0.0;	0.13333333333333333;	0.0;	0.0
1376710581;	2;	5199.998586;	98.799973134;	1.9;	8359936.0;	173363.46666666667;	0.0;	5.533333333333333;	0.06666666666666667;	0.0
1376710881;	2;	5199.998586;	83.199977376;	1.6;	8359936.0;	268434.4;	0.0;	0.13333333333333333;	0.0;	0.0
1376711181;	2;	5199.998586;	83.199977376;	1.6;	8359936.0;	123031.73333333334;	0.0;	0.06666666666666667;	0.0;	0.0
1376711481;	2;	5199.998586;	83.199977376;	1.6;	8359936.0;	72700.26666666666;	0.0;	0.06666666666666667;	0.0;	0.0
1376711781;	2;	5199.998586;	83.199977376;	1.6;	8359936.0;	0.0;	0.0;	0.06666666666666667;	0.0;	0.0
1376712082;	2;	5199.998586;	83.199977376;	1.6;	8359936.0;	22369.066666666666;	0.0;	0.4666666666666667;	0.06666666666666667;	0.0
1376712382;	2;	5199.998586;	86.66664309999999;	1.6666666666666665;	8359936.0;	111846.93333333333;	0.0;	0.8666666666666667;	0.0;	0.0
1376712682;	2;	5199.998586;	81.466644514;	1.5666666666666667;	8359936.0;	100661.6;	0.0;	0.13333333333333333;	0.0;	0.0
1376712982;	2;	5199.998586;	83.199977376;	1.6;	8359936.0;	67107.2;	0.0;	0.13333333333333333;	0.0;	0.0
1376713282;	2;	5199.998586;	83.199977376;	1.6;	8359936.0;	117438.66666666667;	0.0;	0.13333333333333333;	0.0;	0.0
1376713582;	2;	5199.998586;	83.199977376;	1.6;	8359936.0;	111846.4;	0.0;	0.13333333333333333;	0.0;	0.0
1376713882;	2;	5199.998586;	83.199977376;	1.6;	8359936.0;	72700.53333333334;	0.0;	0.13333333333333333;	0.0;	0.0
1376714182;	2;	5199.998586;	102.266638858;	1.9666666666666666;	8359936.0;	72700.53333333334;	0.0;	5.466666666666667;	0.06666666666666667;	0.0
1376714482;	2;	5199.998586;	83.199977376;	1.6;	8359936.0;	296396.0;	0.0;	0.13333333333333333;	0.0;	0.0
1376714782;	2;	5199.998586;	81.466644514;	1.5666666666666667;	8359936.0;	72699.46666666666;	0.0;	0.06666666666666667;	0.0;	0.0
1376715082;	2;	5199.998586;	83.199977376;	1.6;	8359936.0;	11184.8;	0.0;	0.06666666666666667;	0.0;	0.0
1376715382;	2;	5199.998586;	83.199977376;	1.6;	8359936.0;	117439.46666666666;	0.0;	0.06666666666666667;	0.0;	0.0
1376715682;	2;	5199.998586;	83.199977376;	1.6;	8359936.0;	39145.86666666667;	0.0;	0.5333333333333333;	0.0;	0.0
1376715982;	2;	5199.998586;	91.86664168599998;	1.7666666666666666;	8359936.0;	39145.86666666667;	0.0;	1.0666666666666667;	0.0;	0.0
1376716282;	2;	5199.998586;	83.199977376;	1.6;	8359936.0;	72700.26666666666;	0.0;	0.06666666666666667;	0.0;	0.0
1376716582;	2;	5199.998586;	83.199977376;	1.6;	8359936.0;	67108.0;	0.0;	0.06666666666666667;	0.0;	0.0
1376716882;	2;	5199.998586;	81.466644514;	1.5666666666666667;	8359936.0;	16776.8;	0.0;	0.06666666666666667;	0.0;	0.0
1376717182;	2;	5199.998586;	83.199977376;	1.6;	8359936.0;	61514.933333333334;	0.0;	0.06666666666666667;	0.0;	0.0
1376717482;	2;	5199.998586;	83.199977376;	1.6;	8359936.0;	61514.933333333334;	0.0;	0.06666666666666667;	0.0;	0.0
1376717782;	2;	5199.998586;	100.533305996;	1.9333333333333333;	8359936.0;	150994.4;	0.0;	5.666666666666667;	0.06666666666666667;	0.0
1376718082;	2;	5199.998586;	83.199977376;	1.6;	8359936.0;	201324.8;	0.0;	0.06666666666666667;	0.0;	0.0
1376718382;	2;	5199.998586;	83.199977376;	1.6;	8359936.0;	150993.33333333334;	0.0;	0.06666666666666667;	0.0;	0.0
1376718682;	2;	5199.998586;	83.199977376;	1.6;	8359936.0;	117439.2;	0.0;	0.06666666666666667;	0.0;	0.0
1376718982;	2;	5199.998586;	83.199977376;	1.6;	8359936.0;	78292.53333333334;	0.0;	0.06666666666666667;	0.0;	0.0
1376719282;	2;	5199.998586;	84.93331023800002;	1.6333333333333335;	8359936.0;	0.0;	0.0;	0.4666666666666667;	0.0;	0.0
1376719582;	2;	5199.998586;	84.93331023800002;	1.6333333333333335;	8359936.0;	0.0;	0.0;	0.6;	0.0;	0.0
1376719882;	2;	5199.998586;	83.199977376;	1.6;	8359936.0;	22369.066666666666;	0.0;	0.13333333333333333;	0.0;	0.0
1376720182;	2;	5199.998586;	81.466644514;	1.5666666666666667;	8359936.0;	100662.4;	0.0;	0.13333333333333333;	0.0;	0.0
1376720482;	2;	5199.998586;	83.199977376;	1.6;	8359936.0;	83884.0;	0.0;	0.13333333333333333;	0.0;	0.0
1376720782;	2;	5199.998586;	83.199977376;	1.6;	8359936.0;	83884.0;	0.0;	0.2;	0.0;	0.0
1376721082;	2;	5199.998586;	84.93331023800002;	1.6333333333333335;	8359936.0;	83884.8;	0.0;	0.13333333333333333;	0.0;	0.0
1376721382;	2;	5199.998586;	107.46663744399999;	2.0666666666666664;	8359936.0;	201324.8;	0.0;	5.533333333333333;	0.06666666666666667;	0.0
1376721682;	2;	5199.998586;	83.199977376;	1.6;	8359936.0;	111846.93333333333;	0.0;	0.06666666666666667;	0.0;	0.0
1376721982;	2;	5199.998586;	83.199977376;	1.6;	8359936.0;	50330.4;	0.0;	0.06666666666666667;	0.0;	0.0
1376722282;	2;	5199.998586;	83.199977376;	1.6;	8359936.0;	100662.4;	0.0;	0.06666666666666667;	0.0;	0.0
1376722582;	2;	5199.998586;	86.66664309999999;	1.6666666666666665;	8359936.0;	61515.73333333333;	0.0;	0.06666666666666667;	0.0;	0.0
1376722882;	2;	5199.998586;	83.199977376;	1.6;	8359936.0;	55922.666666666664;	0.0;	0.5333333333333333;	0.0;	0.0
1376723182;	2;	5199.998586;	100.533305996;	1.9333333333333333;	8359936.0;	167771.2;	0.0;	5.466666666666667;	0.0;	0.06666666666666667
1376723482;	2;	5199.998586;	83.199977376;	1.6;	8359936.0;	67108.0;	0.0;	0.06666666666666667;	0.0;	0.0
1376723782;	2;	5199.998586;	83.199977376;	1.6;	8359936.0;	67108.0;	0.0;	0.06666666666666667;	0.0;	0.0
1376724082;	2;	5199.998586;	83.199977376;	1.6;	8359936.0;	106254.66666666667;	0.0;	0.06666666666666667;	0.0;	0.0
1376724382;	2;	5199.998586;	83.199977376;	1.6;	8359936.0;	33553.6;	0.0;	0.06666666666666667;	0.0;	0.0
1376724682;	2;	5199.998586;	83.199977376;	1.6;	8359936.0;	100662.4;	0.0;	0.06666666666666667;	0.0;	0.0
1376724982;	2;	5199.998586;	98.799973134;	1.9;	8359936.0;	190140.26666666666;	0.0;	5.466666666666667;	0.06666666666666667;	0.0
1376725282;	2;	5199.998586;	83.199977376;	1.6;	8359936.0;	83884.8;	0.0;	0.06666666666666667;	0.0;	0.0
1376725582;	2;	5199.998586;	81.466644514;	1.5666666666666667;	8359936.0;	50331.2;	0.0;	0.06666666666666667;	0.0;	0.0
1376725882;	2;	5199.998586;	83.199977376;	1.6;	8359936.0;	16776.8;	0.0;	0.06666666666666667;	0.0;	0.0
1376726182;	2;	5199.998586;	83.199977376;	1.6;	8359936.0;	16776.8;	0.0;	0.06666666666666667;	0.0;	0.0
1376726482;	2;	5199.998586;	84.93331023800002;	1.6333333333333335;	8359936.0;	0.0;	0.0;	0.4666666666666667;	0.06666666666666667;	0.0
1376726782;	2;	5199.998586;	93.59997454799999;	1.8;	8359936.0;	83884.0;	0.0;	1.1333333333333333;	0.0;	0.0
1376727082;	2;	5199.998586;	81.466644514;	1.5666666666666667;	8359936.0;	50331.2;	0.0;	0.06666666666666667;	0.0;	0.0
1376727382;	2;	5199.998586;	83.199977376;	1.6;	8359936.0;	44738.13333333333;	0.0;	0.06666666666666667;	0.0;	0.0
1376727682;	2;	5199.998586;	83.199977376;	1.6;	8359936.0;	83884.8;	0.0;	0.06666666666666667;	0.0;	0.0
1376727982;	2;	5199.998586;	83.199977376;	1.6;	8359936.0;	78292.53333333334;	0.0;	0.06666666666666667;	0.0;	0.0
1376728282;	2;	5199.998586;	83.199977376;	1.6;	8359936.0;	50330.4;	0.0;	0.06666666666666667;	0.0;	0.0
1376728583;	2;	5199.998586;	103.99997171999999;	2.0;	8359936.0;	123032.26666666666;	0.0;	5.466666666666667;	0.06666666666666667;	0.0
1376728883;	2;	5199.998586;	83.199977376;	1.6;	8359936.0;	184548.0;	0.0;	0.06666666666666667;	0.0;	0.0
1376729183;	2;	5199.998586;	83.199977376;	1.6;	8359936.0;	33553.6;	0.0;	0.06666666666666667;	0.0;	0.0
1376729483;	2;	5199.998586;	83.199977376;	1.6;	8359936.0;	0.0;	0.0;	0.06666666666666667;	0.0;	0.0
1376729783;	2;	5199.998586;	83.199977376;	1.6;	8359936.0;	0.0;	0.0;	0.06666666666666667;	0.0;	0.0
1376730083;	2;	5199.998586;	84.93331023800002;	1.6333333333333335;	8359936.0;	67107.73333333334;	0.0;	0.4666666666666667;	0.0;	0.0
1376730383;	2;	5199.998586;	86.66664309999999;	1.6666666666666665;	8359936.0;	139809.33333333334;	0.0;	0.6;	0.0;	0.0
1376730683;	2;	5199.998586;	83.199977376;	1.6;	8359936.0;	22369.066666666666;	0.0;	0.06666666666666667;	0.0;	0.0
1376730983;	2;	5199.998586;	83.199977376;	1.6;	8359936.0;	61515.73333333333;	0.0;	0.06666666666666667;	0.0;	0.0
1376731283;	2;	5199.998586;	83.199977376;	1.6;	8359936.0;	72700.26666666666;	0.0;	0.06666666666666667;	0.0;	0.0
1376731583;	2;	5199.998586;	83.199977376;	1.6;	8359936.0;	27961.333333333332;	0.0;	0.06666666666666667;	0.0;	0.0
1376731883;	2;	5199.998586;	83.199977376;	1.6;	8359936.0;	22369.066666666666;	0.0;	0.06666666666666667;	0.0;	0.0
1376732183;	2;	5199.998586;	103.99997171999999;	2.0;	8359936.0;	128624.53333333334;	0.0;	5.533333333333333;	0.06666666666666667;	0.0
1376732483;	2;	5199.998586;	83.199977376;	1.6;	8359936.0;	268434.93333333335;	0.0;	0.06666666666666667;	0.0;	0.0
1376732783;	2;	5199.998586;	83.199977376;	1.6;	8359936.0;	100662.66666666667;	0.0;	0.06666666666666667;	0.0;	0.0
1376733083;	2;	5199.998586;	83.199977376;	1.6;	8359936.0;	95069.6;	0.0;	0.06666666666666667;	0.0;	0.0
1376733383;	2;	5199.998586;	83.199977376;	1.6;	8359936.0;	27961.6;	0.0;	0.13333333333333333;	0.0;	0.0
1376733683;	2;	5199.998586;	90.133308824;	1.7333333333333334;	8359936.0;	78292.53333333334;	0.0;	0.5333333333333333;	0.0;	0.0
1376733983;	2;	5199.998586;	90.133308824;	1.7333333333333334;	8359936.0;	100661.6;	0.0;	0.8666666666666667;	0.0;	0.0
1376734283;	2;	5199.998586;	83.199977376;	1.6;	8359936.0;	44738.13333333333;	0.0;	0.13333333333333333;	0.0;	0.0
1376734583;	2;	5199.998586;	83.199977376;	1.6;	8359936.0;	89477.06666666667;	0.0;	0.13333333333333333;	0.0;	0.0
1376734883;	2;	5199.998586;	90.133308824;	1.7333333333333334;	8359936.0;	78292.53333333334;	0.0;	0.13333333333333333;	0.0;	0.0
1376735184;	2;	5199.998586;	88.39997596199998;	1.7;	8359936.0;	95070.66666666667;	0.0;	0.13333333333333333;	0.0;	0.0
1376735484;	2;	5199.998586;	86.66664309999999;	1.6666666666666665;	8359936.0;	27961.6;	0.0;	0.06666666666666667;	0.0;	0.0
1376735784;	2;	5199.998586;	105.73330458199999;	2.033333333333333;	8359936.0;	72700.26666666666;	0.0;	5.733333333333333;	0.06666666666666667;	0.0
1376736084;	2;	5199.998586;	83.199977376;	1.6;	8359936.0;	134216.26666666666;	0.0;	0.06666666666666667;	0.0;	0.0
1376736384;	2;	5199.998586;	83.199977376;	1.6;	8359936.0;	16776.8;	0.0;	0.06666666666666667;	0.0;	0.0
1376736684;	2;	5199.998586;	88.39997596199998;	1.7;	8359936.0;	22369.066666666666;	0.0;	0.06666666666666667;	0.0;	0.0
1376736984;	2;	5199.998586;	83.199977376;	1.6;	8359936.0;	78293.33333333333;	0.0;	0.06666666666666667;	0.0;	0.0
1376737284;	2;	5199.998586;	84.93331023800002;	1.6333333333333335;	8359936.0;	33554.4;	0.0;	0.4666666666666667;	0.0;	0.0
1376737584;	2;	5199.998586;	103.99997171999999;	2.0;	8359936.0;	106254.4;	0.0;	1.0;	0.0;	0.0
1376737884;	2;	5199.998586;	84.93331023800002;	1.6333333333333335;	8359936.0;	117438.93333333333;	0.0;	0.06666666666666667;	0.0;	0.0
1376738184;	2;	5199.998586;	84.93331023800002;	1.6333333333333335;	8359936.0;	212510.4;	0.0;	0.06666666666666667;	0.0;	0.0
1376738484;	2;	5199.998586;	84.93331023800002;	1.6333333333333335;	8359936.0;	150993.86666666667;	0.0;	0.06666666666666667;	0.0;	0.0
1376738784;	2;	5199.998586;	83.199977376;	1.6;	8359936.0;	134217.33333333334;	0.0;	0.13333333333333333;	0.0;	0.0
1376739084;	2;	5199.998586;	83.199977376;	1.6;	8359936.0;	95070.66666666667;	0.0;	0.06666666666666667;	0.0;	0.0
1376739384;	2;	5199.998586;	119.59996747799998;	2.3;	8359936.0;	162178.4;	0.0;	5.533333333333333;	0.06666666666666667;	0.0
1376739684;	2;	5199.998586;	88.39997596199998;	1.7;	8359936.0;	296395.73333333334;	0.0;	0.13333333333333333;	0.0;	0.0
1376739984;	2;	5199.998586;	84.93331023800002;	1.6333333333333335;	8359936.0;	111846.93333333333;	0.0;	0.06666666666666667;	0.0;	0.0
1376740284;	2;	5199.998586;	83.199977376;	1.6;	8359936.0;	128624.26666666666;	0.0;	0.13333333333333333;	0.0;	0.0
1376740584;	2;	5199.998586;	83.199977376;	1.6;	8359936.0;	50330.4;	0.0;	0.13333333333333333;	0.0;	0.0
1376740884;	2;	5199.998586;	84.93331023800002;	1.6333333333333335;	8359936.0;	72699.46666666666;	0.0;	0.6;	0.0;	0.0
1376741184;	2;	5199.998586;	90.133308824;	1.7333333333333334;	8359936.0;	100661.6;	0.0;	0.6;	0.0;	0.0
1376741484;	2;	5199.998586;	83.199977376;	1.6;	8359936.0;	33553.6;	0.0;	0.13333333333333333;	0.0;	0.0
1376741784;	2;	5199.998586;	83.199977376;	1.6;	8359936.0;	0.0;	0.0;	0.13333333333333333;	0.0;	0.0
1376742084;	2;	5199.998586;	83.199977376;	1.6;	8359936.0;	100662.4;	0.0;	0.13333333333333333;	0.0;	0.0
1376742384;	2;	5199.998586;	83.199977376;	1.6;	8359936.0;	78291.73333333334;	0.0;	0.06666666666666667;	0.0;	0.0
1376742684;	2;	5199.998586;	83.199977376;	1.6;	8359936.0;	61515.2;	0.0;	0.06666666666666667;	0.0;	0.0
1376742984;	2;	5199.998586;	98.799973134;	1.9;	8359936.0;	173362.4;	0.0;	5.466666666666667;	0.06666666666666667;	0.0
1376743284;	2;	5199.998586;	83.199977376;	1.6;	8359936.0;	117439.2;	0.0;	0.06666666666666667;	0.0;	0.0
1376743584;	2;	5199.998586;	83.199977376;	1.6;	8359936.0;	16776.8;	0.0;	0.06666666666666667;	0.0;	0.0
1376743885;	2;	5199.998586;	83.199977376;	1.6;	8359936.0;	44739.2;	0.0;	0.13333333333333333;	0.0;	0.0
1376744185;	2;	5199.998586;	83.199977376;	1.6;	8359936.0;	201325.6;	0.0;	0.06666666666666667;	0.0;	0.0
1376744485;	2;	5199.998586;	86.66664309999999;	1.6666666666666665;	8359936.0;	27961.333333333332;	0.0;	0.8;	0.06666666666666667;	0.0
1376744785;	2;	5199.998586;	84.93331023800002;	1.6333333333333335;	8359936.0;	111846.4;	0.0;	0.4666666666666667;	0.0;	0.0
1376745085;	2;	5199.998586;	83.199977376;	1.6;	8359936.0;	50331.2;	0.0;	0.13333333333333333;	0.0;	0.0
1376745385;	2;	5199.998586;	83.199977376;	1.6;	8359936.0;	16776.8;	0.0;	0.06666666666666667;	0.0;	0.0
1376745685;	2;	5199.998586;	83.199977376;	1.6;	8359936.0;	67108.0;	0.0;	0.13333333333333333;	0.0;	0.0
1376745985;	2;	5199.998586;	83.199977376;	1.6;	8359936.0;	50331.2;	0.0;	0.06666666666666667;	0.0;	0.0
1376746285;	2;	5199.998586;	83.199977376;	1.6;	8359936.0;	50330.4;	0.0;	0.06666666666666667;	0.0;	0.0
1376746585;	2;	5199.998586;	102.266638858;	1.9666666666666666;	8359936.0;	95069.6;	0.0;	5.533333333333333;	0.06666666666666667;	0.0
1376746885;	2;	5199.998586;	83.199977376;	1.6;	8359936.0;	184548.0;	0.0;	0.06666666666666667;	0.0;	0.0
1376747185;	2;	5199.998586;	83.199977376;	1.6;	8359936.0;	16776.8;	0.0;	0.13333333333333333;	0.0;	0.0
1376747485;	2;	5199.998586;	81.466644514;	1.5666666666666667;	8359936.0;	27961.866666666665;	0.0;	0.13333333333333333;	0.0;	0.0
1376747785;	2;	5199.998586;	83.199977376;	1.6;	8359936.0;	139809.33333333334;	0.0;	0.13333333333333333;	0.0;	0.0
1376748085;	2;	5199.998586;	83.199977376;	1.6;	8359936.0;	67107.2;	0.0;	0.8666666666666667;	0.0;	0.0
1376748385;	2;	5199.998586;	90.133308824;	1.7333333333333334;	8359936.0;	72700.8;	0.0;	1.0666666666666667;	0.0;	0.0
1376748685;	2;	5199.998586;	83.199977376;	1.6;	8359936.0;	100661.6;	0.0;	0.13333333333333333;	0.0;	0.0
1376748985;	2;	5199.998586;	83.199977376;	1.6;	8359936.0;	128624.26666666666;	0.0;	0.13333333333333333;	0.0;	0.0
1376749285;	2;	5199.998586;	83.199977376;	1.6;	8359936.0;	111847.2;	0.0;	0.06666666666666667;	0.0;	0.0
1376749585;	2;	5199.998586;	81.466644514;	1.5666666666666667;	8359936.0;	123032.0;	0.0;	0.06666666666666667;	0.0;	0.0
1376749885;	2;	5199.998586;	95.33330741;	1.8333333333333335;	8359936.0;	55923.2;	0.0;	0.06666666666666667;	0.0;	0.0
1376750185;	2;	5199.998586;	119.59996747799998;	2.3;	8359936.0;	162178.13333333333;	0.0;	5.466666666666667;	0.06666666666666667;	0.0
1376750485;	2;	5199.998586;	86.66664309999999;	1.6666666666666665;	8359936.0;	178956.0;	0.0;	0.06666666666666667;	0.0;	0.0
1376750785;	2;	5199.998586;	83.199977376;	1.6;	8359936.0;	83884.8;	0.0;	0.06666666666666667;	0.0;	0.0
1376751085;	2;	5199.998586;	102.266638858;	1.9666666666666666;	8359936.0;	55922.666666666664;	0.0;	0.06666666666666667;	0.0;	0.0
1376751385;	2;	5199.998586;	84.93331023800002;	1.6333333333333335;	8359936.0;	16776.8;	0.0;	0.06666666666666667;	0.0;	0.0
1376751685;	2;	5199.998586;	86.66664309999999;	1.6666666666666665;	8359936.0;	11184.8;	0.0;	0.4666666666666667;	0.0;	0.0
1376751985;	2;	5199.998586;	100.533305996;	1.9333333333333333;	8359936.0;	139809.33333333334;	0.0;	0.8;	0.0;	0.0
1376752285;	2;	5199.998586;	88.39997596199998;	1.7;	8359936.0;	106254.66666666667;	0.0;	0.06666666666666667;	0.0;	0.0
1376752586;	2;	5199.998586;	84.93331023800002;	1.6333333333333335;	8359936.0;	72699.46666666666;	0.0;	0.06666666666666667;	0.0;	0.0
1376752886;	2;	5199.998586;	83.199977376;	1.6;	8359936.0;	50330.4;	0.0;	0.06666666666666667;	0.0;	0.0
1376753186;	2;	5199.998586;	83.199977376;	1.6;	8359936.0;	212509.86666666667;	0.0;	0.06666666666666667;	0.0;	0.0
1376753485;	2;	5199.998586;	88.39997596199998;	1.7;	8359936.0;	16776.8;	0.0;	0.06666666666666667;	0.0;	0.0
1376753785;	2;	5199.998586;	117.866634616;	2.2666666666666666;	8359936.0;	16777.066666666666;	0.0;	5.666666666666667;	0.06666666666666667;	0.0
1376754085;	2;	5199.998586;	88.39997596199998;	1.7;	8359936.0;	156586.4;	0.0;	0.06666666666666667;	0.0;	0.0
1376754385;	2;	5199.998586;	84.93331023800002;	1.6333333333333335;	8359936.0;	78291.73333333334;	0.0;	0.13333333333333333;	0.0;	0.0
1376754685;	2;	5199.998586;	83.199977376;	1.6;	8359936.0;	0.0;	0.0;	0.13333333333333333;	0.0;	0.0
1376754985;	2;	5199.998586;	83.199977376;	1.6;	8359936.0;	39145.86666666667;	0.0;	0.13333333333333333;	0.0;	0.0
1376755285;	2;	5199.998586;	90.133308824;	1.7333333333333334;	8359936.0;	83885.6;	0.0;	0.5333333333333333;	0.0;	0.0
1376755585;	2;	5199.998586;	98.799973134;	1.9;	8359936.0;	72699.46666666666;	0.0;	0.8;	0.0;	0.0
1376755885;	2;	5199.998586;	84.93331023800002;	1.6333333333333335;	8359936.0;	111846.93333333333;	0.0;	0.13333333333333333;	0.0;	0.0
1376756185;	2;	5199.998586;	83.199977376;	1.6;	8359936.0;	100662.4;	0.0;	0.13333333333333333;	0.0;	0.0
1376756485;	2;	5199.998586;	86.66664309999999;	1.6666666666666665;	8359936.0;	67108.0;	0.0;	0.06666666666666667;	0.0;	0.0
1376756785;	2;	5199.998586;	86.66664309999999;	1.6666666666666665;	8359936.0;	83884.8;	0.0;	0.13333333333333333;	0.0;	0.0
1376757085;	2;	5199.998586;	86.66664309999999;	1.6666666666666665;	8359936.0;	206917.86666666667;	0.0;	0.06666666666666667;	0.0;	0.0
1376757385;	2;	5199.998586;	116.133301754;	2.2333333333333334;	8359936.0;	61515.46666666667;	0.0;	5.466666666666667;	0.06666666666666667;	0.0
1376757685;	2;	5199.998586;	86.66664309999999;	1.6666666666666665;	8359936.0;	72700.0;	0.0;	0.06666666666666667;	0.0;	0.0
1376757985;	2;	5199.998586;	97.06664027199999;	1.8666666666666665;	8359936.0;	67107.2;	0.0;	0.06666666666666667;	0.0;	0.0
1376758285;	2;	5199.998586;	86.66664309999999;	1.6666666666666665;	8359936.0;	95069.6;	0.0;	0.06666666666666667;	0.0;	0.0
1376758585;	2;	5199.998586;	83.199977376;	1.6;	8359936.0;	44738.13333333333;	0.0;	0.06666666666666667;	0.0;	0.0
1376758885;	2;	5199.998586;	86.66664309999999;	1.6666666666666665;	8359936.0;	61515.2;	0.0;	0.4666666666666667;	0.0;	0.0
1376759186;	2;	5199.998586;	97.06664027199999;	1.8666666666666665;	8359936.0;	218102.4;	0.0;	1.1333333333333333;	0.0;	0.0
1376759486;	2;	5199.998586;	90.133308824;	1.7333333333333334;	8359936.0;	100661.6;	0.0;	0.06666666666666667;	0.0;	0.0
1376759786;	2;	5199.998586;	93.59997454799999;	1.8;	8359936.0;	134217.6;	0.0;	0.06666666666666667;	0.0;	0.0
1376760086;	2;	5199.998586;	88.39997596199998;	1.7;	8359936.0;	67108.0;	0.0;	0.06666666666666667;	0.0;	0.0
1376760386;	2;	5199.998586;	83.199977376;	1.6;	8359936.0;	100661.6;	0.0;	0.06666666666666667;	0.0;	0.0
1376760686;	2;	5199.998586;	84.93331023800002;	1.6333333333333335;	8359936.0;	67107.2;	0.0;	0.06666666666666667;	0.0;	0.0
1376760986;	2;	5199.998586;	117.866634616;	2.2666666666666666;	8359936.0;	117438.4;	0.0;	5.466666666666667;	0.06666666666666667;	0.0
1376761286;	2;	5199.998586;	86.66664309999999;	1.6666666666666665;	8359936.0;	117439.2;	0.0;	0.06666666666666667;	0.0;	0.0
1376761586;	2;	5199.998586;	83.199977376;	1.6;	8359936.0;	44738.13333333333;	0.0;	0.06666666666666667;	0.0;	0.0
1376761886;	2;	5199.998586;	84.93331023800002;	1.6333333333333335;	8359936.0;	100661.6;	0.0;	0.06666666666666667;	0.0;	0.0
1376762186;	2;	5199.998586;	84.93331023800002;	1.6333333333333335;	8359936.0;	83884.8;	0.0;	0.06666666666666667;	0.0;	0.0
1376762486;	2;	5199.998586;	90.133308824;	1.7333333333333334;	8359936.0;	50330.4;	0.0;	0.4666666666666667;	0.06666666666666667;	0.0
1376762786;	2;	5199.998586;	97.06664027199999;	1.8666666666666665;	8359936.0;	134216.0;	0.0;	0.7333333333333333;	0.0;	0.0
1376763086;	2;	5199.998586;	83.199977376;	1.6;	8359936.0;	150993.6;	0.0;	0.06666666666666667;	0.0;	0.0
1376763386;	2;	5199.998586;	83.199977376;	1.6;	8359936.0;	0.0;	0.0;	0.06666666666666667;	0.0;	0.0
1376763686;	2;	5199.998586;	86.66664309999999;	1.6666666666666665;	8359936.0;	33553.6;	0.0;	0.06666666666666667;	0.0;	0.0
1376763986;	2;	5199.998586;	88.39997596199998;	1.7;	8359936.0;	67108.0;	0.0;	0.06666666666666667;	0.0;	0.0
1376764286;	2;	5199.998586;	93.59997454799999;	1.8;	8359936.0;	111847.46666666666;	0.0;	0.06666666666666667;	0.0;	0.0
1376764586;	2;	5199.998586;	116.133301754;	2.2333333333333334;	8359936.0;	117439.73333333334;	0.0;	5.466666666666667;	0.06666666666666667;	0.0
1376764886;	2;	5199.998586;	100.533305996;	1.9333333333333333;	8359936.0;	128623.2;	0.0;	0.06666666666666667;	0.0;	0.0
1376765186;	2;	5199.998586;	83.199977376;	1.6;	8359936.0;	22369.066666666666;	0.0;	0.06666666666666667;	0.0;	0.0
1376765486;	2;	5199.998586;	88.39997596199998;	1.7;	8359936.0;	0.0;	0.0;	0.06666666666666667;	0.0;	0.0
1376765786;	2;	5199.998586;	86.66664309999999;	1.6666666666666665;	8359936.0;	44738.13333333333;	0.0;	0.06666666666666667;	0.0;	0.0
1376766086;	2;	5199.998586;	93.59997454799999;	1.8;	8359936.0;	67108.0;	0.0;	0.4666666666666667;	0.0;	0.0
1376766386;	2;	5199.998586;	88.39997596199998;	1.7;	8359936.0;	55923.73333333333;	0.0;	0.5333333333333333;	0.0;	0.0
1376766686;	2;	5199.998586;	86.66664309999999;	1.6666666666666665;	8359936.0;	83884.8;	0.0;	0.06666666666666667;	0.0;	0.0
1376766986;	2;	5199.998586;	83.199977376;	1.6;	8359936.0;	16776.8;	0.0;	0.06666666666666667;	0.0;	0.0
1376767286;	2;	5199.998586;	83.199977376;	1.6;	8359936.0;	11184.533333333333;	0.0;	0.06666666666666667;	0.0;	0.0
1376767586;	2;	5199.998586;	84.93331023800002;	1.6333333333333335;	8359936.0;	67107.2;	0.0;	0.06666666666666667;	0.0;	0.0
1376767886;	2;	5199.998586;	83.199977376;	1.6;	8359936.0;	33553.6;	0.0;	0.06666666666666667;	0.0;	0.0
1376768187;	2;	5199.998586;	109.199970306;	2.1;	8359936.0;	123031.73333333334;	0.0;	5.6;	0.06666666666666667;	0.0
1376768487;	2;	5199.998586;	83.199977376;	1.6;	8359936.0;	246064.8;	0.0;	0.13333333333333333;	0.0;	0.0
1376768787;	2;	5199.998586;	86.66664309999999;	1.6666666666666665;	8359936.0;	33553.6;	0.0;	0.13333333333333333;	0.0;	0.0
1376769087;	2;	5199.998586;	84.93331023800002;	1.6333333333333335;	8359936.0;	0.0;	0.0;	0.13333333333333333;	0.0;	0.0
1376769387;	2;	5199.998586;	83.199977376;	1.6;	8359936.0;	83885.86666666667;	0.0;	0.13333333333333333;	0.0;	0.0
1376769687;	2;	5199.998586;	90.133308824;	1.7333333333333334;	8359936.0;	106255.2;	0.0;	0.5333333333333333;	0.0;	0.0
1376769987;	2;	5199.998586;	90.133308824;	1.7333333333333334;	8359936.0;	134217.06666666668;	0.0;	1.0666666666666667;	0.0;	0.0
1376770287;	2;	5199.998586;	88.39997596199998;	1.7;	8359936.0;	89476.53333333334;	0.0;	0.06666666666666667;	0.0;	0.0
1376770587;	2;	5199.998586;	83.199977376;	1.6;	8359936.0;	55924.0;	0.0;	0.06666666666666667;	0.0;	0.0
1376770887;	2;	5199.998586;	86.66664309999999;	1.6666666666666665;	8359936.0;	22369.066666666666;	0.0;	0.06666666666666667;	0.0;	0.0
1376771187;	2;	5199.998586;	83.199977376;	1.6;	8359936.0;	100661.6;	0.0;	0.06666666666666667;	0.0;	0.0
1376771487;	2;	5199.998586;	88.39997596199998;	1.7;	8359936.0;	83884.8;	0.0;	0.06666666666666667;	0.0;	0.0
1376771787;	2;	5199.998586;	105.73330458199999;	2.033333333333333;	8359936.0;	123031.2;	0.0;	5.733333333333333;	0.06666666666666667;	0.0
1376772087;	2;	5199.998586;	84.93331023800002;	1.6333333333333335;	8359936.0;	178955.73333333334;	0.0;	0.06666666666666667;	0.0;	0.0
1376772387;	2;	5199.998586;	100.533305996;	1.9333333333333333;	8359936.0;	117439.2;	0.0;	0.06666666666666667;	0.0;	0.0
1376772687;	2;	5199.998586;	83.199977376;	1.6;	8359936.0;	67108.0;	0.0;	0.06666666666666667;	0.0;	0.0
1376772987;	2;	5199.998586;	83.199977376;	1.6;	8359936.0;	55924.0;	0.0;	0.06666666666666667;	0.0;	0.0
1376773287;	2;	5199.998586;	86.66664309999999;	1.6666666666666665;	8359936.0;	95070.4;	0.0;	0.4666666666666667;	0.06666666666666667;	0.0
1376773587;	2;	5199.998586;	86.66664309999999;	1.6666666666666665;	8359936.0;	106254.93333333333;	0.0;	0.4666666666666667;	0.0;	0.0
1376773887;	2;	5199.998586;	86.66664309999999;	1.6666666666666665;	8359936.0;	111847.46666666666;	0.0;	0.06666666666666667;	0.0;	0.0
1376774187;	2;	5199.998586;	83.199977376;	1.6;	8359936.0;	78292.8;	0.0;	0.06666666666666667;	0.0;	0.0
1376774487;	2;	5199.998586;	83.199977376;	1.6;	8359936.0;	72700.8;	0.0;	0.06666666666666667;	0.0;	0.0
1376774787;	2;	5199.998586;	83.199977376;	1.6;	8359936.0;	50331.2;	0.0;	0.13333333333333333;	0.0;	0.0
1376775087;	2;	5199.998586;	90.133308824;	1.7333333333333334;	8359936.0;	83884.0;	0.0;	0.2;	0.0;	0.0
1376775387;	2;	5199.998586;	124.79996606399999;	2.4;	8359936.0;	162178.4;	0.0;	5.533333333333333;	0.06666666666666667;	0.0
1376775687;	2;	5199.998586;	100.533305996;	1.9333333333333333;	8359936.0;	156585.6;	0.0;	0.13333333333333333;	0.0;	0.0
1376775988;	2;	5199.998586;	84.93331023800002;	1.6333333333333335;	8359936.0;	67107.2;	0.0;	0.13333333333333333;	0.0;	0.0
1376776288;	2;	5199.998586;	83.199977376;	1.6;	8359936.0;	106254.4;	0.0;	0.13333333333333333;	0.0;	0.0
1376776588;	2;	5199.998586;	86.66664309999999;	1.6666666666666665;	8359936.0;	67108.8;	0.0;	1.0;	0.0;	0.0
1376776891;	2;	5199.998586;	86.66664309999999;	1.6666666666666665;	8359936.0;	72700.53333333334;	0.0;	0.8666666666666667;	0.0;	0.0
1376777191;	2;	5199.998586;	88.39997596199998;	1.7;	8359936.0;	106254.4;	0.0;	0.4666666666666667;	0.0;	0.0
1376777491;	2;	5199.998586;	83.199977376;	1.6;	8359936.0;	16776.8;	0.0;	0.06666666666666667;	0.0;	0.0
1376777791;	2;	5199.998586;	84.93331023800002;	1.6333333333333335;	8359936.0;	22369.066666666666;	0.0;	0.06666666666666667;	0.0;	0.0
1376778091;	2;	5199.998586;	83.199977376;	1.6;	8359936.0;	11184.533333333333;	0.0;	0.06666666666666667;	0.0;	0.0
1376778391;	2;	5199.998586;	84.93331023800002;	1.6333333333333335;	8359936.0;	55923.46666666667;	0.0;	0.06666666666666667;	0.0;	0.0
1376778691;	2;	5199.998586;	83.199977376;	1.6;	8359936.0;	33553.6;	0.0;	0.06666666666666667;	0.0;	0.0
1376778991;	2;	5199.998586;	159.466623304;	3.066666666666667;	8359936.0;	150993.33333333334;	0.0;	34.46666666666667;	0.7333333333333333;	2.1333333333333333
1376779291;	2;	5199.998586;	95.33330741;	1.8333333333333335;	8359936.0;	447390.93333333335;	0.0;	0.13333333333333333;	0.0;	0.0
1376779591;	2;	5199.998586;	84.93331023800002;	1.6333333333333335;	8359936.0;	78292.26666666666;	0.0;	0.06666666666666667;	0.0;	0.0
1376779891;	2;	5199.998586;	83.199977376;	1.6;	8359936.0;	61514.933333333334;	0.0;	0.13333333333333333;	0.0;	0.0
1376780191;	2;	5199.998586;	83.199977376;	1.6;	8359936.0;	55923.46666666667;	0.0;	0.06666666666666667;	0.0;	0.0
1376780491;	2;	5199.998586;	84.93331023800002;	1.6333333333333335;	8359936.0;	44738.13333333333;	0.0;	0.8666666666666667;	0.13333333333333333;	0.0
1376780791;	2;	5199.998586;	91.86664168599998;	1.7666666666666666;	8359936.0;	128623.2;	0.0;	0.9333333333333333;	0.0;	0.0
1376781091;	2;	5199.998586;	86.66664309999999;	1.6666666666666665;	8359936.0;	150994.66666666666;	0.0;	0.06666666666666667;	0.0;	0.0
1376781391;	2;	5199.998586;	91.86664168599998;	1.7666666666666666;	8359936.0;	150993.6;	0.0;	0.07142857142857142;	0.0;	0.0
1376781691;	2;	5199.998586;	102.266638858;	1.9666666666666666;	8359936.0;	50330.4;	0.0;	0.07142857142857142;	0.0;	0.0
1376781991;	2;	5199.998586;	90.133308824;	1.7333333333333334;	8359936.0;	150993.6;	0.0;	0.13333333333333333;	0.0;	0.0
1376782291;	2;	5199.998586;	100.533305996;	1.9333333333333333;	8359936.0;	67107.2;	0.0;	0.13333333333333333;	0.0;	0.0
1376782591;	2;	5199.998586;	107.46663744399999;	2.0666666666666664;	8359936.0;	67108.0;	0.0;	5.466666666666667;	0.06666666666666667;	0.0
1376782891;	2;	5199.998586;	84.93331023800002;	1.6333333333333335;	8359936.0;	167772.0;	0.0;	0.13333333333333333;	0.0;	0.0
1376783191;	2;	5199.998586;	83.199977376;	1.6;	8359936.0;	83884.8;	0.0;	0.13333333333333333;	0.0;	0.0
1376783491;	2;	5199.998586;	86.66664309999999;	1.6666666666666665;	8359936.0;	16776.8;	0.0;	0.13333333333333333;	0.0;	0.0
1376783791;	2;	5199.998586;	83.199977376;	1.6;	8359936.0;	50330.4;	0.0;	0.13333333333333333;	0.0;	0.0
1376784091;	2;	5199.998586;	88.39997596199998;	1.7;	8359936.0;	67107.2;	0.0;	0.8666666666666667;	0.0;	0.0
1376784392;	2;	5199.998586;	88.39997596199998;	1.7;	8359936.0;	67107.2;	0.0;	0.2;	0.0;	0.0
1376784692;	2;	5199.998586;	103.99997171999999;	2.0;	8359936.0;	123032.8;	0.0;	8.066666666666666;	0.2;	0.6666666666666666
1376784992;	2;	5199.998586;	83.199977376;	1.6;	8359936.0;	223695.2;	0.0;	0.06666666666666667;	0.0;	0.0
1376785292;	2;	5199.998586;	88.39997596199998;	1.7;	8359936.0;	22369.066666666666;	0.0;	0.06666666666666667;	0.0;	0.0
1376785592;	2;	5199.998586;	86.66664309999999;	1.6666666666666665;	8359936.0;	0.0;	0.0;	0.06666666666666667;	0.0;	0.0
1376785892;	2;	5199.998586;	88.39997596199998;	1.7;	8359936.0;	83885.6;	0.0;	0.06666666666666667;	0.0;	0.0
1376786191;	2;	5199.998586;	112.66663602999999;	2.1666666666666665;	8359936.0;	167772.0;	0.0;	5.466666666666667;	0.06666666666666667;	0.0
1376786491;	2;	5199.998586;	88.39997596199998;	1.7;	8359936.0;	329950.93333333335;	0.0;	0.06666666666666667;	0.0;	0.0
1376786791;	2;	5199.998586;	83.199977376;	1.6;	8359936.0;	134216.0;	0.0;	0.06666666666666667;	0.0;	0.0
1376787091;	2;	5199.998586;	88.39997596199998;	1.7;	8359936.0;	139808.53333333333;	0.0;	0.06666666666666667;	0.0;	0.0
1376787391;	2;	5199.998586;	83.199977376;	1.6;	8359936.0;	83884.26666666666;	0.0;	0.06666666666666667;	0.0;	0.0
1376787691;	2;	5199.998586;	86.66664309999999;	1.6666666666666665;	8359936.0;	123031.73333333334;	0.0;	0.8;	0.0;	0.0
1376787991;	2;	5199.998586;	91.86664168599998;	1.7666666666666666;	8359936.0;	95069.06666666667;	0.0;	0.2;	0.06666666666666667;	0.0
1376788291;	2;	5199.998586;	83.199977376;	1.6;	8359936.0;	95069.6;	0.0;	0.06666666666666667;	0.0;	0.0
1376788591;	2;	5199.998586;	81.466644514;	1.5666666666666667;	8359936.0;	100663.2;	0.0;	0.06666666666666667;	0.0;	0.0
1376788891;	2;	5199.998586;	88.39997596199998;	1.7;	8359936.0;	50331.2;	0.0;	0.13333333333333333;	0.0;	0.0
1376789191;	2;	5199.998586;	86.66664309999999;	1.6666666666666665;	8359936.0;	83884.8;	0.0;	0.13333333333333333;	0.0;	0.0
1376789491;	2;	5199.998586;	88.39997596199998;	1.7;	8359936.0;	95070.4;	0.0;	0.13333333333333333;	0.0;	0.0
1376789791;	2;	5199.998586;	114.399968892;	2.2;	8359936.0;	78293.06666666667;	0.0;	64.86666666666666;	15.0;	0.26666666666666666
1376790092;	2;	5199.998586;	83.199977376;	1.6;	8359936.0;	139809.33333333334;	0.0;	0.13333333333333333;	0.0;	0.0
1376790392;	2;	5199.998586;	86.66664309999999;	1.6666666666666665;	8359936.0;	117439.46666666666;	0.0;	0.13333333333333333;	0.0;	0.0
1376790692;	2;	5199.998586;	84.93331023800002;	1.6333333333333335;	8359936.0;	0.0;	0.0;	0.13333333333333333;	0.0;	0.0
1376790992;	2;	5199.998586;	84.93331023800002;	1.6333333333333335;	8359936.0;	27961.333333333332;	0.0;	0.13333333333333333;	0.0;	0.0
1376791292;	2;	5199.998586;	247.86659926599998;	4.766666666666667;	8359936.0;	72700.53333333334;	0.0;	2.6666666666666665;	1.6;	0.8
1376791592;	2;	5199.998586;	95.33330741;	1.8333333333333335;	8359936.0;	111846.13333333333;	0.0;	2.1333333333333333;	0.0;	0.0
1376791892;	2;	5199.998586;	84.93331023800002;	1.6333333333333335;	8359936.0;	61514.933333333334;	0.0;	0.06666666666666667;	0.0;	0.0
1376792192;	2;	5199.998586;	119.59996747799998;	2.3;	8359936.0;	279619.2;	0.0;	14.2;	6.866666666666666;	0.2
1376792492;	2;	5199.998586;	95.33330741;	1.8333333333333335;	8359936.0;	11184.533333333333;	0.0;	0.06666666666666667;	0.0;	0.0
1376792792;	2;	5199.998586;	429.86654977599994;	8.266666666666666;	8359936.0;	206917.33333333334;	0.0;	7.866666666666666;	0.0;	0.0
1376793092;	2;	5199.998586;	86.66664309999999;	1.6666666666666665;	8359936.0;	106254.4;	0.0;	0.06666666666666667;	0.0;	0.0
1376793392;	2;	5199.998586;	110.93330316799998;	2.1333333333333333;	8359936.0;	128624.26666666666;	0.0;	5.466666666666667;	0.06666666666666667;	0.0
1376793692;	2;	5199.998586;	93.59997454799999;	1.8;	8359936.0;	162178.66666666666;	0.0;	0.06666666666666667;	0.0;	0.0
1376793992;	2;	5199.998586;	84.93331023800002;	1.6333333333333335;	8359936.0;	27961.333333333332;	0.0;	0.06666666666666667;	0.0;	0.0
1376794292;	2;	5199.998586;	86.66664309999999;	1.6666666666666665;	8359936.0;	89477.33333333333;	0.0;	0.06666666666666667;	0.0;	0.0
1376794592;	2;	5199.998586;	83.199977376;	1.6;	8359936.0;	123031.46666666666;	0.0;	0.06666666666666667;	0.0;	0.0
1376794892;	2;	5199.998586;	90.133308824;	1.7333333333333334;	8359936.0;	83884.0;	0.0;	0.8;	0.0;	0.0
1376795192;	2;	5199.998586;	90.133308824;	1.7333333333333334;	8359936.0;	167770.4;	0.0;	0.2;	0.0;	0.0
1376795492;	2;	5199.998586;	84.93331023800002;	1.6333333333333335;	8359936.0;	83884.0;	0.0;	0.06666666666666667;	0.0;	0.0
1376795792;	2;	5199.998586;	83.199977376;	1.6;	8359936.0;	111846.13333333333;	0.0;	0.06666666666666667;	0.0;	0.0
1376796092;	2;	5199.998586;	90.133308824;	1.7333333333333334;	8359936.0;	0.0;	0.0;	0.06666666666666667;	0.0;	0.0
1376796392;	2;	5199.998586;	83.199977376;	1.6;	8359936.0;	55922.666666666664;	0.0;	0.06666666666666667;	0.0;	0.0
1376796692;	2;	5199.998586;	86.66664309999999;	1.6666666666666665;	8359936.0;	100661.6;	0.0;	0.06666666666666667;	0.0;	0.0
1376796992;	2;	5199.998586;	109.199970306;	2.1;	8359936.0;	67108.53333333334;	0.0;	5.466666666666667;	0.06666666666666667;	0.0
1376797292;	2;	5199.998586;	88.39997596199998;	1.7;	8359936.0;	201324.8;	0.0;	0.06666666666666667;	0.0;	0.0
1376797592;	2;	5199.998586;	88.39997596199998;	1.7;	8359936.0;	33553.6;	0.0;	0.06666666666666667;	0.0;	0.0
1376797892;	2;	5199.998586;	84.93331023800002;	1.6333333333333335;	8359936.0;	50330.4;	0.0;	0.06666666666666667;	0.0;	0.0
1376798193;	2;	5199.998586;	83.199977376;	1.6;	8359936.0;	33553.6;	0.0;	0.06666666666666667;	0.0;	0.0
1376798493;	2;	5199.998586;	91.86664168599998;	1.7666666666666666;	8359936.0;	67108.0;	0.0;	0.8;	0.0;	0.0
1376798793;	2;	5199.998586;	95.33330741;	1.8333333333333335;	8359936.0;	134216.53333333333;	0.0;	0.4;	0.0;	0.0
1376799093;	2;	5199.998586;	103.99997171999999;	2.0;	8359936.0;	100661.6;	0.0;	0.06666666666666667;	0.0;	0.0
1376799393;	2;	5199.998586;	86.66664309999999;	1.6666666666666665;	8359936.0;	78293.06666666667;	0.0;	0.06666666666666667;	0.0;	0.0
1376799693;	2;	5199.998586;	86.66664309999999;	1.6666666666666665;	8359936.0;	67108.0;	0.0;	0.06666666666666667;	0.0;	0.0
1376799993;	2;	5199.998586;	83.199977376;	1.6;	8359936.0;	33553.6;	0.0;	0.06666666666666667;	0.0;	0.0
1376800293;	2;	5199.998586;	84.93331023800002;	1.6333333333333335;	8359936.0;	123032.0;	0.0;	0.06666666666666667;	0.0;	0.0
1376800593;	2;	5199.998586;	103.99997171999999;	2.0;	8359936.0;	195732.8;	0.0;	5.466666666666667;	0.06666666666666667;	0.0
1376800893;	2;	5199.998586;	83.199977376;	1.6;	8359936.0;	167771.2;	0.0;	0.13333333333333333;	0.0;	0.0
1376801193;	2;	5199.998586;	83.199977376;	1.6;	8359936.0;	22369.066666666666;	0.0;	0.0;	0.0;	0.0
1376801493;	2;	5199.998586;	83.199977376;	1.6;	8359936.0;	16776.8;	0.0;	0.06666666666666667;	0.0;	0.0
1376801793;	2;	5199.998586;	83.199977376;	1.6;	8359936.0;	33553.6;	0.0;	0.0;	0.0;	0.0
1376802093;	2;	5199.998586;	86.66664309999999;	1.6666666666666665;	8359936.0;	67108.0;	0.0;	0.8666666666666667;	0.06666666666666667;	0.0
1376802393;	2;	5199.998586;	90.133308824;	1.7333333333333334;	8359936.0;	39145.86666666667;	0.0;	0.6666666666666666;	0.0;	0.0
1376802693;	2;	5199.998586;	79.99997824615383;	1.5384615384615383;	8359936.0;	64526.46153846154;	0.0;	0.15384615384615385;	0.0;	0.0
1376802993;	2;	5199.998586;	83.199977376;	1.6;	8359936.0;	55922.666666666664;	0.0;	0.0;	0.0;	0.0
1376803293;	2;	5199.998586;	81.466644514;	1.5666666666666667;	8359936.0;	22369.066666666666;	0.0;	0.06666666666666667;	0.0;	0.0
1376803593;	2;	5199.998586;	77.99997879;	1.5;	8359936.0;	50330.4;	0.0;	0.0;	0.0;	0.0
1376803893;	2;	5199.998586;	83.199977376;	1.6;	8359936.0;	67108.0;	0.0;	0.13333333333333333;	0.0;	0.0
1376804193;	2;	5199.998586;	98.799973134;	1.9;	8359936.0;	50330.4;	0.0;	5.466666666666667;	0.06666666666666667;	0.0
1376804493;	2;	5199.998586;	77.99997879;	1.5;	8359936.0;	150993.6;	0.0;	0.06666666666666667;	0.0;	0.0
1376804793;	2;	5199.998586;	79.733311652;	1.5333333333333334;	8359936.0;	100661.6;	0.0;	0.06666666666666667;	0.0;	0.0
1376805093;	2;	5199.998586;	77.99997879;	1.5;	8359936.0;	50331.2;	0.0;	0.13333333333333333;	0.0;	0.0
1376805393;	2;	5199.998586;	77.99997879;	1.5;	8359936.0;	89477.06666666667;	0.0;	0.06666666666666667;	0.0;	0.0
1376805693;	2;	5199.998586;	77.99997879;	1.5;	8359936.0;	162178.4;	0.0;	0.8666666666666667;	0.0;	0.0
1376805993;	2;	5199.998586;	83.199977376;	1.6;	8359936.0;	123032.0;	0.0;	0.2;	0.0;	0.0
1376806293;	2;	5199.998586;	77.99997879;	1.5;	8359936.0;	16776.8;	0.0;	0.13333333333333333;	0.0;	0.0
1376806593;	2;	5199.998586;	76.26664592799999;	1.4666666666666666;	8359936.0;	95069.86666666667;	0.0;	0.06666666666666667;	0.0;	0.0
1376806893;	2;	5199.998586;	77.99997879;	1.5;	8359936.0;	128624.0;	0.0;	0.13333333333333333;	0.0;	0.0
1376807193;	2;	5199.998586;	83.199977376;	1.6;	8359936.0;	100661.6;	0.0;	0.0;	0.0;	0.0
1376807493;	2;	5199.998586;	77.99997879;	1.5;	8359936.0;	83884.8;	0.0;	0.06666666666666667;	0.0;	0.0
1376807793;	2;	5199.998586;	98.799973134;	1.9;	8359936.0;	134216.0;	0.0;	5.733333333333333;	0.06666666666666667;	0.0
1376808093;	2;	5199.998586;	79.733311652;	1.5333333333333334;	8359936.0;	240472.26666666666;	0.0;	0.06666666666666667;	0.0;	0.0
1376808393;	2;	5199.998586;	77.99997879;	1.5;	8359936.0;	67108.26666666666;	0.0;	0.0;	0.0;	0.0
1376808693;	2;	5199.998586;	77.99997879;	1.5;	8359936.0;	50330.4;	0.0;	0.06666666666666667;	0.0;	0.0
1376808993;	2;	5199.998586;	77.99997879;	1.5;	8359936.0;	5592.266666666666;	0.0;	0.0;	0.0;	0.0
1376809293;	2;	5199.998586;	77.99997879;	1.5;	8359936.0;	39145.86666666667;	0.0;	0.8666666666666667;	0.0;	0.0
1376809593;	2;	5199.998586;	79.733311652;	1.5333333333333334;	8359936.0;	78292.53333333334;	0.0;	0.4666666666666667;	0.0;	0.0
1376809894;	2;	5199.998586;	77.99997879;	1.5;	8359936.0;	5592.266666666666;	0.0;	0.06666666666666667;	0.0;	0.0
1376810194;	2;	5199.998586;	77.99997879;	1.5;	8359936.0;	78291.73333333334;	0.0;	0.0;	0.0;	0.0
1376810494;	2;	5199.998586;	76.26664592799999;	1.4666666666666666;	8359936.0;	61514.933333333334;	0.0;	0.06666666666666667;	0.0;	0.0
1376810794;	2;	5199.998586;	76.26664592799999;	1.4666666666666666;	8359936.0;	44738.13333333333;	0.0;	0.06666666666666667;	0.0;	0.0
1376811094;	2;	5199.998586;	76.26664592799999;	1.4666666666666666;	8359936.0;	72700.26666666666;	0.0;	0.06666666666666667;	0.0;	0.0
1376811394;	2;	5199.998586;	98.799973134;	1.9;	8359936.0;	128624.26666666666;	0.0;	5.533333333333333;	0.06666666666666667;	0.0
1376811694;	2;	5199.998586;	76.26664592799999;	1.4666666666666666;	8359936.0;	95069.86666666667;	0.0;	0.06666666666666667;	0.0;	0.0
1376811994;	2;	5199.998586;	77.99997879;	1.5;	8359936.0;	44738.13333333333;	0.0;	0.06666666666666667;	0.0;	0.0
1376812294;	2;	5199.998586;	81.466644514;	1.5666666666666667;	8359936.0;	22369.066666666666;	0.0;	0.06666666666666667;	0.0;	0.0
1376812594;	2;	5199.998586;	77.99997879;	1.5;	8359936.0;	22369.066666666666;	0.0;	0.06666666666666667;	0.0;	0.0
1376812894;	2;	5199.998586;	83.199977376;	1.6;	8359936.0;	106254.66666666667;	0.0;	0.9333333333333333;	0.0;	0.0
1376813194;	2;	5199.998586;	97.06664027199999;	1.8666666666666665;	8359936.0;	162179.46666666667;	0.0;	5.666666666666667;	0.0;	0.06666666666666667
1376813494;	2;	5199.998586;	76.26664592799999;	1.4666666666666666;	8359936.0;	95069.86666666667;	0.0;	0.06666666666666667;	0.0;	0.0
1376813794;	2;	5199.998586;	72.799980204;	1.4;	8359936.0;	145401.86666666667;	0.0;	0.06666666666666667;	0.0;	0.0
1376814094;	2;	5199.998586;	79.733311652;	1.5333333333333334;	8359936.0;	100662.93333333333;	0.0;	0.13333333333333333;	0.0;	0.0
1376814394;	2;	5199.998586;	77.99997879;	1.5;	8359936.0;	39146.4;	0.0;	0.0;	0.0;	0.0
1376814694;	2;	5199.998586;	77.99997879;	1.5;	8359936.0;	72699.46666666666;	0.0;	0.13333333333333333;	0.0;	0.0
1376814994;	2;	5199.998586;	88.39997596199998;	1.7;	8359936.0;	195733.33333333334;	0.0;	5.533333333333333;	0.06666666666666667;	0.0
1376815294;	2;	5199.998586;	74.533313066;	1.4333333333333333;	8359936.0;	201325.6;	0.0;	0.13333333333333333;	0.0;	0.0
1376815594;	2;	5199.998586;	74.533313066;	1.4333333333333333;	8359936.0;	55923.46666666667;	0.0;	0.0;	0.0;	0.0
1376815894;	2;	5199.998586;	77.99997879;	1.5;	8359936.0;	123032.26666666666;	0.0;	0.06666666666666667;	0.0;	0.0
1376816194;	2;	5199.998586;	74.533313066;	1.4333333333333333;	8359936.0;	117440.0;	0.0;	0.0;	0.0;	0.0
1376816494;	2;	5199.998586;	83.199977376;	1.6;	8359936.0;	44739.2;	0.0;	0.8666666666666667;	0.0;	0.0
1376816794;	2;	5199.998586;	83.199977376;	1.6;	8359936.0;	184548.0;	0.0;	0.4666666666666667;	0.0;	0.0
1376817094;	2;	5199.998586;	77.99997879;	1.5;	8359936.0;	50330.4;	0.0;	0.06666666666666667;	0.0;	0.0
1376817394;	2;	5199.998586;	77.99997879;	1.5;	8359936.0;	83884.8;	0.0;	0.0;	0.0;	0.0
1376817694;	2;	5199.998586;	79.733311652;	1.5333333333333334;	8359936.0;	100661.6;	0.0;	0.06666666666666667;	0.0;	0.0
1376817994;	2;	5199.998586;	77.99997879;	1.5;	8359936.0;	16776.8;	0.0;	0.0;	0.0;	0.0
1376818294;	2;	5199.998586;	79.733311652;	1.5333333333333334;	8359936.0;	0.0;	0.0;	0.06666666666666667;	0.0;	0.0
1376818594;	2;	5199.998586;	95.33330741;	1.8333333333333335;	8359936.0;	117439.2;	0.0;	5.533333333333333;	0.06666666666666667;	0.0
1376818894;	2;	5199.998586;	77.99997879;	1.5;	8359936.0;	167770.4;	0.0;	0.13333333333333333;	0.0;	0.0
1376819194;	2;	5199.998586;	77.99997879;	1.5;	8359936.0;	67107.2;	0.0;	0.06666666666666667;	0.0;	0.0
1376819494;	2;	5199.998586;	83.199977376;	1.6;	8359936.0;	117439.2;	0.0;	0.13333333333333333;	0.0;	0.0
1376819794;	2;	5199.998586;	79.733311652;	1.5333333333333334;	8359936.0;	55923.46666666667;	0.0;	0.06666666666666667;	0.0;	0.0
1376820094;	2;	5199.998586;	81.466644514;	1.5666666666666667;	8359936.0;	33554.4;	0.0;	0.8666666666666667;	0.06666666666666667;	0.0
1376820394;	2;	5199.998586;	79.733311652;	1.5333333333333334;	8359936.0;	67107.2;	0.0;	0.4666666666666667;	0.0;	0.0
1376820694;	2;	5199.998586;	77.99997879;	1.5;	8359936.0;	33553.6;	0.0;	0.13333333333333333;	0.0;	0.0
1376820994;	2;	5199.998586;	79.733311652;	1.5333333333333334;	8359936.0;	33553.6;	0.0;	0.0;	0.0;	0.0
1376821294;	2;	5199.998586;	81.466644514;	1.5666666666666667;	8359936.0;	106254.13333333333;	0.0;	0.06666666666666667;	0.0;	0.0
1376821594;	2;	5199.998586;	77.99997879;	1.5;	8359936.0;	184547.73333333334;	0.0;	0.0;	0.0;	0.0
1376821894;	2;	5199.998586;	81.466644514;	1.5666666666666667;	8359936.0;	89477.06666666667;	0.0;	0.06666666666666667;	0.0;	0.0
1376822194;	2;	5199.998586;	93.59997454799999;	1.8;	8359936.0;	111846.13333333333;	0.0;	5.466666666666667;	0.06666666666666667;	0.0
1376822494;	2;	5199.998586;	77.99997879;	1.5;	8359936.0;	156586.66666666666;	0.0;	0.06666666666666667;	0.0;	0.0
1376822794;	2;	5199.998586;	81.466644514;	1.5666666666666667;	8359936.0;	0.0;	0.0;	0.0;	0.0;	0.0
1376823094;	2;	5199.998586;	81.466644514;	1.5666666666666667;	8359936.0;	72700.26666666666;	0.0;	0.06666666666666667;	0.0;	0.0
1376823394;	2;	5199.998586;	74.533313066;	1.4333333333333333;	8359936.0;	106254.93333333333;	0.0;	0.0;	0.0;	0.0
1376823694;	2;	5199.998586;	77.99997879;	1.5;	8359936.0;	72700.26666666666;	0.0;	0.8666666666666667;	0.0;	0.0
1376823995;	2;	5199.998586;	65.86664875599999;	1.2666666666666666;	8359936.0;	150993.86666666667;	0.0;	0.8666666666666667;	0.0;	0.0
1376824295;	2;	5199.998586;	77.99997879;	1.5;	8359936.0;	67108.0;	0.0;	0.06666666666666667;	0.0;	0.0
1376824595;	2;	5199.998586;	77.99997879;	1.5;	8359936.0;	0.0;	0.0;	0.0;	0.0;	0.0
1376824895;	2;	5199.998586;	77.99997879;	1.5;	8359936.0;	83885.6;	0.0;	0.06666666666666667;	0.0;	0.0
1376825195;	2;	5199.998586;	74.533313066;	1.4333333333333333;	8359936.0;	67108.0;	0.0;	0.0;	0.0;	0.0
1376825495;	2;	5199.998586;	77.99997879;	1.5;	8359936.0;	89477.86666666667;	0.0;	0.06666666666666667;	0.0;	0.0
1376825795;	2;	5199.998586;	98.799973134;	1.9;	8359936.0;	128623.73333333334;	0.0;	5.733333333333333;	0.06666666666666667;	0.0
1376826095;	2;	5199.998586;	77.99997879;	1.5;	8359936.0;	190140.26666666666;	0.0;	0.13333333333333333;	0.0;	0.0
1376826395;	2;	5199.998586;	77.99997879;	1.5;	8359936.0;	22369.066666666666;	0.0;	0.06666666666666667;	0.0;	0.0
1376826695;	2;	5199.998586;	83.199977376;	1.6;	8359936.0;	39146.666666666664;	0.0;	0.13333333333333333;	0.0;	0.0
1376826995;	2;	5199.998586;	77.99997879;	1.5;	8359936.0;	33553.6;	0.0;	0.06666666666666667;	0.0;	0.0
1376827295;	2;	5199.998586;	77.99997879;	1.5;	8359936.0;	50330.4;	0.0;	0.9333333333333333;	0.0;	0.0
1376827595;	2;	5199.998586;	79.733311652;	1.5333333333333334;	8359936.0;	78293.33333333333;	0.0;	0.5333333333333333;	0.0;	0.0
1376827895;	2;	5199.998586;	77.99997879;	1.5;	8359936.0;	89477.86666666667;	0.0;	0.13333333333333333;	0.0;	0.0
1376828195;	2;	5199.998586;	81.466644514;	1.5666666666666667;	8359936.0;	39145.86666666667;	0.0;	0.0;	0.0;	0.0
1376828495;	2;	5199.998586;	83.199977376;	1.6;	8359936.0;	67108.0;	0.0;	0.06666666666666667;	0.0;	0.0
1376828795;	2;	5199.998586;	81.466644514;	1.5666666666666667;	8359936.0;	83885.86666666667;	0.0;	0.06666666666666667;	0.0;	0.0
1376829095;	2;	5199.998586;	79.733311652;	1.5333333333333334;	8359936.0;	67107.46666666666;	0.0;	0.13333333333333333;	0.0;	0.0
1376829395;	2;	5199.998586;	98.799973134;	1.9;	8359936.0;	240471.2;	0.0;	5.533333333333333;	0.06666666666666667;	0.0
1376829695;	2;	5199.998586;	77.99997879;	1.5;	8359936.0;	128624.0;	0.0;	0.06666666666666667;	0.0;	0.0
1376829995;	2;	5199.998586;	83.199977376;	1.6;	8359936.0;	50330.4;	0.0;	0.0;	0.0;	0.0
1376830295;	2;	5199.998586;	81.466644514;	1.5666666666666667;	8359936.0;	184548.8;	0.0;	0.13333333333333333;	0.0;	0.0
1376830595;	2;	5199.998586;	79.733311652;	1.5333333333333334;	8359936.0;	111846.66666666667;	0.0;	0.06666666666666667;	0.0;	0.0
1376830895;	2;	5199.998586;	77.99997879;	1.5;	8359936.0;	50330.4;	0.0;	0.9333333333333333;	0.06666666666666667;	0.0
1376831195;	2;	5199.998586;	81.466644514;	1.5666666666666667;	8359936.0;	150992.8;	0.0;	0.26666666666666666;	0.0;	0.0
1376831495;	2;	5199.998586;	77.99997879;	1.5;	8359936.0;	123031.2;	0.0;	0.13333333333333333;	0.0;	0.0
1376831795;	2;	5199.998586;	83.199977376;	1.6;	8359936.0;	83885.6;	0.0;	0.06666666666666667;	0.0;	0.0
1376832096;	2;	5199.998586;	83.199977376;	1.6;	8359936.0;	72700.0;	0.0;	0.13333333333333333;	0.0;	0.0
1376832396;	2;	5199.998586;	84.93331023800002;	1.6333333333333335;	8359936.0;	33553.6;	0.0;	0.06666666666666667;	0.0;	0.0
1376832696;	2;	5199.998586;	91.86664168599998;	1.7666666666666666;	8359936.0;	106254.13333333333;	0.0;	0.13333333333333333;	0.0;	0.0
1376832996;	2;	5199.998586;	110.93330316799998;	2.1333333333333333;	8359936.0;	134216.26666666666;	0.0;	5.533333333333333;	0.06666666666666667;	0.0
1376833296;	2;	5199.998586;	83.199977376;	1.6;	8359936.0;	167770.93333333332;	0.0;	0.13333333333333333;	0.0;	0.0
1376833596;	2;	5199.998586;	83.199977376;	1.6;	8359936.0;	33553.6;	0.0;	0.06666666666666667;	0.0;	0.0
1376833896;	2;	5199.998586;	83.199977376;	1.6;	8359936.0;	72700.26666666666;	0.0;	0.13333333333333333;	0.0;	0.0
1376834196;	2;	5199.998586;	83.199977376;	1.6;	8359936.0;	78292.8;	0.0;	0.06666666666666667;	0.0;	0.0
1376834495;	2;	5199.998586;	86.66664309999999;	1.6666666666666665;	8359936.0;	50331.2;	0.0;	0.9333333333333333;	0.0;	0.0
1376834795;	2;	5199.998586;	90.133308824;	1.7333333333333334;	8359936.0;	100662.13333333333;	0.0;	0.8666666666666667;	0.0;	0.0
1376835095;	2;	5199.998586;	83.199977376;	1.6;	8359936.0;	134216.0;	0.0;	0.06666666666666667;	0.0;	0.0
1376835395;	2;	5199.998586;	83.199977376;	1.6;	8359936.0;	167770.4;	0.0;	0.0;	0.0;	0.0
1376835695;	2;	5199.998586;	83.199977376;	1.6;	8359936.0;	106254.66666666667;	0.0;	0.06666666666666667;	0.0;	0.0
1376835995;	2;	5199.998586;	83.199977376;	1.6;	8359936.0;	117439.2;	0.0;	0.06666666666666667;	0.0;	0.0
1376836295;	2;	5199.998586;	83.199977376;	1.6;	8359936.0;	83885.6;	0.0;	0.06666666666666667;	0.0;	0.0
1376836595;	2;	5199.998586;	103.99997171999999;	2.0;	8359936.0;	55924.0;	0.0;	5.466666666666667;	0.06666666666666667;	0.0
1376836895;	2;	5199.998586;	83.199977376;	1.6;	8359936.0;	123031.73333333334;	0.0;	0.06666666666666667;	0.0;	0.0
1376837195;	2;	5199.998586;	83.199977376;	1.6;	8359936.0;	100661.6;	0.0;	0.0;	0.0;	0.0
1376837495;	2;	5199.998586;	83.199977376;	1.6;	8359936.0;	50330.4;	0.0;	0.06666666666666667;	0.0;	0.0
1376837795;	2;	5199.998586;	83.199977376;	1.6;	8359936.0;	67107.2;	0.0;	0.0;	0.0;	0.0
1376838096;	2;	5199.998586;	91.86664168599998;	1.7666666666666666;	8359936.0;	100661.6;	0.0;	0.8666666666666667;	0.0;	0.0
1376838396;	2;	5199.998586;	88.39997596199998;	1.7;	8359936.0;	50331.2;	0.0;	0.4666666666666667;	0.0;	0.0
1376838696;	2;	5199.998586;	83.199977376;	1.6;	8359936.0;	83884.0;	0.0;	0.06666666666666667;	0.0;	0.0
1376838996;	2;	5199.998586;	83.199977376;	1.6;	8359936.0;	72700.0;	0.0;	0.0;	0.0;	0.0
1376839296;	2;	5199.998586;	83.199977376;	1.6;	8359936.0;	33553.86666666667;	0.0;	0.13333333333333333;	0.0;	0.0
1376839596;	2;	5199.998586;	83.199977376;	1.6;	8359936.0;	33553.6;	0.0;	0.06666666666666667;	0.0;	0.0
1376839896;	2;	5199.998586;	83.199977376;	1.6;	8359936.0;	50330.4;	0.0;	0.13333333333333333;	0.0;	0.0
1376840196;	2;	5199.998586;	103.99997171999999;	2.0;	8359936.0;	128624.26666666666;	0.0;	5.6;	0.06666666666666667;	0.0
1376840496;	2;	5199.998586;	83.199977376;	1.6;	8359936.0;	190139.73333333334;	0.0;	0.13333333333333333;	0.0;	0.0
1376840796;	2;	5199.998586;	83.199977376;	1.6;	8359936.0;	55923.46666666667;	0.0;	0.06666666666666667;	0.0;	0.0
1376841096;	2;	5199.998586;	83.199977376;	1.6;	8359936.0;	27961.333333333332;	0.0;	0.13333333333333333;	0.0;	0.0
1376841396;	2;	5199.998586;	83.199977376;	1.6;	8359936.0;	78293.06666666667;	0.0;	0.0;	0.0;	0.0
1376841696;	2;	5199.998586;	86.66664309999999;	1.6666666666666665;	8359936.0;	78292.8;	0.0;	0.8666666666666667;	0.0;	0.0
1376841996;	2;	5199.998586;	86.66664309999999;	1.6666666666666665;	8359936.0;	50330.4;	0.0;	0.4666666666666667;	0.0;	0.0
1376842296;	2;	5199.998586;	83.199977376;	1.6;	8359936.0;	44738.13333333333;	0.0;	0.06666666666666667;	0.0;	0.0
1376842596;	2;	5199.998586;	83.199977376;	1.6;	8359936.0;	55923.46666666667;	0.0;	0.0;	0.0;	0.0
1376842896;	2;	5199.998586;	83.199977376;	1.6;	8359936.0;	67108.53333333334;	0.0;	0.06666666666666667;	0.0;	0.0
1376843196;	2;	5199.998586;	83.199977376;	1.6;	8359936.0;	55923.46666666667;	0.0;	0.0;	0.0;	0.0
1376843496;	2;	5199.998586;	83.199977376;	1.6;	8359936.0;	83885.06666666667;	0.0;	0.06666666666666667;	0.0;	0.0
1376843796;	2;	5199.998586;	103.99997171999999;	2.0;	8359936.0;	156585.6;	0.0;	5.666666666666667;	0.06666666666666667;	0.0
1376844096;	2;	5199.998586;	83.199977376;	1.6;	8359936.0;	234879.73333333334;	0.0;	0.06666666666666667;	0.0;	0.0
1376844396;	2;	5199.998586;	83.199977376;	1.6;	8359936.0;	39146.666666666664;	0.0;	0.0;	0.0;	0.0
1376844696;	2;	5199.998586;	83.199977376;	1.6;	8359936.0;	0.0;	0.0;	0.06666666666666667;	0.0;	0.0
1376844996;	2;	5199.998586;	83.199977376;	1.6;	8359936.0;	83884.8;	0.0;	0.0;	0.0;	0.0
1376845296;	2;	5199.998586;	86.66664309999999;	1.6666666666666665;	8359936.0;	67107.2;	0.0;	0.8666666666666667;	0.0;	0.0
1376845596;	2;	5199.998586;	93.59997454799999;	1.8;	8359936.0;	150993.6;	0.0;	0.8;	0.0;	0.0
1376845896;	2;	5199.998586;	83.199977376;	1.6;	8359936.0;	89477.33333333333;	0.0;	0.06666666666666667;	0.0;	0.0
1376846196;	2;	5199.998586;	83.199977376;	1.6;	8359936.0;	83884.8;	0.0;	0.06666666666666667;	0.0;	0.0
1376846496;	2;	5199.998586;	83.199977376;	1.6;	8359936.0;	22369.6;	0.0;	0.06666666666666667;	0.0;	0.0
1376846796;	2;	5199.998586;	83.199977376;	1.6;	8359936.0;	67108.0;	0.0;	0.13333333333333333;	0.0;	0.0
1376847096;	2;	5199.998586;	83.199977376;	1.6;	8359936.0;	100662.4;	0.0;	0.06666666666666667;	0.0;	0.0
1376847396;	2;	5199.998586;	98.799973134;	1.9;	8359936.0;	178956.53333333333;	0.0;	5.533333333333333;	0.06666666666666667;	0.0
1376847696;	2;	5199.998586;	83.199977376;	1.6;	8359936.0;	234879.46666666667;	0.0;	0.13333333333333333;	0.0;	0.0
1376847996;	2;	5199.998586;	83.199977376;	1.6;	8359936.0;	83885.06666666667;	0.0;	0.0;	0.0;	0.0
1376848296;	2;	5199.998586;	83.199977376;	1.6;	8359936.0;	83885.33333333333;	0.0;	0.13333333333333333;	0.0;	0.0
1376848596;	2;	5199.998586;	83.199977376;	1.6;	8359936.0;	83885.6;	0.0;	0.0;	0.0;	0.0
1376848896;	2;	5199.998586;	84.93331023800002;	1.6333333333333335;	8359936.0;	67108.8;	0.0;	0.9333333333333333;	0.0;	0.0
1376849196;	2;	5199.998586;	84.93331023800002;	1.6333333333333335;	8359936.0;	33554.4;	0.0;	0.4;	0.0;	0.0
1376849496;	2;	5199.998586;	83.199977376;	1.6;	8359936.0;	83884.0;	0.0;	0.06666666666666667;	0.0;	0.0
1376849796;	2;	5199.998586;	83.199977376;	1.6;	8359936.0;	106254.66666666667;	0.0;	0.0;	0.0;	0.0
1376850096;	2;	5199.998586;	83.199977376;	1.6;	8359936.0;	100662.66666666667;	0.0;	0.06666666666666667;	0.0;	0.0
1376850396;	2;	5199.998586;	83.199977376;	1.6;	8359936.0;	167771.2;	0.0;	0.0;	0.0;	0.0
1376850696;	2;	5199.998586;	83.199977376;	1.6;	8359936.0;	184548.0;	0.0;	0.06666666666666667;	0.0;	0.0
1376850996;	2;	5199.998618;	147.33329417666664;	2.833333333333333;	8359936.0;	74563.55555555556;	0.0;	10.375;	0.125;	0.0
1376851296;	2;	5199.998618;	74.53331352466667;	1.4333333333333333;	8359936.0;	117440.0;	0.0;	0.06666666666666667;	0.0;	0.0
1376851596;	2;	5199.998618;	57.199984798;	1.1;	8359936.0;	61515.73333333333;	0.0;	0.0;	0.0;	0.0
1376851896;	2;	5199.998618;	57.199984798;	1.1;	8359936.0;	33553.6;	0.0;	0.06666666666666667;	0.0;	0.0
1376852196;	2;	5199.998618;	57.199984798;	1.1;	8359936.0;	33553.6;	0.0;	0.06666666666666667;	0.0;	0.0
1376852496;	2;	5199.998618;	65.86664916133333;	1.2666666666666666;	8359936.0;	72700.0;	0.0;	0.8666666666666667;	0.0;	0.0
1376852796;	2;	5199.998618;	62.399983416;	1.2;	8359936.0;	234879.2;	0.0;	0.26666666666666666;	0.0;	0.0
1376853096;	2;	5199.998618;	57.199984798;	1.1;	8359936.0;	117439.2;	0.0;	0.13333333333333333;	0.0;	0.0
1376853396;	2;	5199.998618;	57.199984798;	1.1;	8359936.0;	83884.53333333334;	0.0;	0.06666666666666667;	0.0;	0.0
1376853697;	2;	5199.998618;	67.59998203399999;	1.3;	8359936.0;	201325.6;	0.0;	0.13333333333333333;	0.0;	0.0
1376853996;	2;	5199.998618;	57.199984798;	1.1;	8359936.0;	139808.8;	0.0;	0.06666666666666667;	0.0;	0.0
1376854297;	2;	5199.998618;	55.46665192533332;	1.0666666666666667;	8359936.0;	83885.6;	0.0;	0.06666666666666667;	0.0;	0.0
1376854597;	2;	5199.998618;	83.19997788799999;	1.6;	8359936.0;	139808.0;	0.0;	5.466666666666667;	0.06666666666666667;	0.0
1376854897;	2;	5199.998618;	57.199984798;	1.1;	8359936.0;	201325.6;	0.0;	0.06666666666666667;	0.0;	0.0
1376855197;	2;	5199.998618;	58.93331767066665;	1.1333333333333333;	8359936.0;	33554.4;	0.0;	0.0;	0.0;	0.0
1376855497;	2;	5199.998618;	57.199984798;	1.1;	8359936.0;	5592.266666666666;	0.0;	0.06666666666666667;	0.0;	0.0
1376855797;	2;	5199.998618;	57.199984798;	1.1;	8359936.0;	89477.06666666667;	0.0;	0.0;	0.0;	0.0
1376856097;	2;	5199.998618;	58.93331767066665;	1.1333333333333333;	8359936.0;	100661.86666666667;	0.0;	0.8666666666666667;	0.0;	0.0
1376856397;	2;	5199.998618;	58.93331767066665;	1.1333333333333333;	8359936.0;	150994.4;	0.0;	0.8666666666666667;	0.0;	0.0
1376856697;	2;	5199.998618;	57.199984798;	1.1;	8359936.0;	67108.8;	0.0;	0.06666666666666667;	0.0;	0.0
1376856997;	2;	5199.998618;	55.46665192533332;	1.0666666666666667;	8359936.0;	0.0;	0.0;	0.0;	0.0;	0.0
1376857297;	2;	5199.998618;	57.199984798;	1.1;	8359936.0;	67108.0;	0.0;	0.06666666666666667;	0.0;	0.0
1376857597;	2;	5199.998618;	57.199984798;	1.1;	8359936.0;	50330.4;	0.0;	0.0;	0.0;	0.0
1376857897;	2;	5199.998618;	57.199984798;	1.1;	8359936.0;	16776.8;	0.0;	0.06666666666666667;	0.0;	0.0
1376858197;	2;	5199.998618;	79.73331214266666;	1.5333333333333334;	8359936.0;	72700.8;	0.0;	5.466666666666667;	0.06666666666666667;	0.0
1376858497;	2;	5199.998618;	57.199984798;	1.1;	8359936.0;	167772.0;	0.0;	0.06666666666666667;	0.0;	0.0
1376858797;	2;	5199.998618;	57.199984798;	1.1;	8359936.0;	61516.0;	0.0;	0.0;	0.0;	0.0
1376859097;	2;	5199.998618;	57.199984798;	1.1;	8359936.0;	50330.4;	0.0;	0.13333333333333333;	0.0;	0.0
1376859397;	2;	5199.998618;	57.199984798;	1.1;	8359936.0;	95069.33333333333;	0.0;	0.06666666666666667;	0.0;	0.0
1376859697;	2;	5199.998618;	60.66665054333333;	1.1666666666666667;	8359936.0;	150994.4;	0.0;	0.9333333333333333;	0.0;	0.0
1376859997;	2;	5199.998618;	58.93331767066665;	1.1333333333333333;	8359936.0;	89477.06666666667;	0.0;	0.5333333333333333;	0.0;	0.0
1376860297;	2;	5199.998618;	57.199984798;	1.1;	8359936.0;	100662.4;	0.0;	0.13333333333333333;	0.0;	0.0
1376860597;	2;	5199.998618;	57.199984798;	1.1;	8359936.0;	0.0;	0.0;	0.06666666666666667;	0.0;	0.0
1376860897;	2;	5199.998618;	57.199984798;	1.1;	8359936.0;	44738.13333333333;	0.0;	0.13333333333333333;	0.0;	0.0
1376861197;	2;	5199.998618;	57.199984798;	1.1;	8359936.0;	83884.0;	0.0;	0.0;	0.0;	0.0
1376861497;	2;	5199.998618;	57.199984798;	1.1;	8359936.0;	5592.266666666666;	0.0;	0.06666666666666667;	0.0;	0.0
1376861797;	2;	5199.998618;	77.99997927;	1.5;	8359936.0;	150994.4;	0.0;	5.666666666666667;	0.06666666666666667;	0.0
1376862097;	2;	5199.998618;	57.199984798;	1.1;	8359936.0;	184548.53333333333;	0.0;	0.13333333333333333;	0.0;	0.0
1376862397;	2;	5199.998618;	57.199984798;	1.1;	8359936.0;	61515.46666666667;	0.0;	0.06666666666666667;	0.0;	0.0
1376862697;	2;	5199.998618;	57.199984798;	1.1;	8359936.0;	61515.2;	0.0;	0.13333333333333333;	0.0;	0.0
1376862997;	2;	5199.998618;	57.199984798;	1.1;	8359936.0;	16776.8;	0.0;	1.0;	0.0;	0.0
1376863298;	2;	5199.998618;	60.66665054333333;	1.1666666666666667;	8359936.0;	61514.933333333334;	0.0;	0.9333333333333333;	0.06666666666666667;	0.0
1376863598;	2;	5199.998618;	58.93331767066665;	1.1333333333333333;	8359936.0;	212510.66666666666;	0.0;	0.6;	0.0;	0.0
1376863898;	2;	5199.998618;	57.199984798;	1.1;	8359936.0;	173363.46666666667;	0.0;	0.2;	0.0;	0.0
1376864198;	2;	5199.998618;	57.199984798;	1.1;	8359936.0;	44738.13333333333;	0.0;	0.06666666666666667;	0.0;	0.0
1376864498;	2;	5199.998618;	57.199984798;	1.1;	8359936.0;	128624.0;	0.0;	0.13333333333333333;	0.0;	0.0
1376864798;	2;	5199.998618;	57.199984798;	1.1;	8359936.0;	111846.13333333333;	0.0;	0.2;	0.0;	0.0
1376865098;	2;	5199.998618;	57.199984798;	1.1;	8359936.0;	95070.66666666667;	0.0;	0.13333333333333333;	0.0;	0.0
1376865398;	2;	5199.998618;	74.53331352466667;	1.4333333333333333;	8359936.0;	184548.53333333333;	0.0;	5.533333333333333;	0.06666666666666667;	0.0
1376865698;	2;	5199.998618;	51.99998617999999;	1.0;	8359936.0;	419428.0;	0.0;	0.0;	0.0;	0.0
1376865998;	2;	5199.998618;	57.199984798;	1.1;	8359936.0;	139809.33333333334;	0.0;	0.06666666666666667;	0.0;	0.0
1376866298;	2;	5199.998618;	57.199984798;	1.1;	8359936.0;	27961.333333333332;	0.0;	0.13333333333333333;	0.0;	0.0
1376866599;	2;	5199.998618;	57.199984798;	1.1;	8359936.0;	134215.73333333334;	0.0;	0.06666666666666667;	0.0;	0.0
1376866899;	2;	5199.998618;	60.66665054333333;	1.1666666666666667;	8359936.0;	33554.13333333333;	0.0;	0.9333333333333333;	0.06666666666666667;	0.0
1376867199;	2;	5199.998618;	58.93331767066665;	1.1333333333333333;	8359936.0;	72700.8;	0.0;	0.8666666666666667;	0.0;	0.0
1376867500;	2;	5199.998618;	62.399983416;	1.2;	8359936.0;	95069.06666666667;	0.0;	0.07142857142857142;	0.0;	0.0
1376867801;	2;	5199.998618;	67.59998203399999;	1.3;	8359936.0;	83884.0;	0.0;	0.0;	0.0;	0.0
1376868101;	2;	5199.998618;	57.199984798;	1.1;	8359936.0;	83884.8;	0.0;	0.06666666666666667;	0.0;	0.0
1376868401;	2;	5199.998618;	57.199984798;	1.1;	8359936.0;	83884.8;	0.0;	0.0;	0.0;	0.0
1376868701;	2;	5199.998618;	57.199984798;	1.1;	8359936.0;	39146.13333333333;	0.0;	0.06666666666666667;	0.0;	0.0
1376869001;	2;	5199.998618;	72.79998065199999;	1.4;	8359936.0;	117440.26666666666;	0.0;	5.533333333333333;	0.06666666666666667;	0.0
1376869301;	2;	5199.998618;	57.199984798;	1.1;	8359936.0;	167770.93333333332;	0.0;	0.06666666666666667;	0.0;	0.0
1376869601;	2;	5199.998618;	57.199984798;	1.1;	8359936.0;	50331.2;	0.0;	0.0;	0.0;	0.0
1376869901;	2;	5199.998618;	57.199984798;	1.1;	8359936.0;	5592.266666666666;	0.0;	0.06666666666666667;	0.0;	0.0
1376870201;	2;	5199.998618;	55.46665192533332;	1.0666666666666667;	8359936.0;	39145.86666666667;	0.0;	0.0;	0.0;	0.0
1376870501;	2;	5199.998618;	55.46665192533332;	1.0666666666666667;	8359936.0;	33553.6;	0.0;	0.5333333333333333;	0.0;	0.0
1376870801;	2;	5199.998618;	55.46665192533332;	1.0666666666666667;	8359936.0;	50331.2;	0.0;	0.7333333333333333;	0.06666666666666667;	0.0
1376871101;	2;	5199.998618;	135.19996406799999;	2.6;	8359936.0;	301988.0;	0.0;	58.0;	2.933333333333333;	178.66666666666666
1376871401;	2;	5199.998618;	552.9331863806666;	10.633333333333333;	8359936.0;	385875.2;	0.0;	82.46666666666667;	5.266666666666667;	50.06666666666667
1376871701;	2;	5199.998618;	57.199984798;	1.1;	8359936.0;	301988.8;	0.0;	1.2;	0.0;	0.0
1376872001;	2;	5199.998618;	57.199984798;	1.1;	8359936.0;	0.0;	0.0;	0.06666666666666667;	0.0;	0.0
1376872301;	2;	5199.998618;	57.199984798;	1.1;	8359936.0;	33553.6;	0.0;	0.13333333333333333;	0.0;	0.0
1376872601;	2;	5199.998618;	77.99997927;	1.5;	8359936.0;	83885.6;	0.0;	5.533333333333333;	0.06666666666666667;	0.0
1376872901;	2;	5199.998618;	57.199984798;	1.1;	8359936.0;	67108.8;	0.0;	0.13333333333333333;	0.0;	0.0
1376873201;	2;	5199.998618;	57.199984798;	1.1;	8359936.0;	67107.2;	0.0;	0.06666666666666667;	0.0;	0.0
1376873501;	2;	5199.998618;	57.199984798;	1.1;	8359936.0;	33554.4;	0.0;	0.13333333333333333;	0.0;	0.0
1376873801;	2;	5199.998618;	57.199984798;	1.1;	8359936.0;	78293.06666666667;	0.0;	0.06666666666666667;	0.0;	0.0
1376874101;	2;	5199.998618;	60.66665054333333;	1.1666666666666667;	8359936.0;	72700.26666666666;	0.0;	0.5333333333333333;	0.0;	0.0
1376874401;	2;	5199.998618;	58.93331767066665;	1.1333333333333333;	8359936.0;	95070.13333333333;	0.0;	0.7333333333333333;	0.0;	0.0
1376874701;	2;	5199.998618;	57.199984798;	1.1;	8359936.0;	39146.666666666664;	0.0;	0.06666666666666667;	0.0;	0.0
1376875001;	2;	5199.998618;	57.199984798;	1.1;	8359936.0;	50330.4;	0.0;	0.0;	0.0;	0.0
1376875301;	2;	5199.998618;	57.199984798;	1.1;	8359936.0;	78292.53333333334;	0.0;	0.06666666666666667;	0.0;	0.0
1376875601;	2;	5199.998618;	57.199984798;	1.1;	8359936.0;	5592.266666666666;	0.0;	0.0;	0.0;	0.0
1376875901;	2;	5199.998618;	57.199984798;	1.1;	8359936.0;	0.0;	0.0;	0.06666666666666667;	0.0;	0.0
1376876201;	2;	5199.998618;	81.46664501533333;	1.5666666666666667;	8359936.0;	50330.933333333334;	0.0;	5.533333333333333;	0.06666666666666667;	0.0
1376876501;	2;	5199.998618;	57.199984798;	1.1;	8359936.0;	212510.13333333333;	0.0;	0.06666666666666667;	0.0;	0.0
1376876801;	2;	5199.998618;	57.199984798;	1.1;	8359936.0;	128623.46666666666;	0.0;	0.0;	0.0;	0.0
1376877101;	2;	5199.998618;	62.399983416;	1.2;	8359936.0;	67108.0;	0.0;	0.06666666666666667;	0.0;	0.0
1376877401;	2;	5199.998618;	60.66665054333333;	1.1666666666666667;	8359936.0;	72700.53333333334;	0.0;	0.0;	0.0;	0.0
1376877701;	2;	5199.998618;	213.19994333799997;	4.1;	8359936.0;	150993.86666666667;	0.0;	3.1333333333333333;	1.6666666666666667;	0.7333333333333333
1376878001;	2;	5199.998618;	60.66665054333333;	1.1666666666666667;	8359936.0;	201324.8;	0.0;	2.4;	0.0;	0.0
1376878302;	2;	5199.998618;	93.599975124;	1.8;	8359936.0;	257249.33333333334;	0.0;	14.4;	6.866666666666666;	0.2
1376878602;	2;	5199.998618;	57.199984798;	1.1;	8359936.0;	128624.26666666666;	0.0;	0.06666666666666667;	0.0;	0.0
1376878902;	2;	5199.998618;	57.199984798;	1.1;	8359936.0;	117439.73333333334;	0.0;	0.06666666666666667;	0.0;	0.0
1376879202;	2;	5199.998618;	57.199984798;	1.1;	8359936.0;	201325.33333333334;	0.0;	0.06666666666666667;	0.0;	0.0
1376879502;	2;	5199.998618;	57.199984798;	1.1;	8359936.0;	201325.86666666667;	0.0;	0.06666666666666667;	0.0;	0.0
1376879802;	2;	5199.998618;	74.53331352466667;	1.4333333333333333;	8359936.0;	145400.8;	0.0;	5.733333333333333;	0.06666666666666667;	0.0
1376880102;	2;	5199.998618;	57.199984798;	1.1;	8359936.0;	128624.0;	0.0;	0.06666666666666667;	0.0;	0.0
1376880402;	2;	5199.998618;	57.199984798;	1.1;	8359936.0;	89478.4;	0.0;	0.06666666666666667;	0.0;	0.0
1376880702;	2;	5199.998618;	57.199984798;	1.1;	8359936.0;	5592.266666666666;	0.0;	0.13333333333333333;	0.0;	0.0
1376881002;	2;	5199.998618;	57.199984798;	1.1;	8359936.0;	55922.933333333334;	0.0;	0.0;	0.0;	0.0
1376881302;	2;	5199.998618;	58.93331767066665;	1.1333333333333333;	8359936.0;	123032.26666666666;	0.0;	0.6;	0.06666666666666667;	0.0
1376881602;	2;	5199.998618;	58.93331767066665;	1.1333333333333333;	8359936.0;	123031.2;	0.0;	0.4666666666666667;	0.0;	0.0
1376881902;	2;	5199.998618;	57.199984798;	1.1;	8359936.0;	123032.26666666666;	0.0;	0.06666666666666667;	0.0;	0.0
1376882202;	2;	5199.998618;	57.199984798;	1.1;	8359936.0;	111846.93333333333;	0.0;	0.0;	0.0;	0.0
1376882502;	2;	5199.998618;	57.199984798;	1.1;	8359936.0;	95070.4;	0.0;	0.06666666666666667;	0.0;	0.0
1376882802;	2;	5199.998618;	57.199984798;	1.1;	8359936.0;	162178.66666666666;	0.0;	0.06666666666666667;	0.0;	0.0
1376883102;	2;	5199.998618;	57.199984798;	1.1;	8359936.0;	89477.33333333333;	0.0;	0.06666666666666667;	0.0;	0.0
1376883402;	2;	5199.998618;	74.53331352466667;	1.4333333333333333;	8359936.0;	156585.86666666667;	0.0;	5.533333333333333;	0.06666666666666667;	0.0
1376883702;	2;	5199.998618;	57.199984798;	1.1;	8359936.0;	234880.0;	0.0;	0.06666666666666667;	0.0;	0.0
1376884002;	2;	5199.998618;	57.199984798;	1.1;	8359936.0;	167770.4;	0.0;	0.0;	0.0;	0.0
1376884302;	2;	5199.998618;	57.199984798;	1.1;	8359936.0;	100661.6;	0.0;	0.06666666666666667;	0.0;	0.0
1376884602;	2;	5199.998618;	57.199984798;	1.1;	8359936.0;	50331.2;	0.0;	0.0;	0.0;	0.0
1376884902;	2;	5199.998618;	57.199984798;	1.1;	8359936.0;	78293.33333333333;	0.0;	0.5333333333333333;	0.06666666666666667;	0.0
1376885202;	2;	5199.998618;	57.199984798;	1.1;	8359936.0;	83884.0;	0.0;	0.7333333333333333;	0.0;	0.0
1376885502;	2;	5199.998618;	57.199984798;	1.1;	8359936.0;	72700.0;	0.0;	0.13333333333333333;	0.0;	0.0
1376885802;	2;	5199.998618;	57.199984798;	1.1;	8359936.0;	134216.0;	0.0;	0.06666666666666667;	0.0;	0.0
1376886102;	2;	5199.998618;	57.199984798;	1.1;	8359936.0;	33553.6;	0.0;	0.13333333333333333;	0.0;	0.0
1376886402;	2;	5199.998618;	57.199984798;	1.1;	8359936.0;	50331.2;	0.0;	0.06666666666666667;	0.0;	0.0
1376886702;	2;	5199.998618;	57.199984798;	1.1;	8359936.0;	11184.533333333333;	0.0;	0.13333333333333333;	0.0;	0.0
1376887002;	2;	5199.998618;	77.99997927;	1.5;	8359936.0;	100661.6;	0.0;	5.533333333333333;	0.06666666666666667;	0.0
1376887302;	2;	5199.998618;	55.46665192533332;	1.0666666666666667;	8359936.0;	234880.0;	0.0;	0.06666666666666667;	0.0;	0.0
1376887602;	2;	5199.998618;	57.199984798;	1.1;	8359936.0;	50330.4;	0.0;	0.0;	0.0;	0.0
1376887902;	2;	5199.998618;	57.199984798;	1.1;	8359936.0;	0.0;	0.0;	0.06666666666666667;	0.0;	0.0
1376888202;	2;	5199.998618;	57.199984798;	1.1;	8359936.0;	33553.6;	0.0;	0.0;	0.0;	0.0
1376888502;	2;	5199.998618;	58.93331767066665;	1.1333333333333333;	8359936.0;	106254.13333333333;	0.0;	0.6;	0.06666666666666667;	0.0
1376888802;	2;	5199.998618;	60.66665054333333;	1.1666666666666667;	8359936.0;	150993.6;	0.0;	1.1333333333333333;	0.0;	0.0
1376889102;	2;	5199.998618;	57.199984798;	1.1;	8359936.0;	55922.666666666664;	0.0;	0.06666666666666667;	0.0;	0.0
1376889403;	2;	5199.998618;	57.199984798;	1.1;	8359936.0;	0.0;	0.0;	0.0;	0.0;	0.0
1376889703;	2;	5199.998618;	57.199984798;	1.1;	8359936.0;	33554.4;	0.0;	0.06666666666666667;	0.0;	0.0
1376890003;	2;	5199.998618;	55.46665192533332;	1.0666666666666667;	8359936.0;	83884.8;	0.0;	0.0;	0.0;	0.0
1376890303;	2;	5199.998618;	57.199984798;	1.1;	8359936.0;	83884.8;	0.0;	0.06666666666666667;	0.0;	0.0
1376890603;	2;	5199.998618;	77.99997927;	1.5;	8359936.0;	106254.4;	0.0;	5.533333333333333;	0.06666666666666667;	0.0
1376890903;	2;	5199.998618;	57.199984798;	1.1;	8359936.0;	257250.13333333333;	0.0;	0.06666666666666667;	0.0;	0.0
1376891203;	2;	5199.998618;	57.199984798;	1.1;	8359936.0;	5592.266666666666;	0.0;	0.0;	0.0;	0.0
1376891503;	2;	5199.998618;	57.199984798;	1.1;	8359936.0;	67107.2;	0.0;	0.06666666666666667;	0.0;	0.0
1376891803;	2;	5199.998618;	57.199984798;	1.1;	8359936.0;	89477.06666666667;	0.0;	0.0;	0.0;	0.0
1376892103;	2;	5199.998618;	60.66665054333333;	1.1666666666666667;	8359936.0;	67108.0;	0.0;	0.8666666666666667;	0.0;	0.0
1376892403;	2;	5199.998618;	58.93331767066665;	1.1333333333333333;	8359936.0;	128624.53333333334;	0.0;	0.4666666666666667;	0.0;	0.0
1376892703;	2;	5199.998618;	57.199984798;	1.1;	8359936.0;	83884.8;	0.0;	0.13333333333333333;	0.0;	0.0
1376893003;	2;	5199.998618;	57.199984798;	1.1;	8359936.0;	22369.066666666666;	0.0;	0.06666666666666667;	0.0;	0.0
1376893303;	2;	5199.998618;	57.199984798;	1.1;	8359936.0;	100662.4;	0.0;	0.13333333333333333;	0.0;	0.0
1376893603;	2;	5199.998618;	57.199984798;	1.1;	8359936.0;	50330.4;	0.0;	0.06666666666666667;	0.0;	0.0
1376893903;	2;	5199.998618;	57.199984798;	1.1;	8359936.0;	83884.8;	0.0;	0.13333333333333333;	0.0;	0.0
1376894203;	2;	5199.998618;	77.99997927;	1.5;	8359936.0;	246063.73333333334;	0.0;	5.533333333333333;	0.06666666666666667;	0.0
1376894503;	2;	5199.998618;	57.199984798;	1.1;	8359936.0;	385874.6666666667;	0.0;	0.06666666666666667;	0.0;	0.0
1376894803;	2;	5199.998618;	57.199984798;	1.1;	8359936.0;	89477.6;	0.0;	0.0;	0.0;	0.0
1376895103;	2;	5199.998618;	57.199984798;	1.1;	8359936.0;	22369.066666666666;	0.0;	0.06666666666666667;	0.0;	0.0
1376895403;	2;	5199.998618;	57.199984798;	1.1;	8359936.0;	162178.4;	0.0;	0.0;	0.0;	0.0
1376895703;	2;	5199.998618;	60.66665054333333;	1.1666666666666667;	8359936.0;	123031.2;	0.0;	0.8;	0.0;	0.0
1376896003;	2;	5199.998618;	58.93331767066665;	1.1333333333333333;	8359936.0;	78291.73333333334;	0.0;	0.4;	0.0;	0.0
1376896304;	2;	5199.998618;	57.199984798;	1.1;	8359936.0;	39145.86666666667;	0.0;	0.13333333333333333;	0.0;	0.0
1376896604;	2;	5199.998618;	57.199984798;	1.1;	8359936.0;	134216.8;	0.0;	0.06666666666666667;	0.0;	0.0
1376896904;	2;	5199.998618;	57.199984798;	1.1;	8359936.0;	33553.6;	0.0;	0.13333333333333333;	0.0;	0.0
1376897204;	2;	5199.998618;	57.199984798;	1.1;	8359936.0;	55922.666666666664;	0.0;	0.06666666666666667;	0.0;	0.0
1376897504;	2;	5199.998618;	57.199984798;	1.1;	8359936.0;	50330.4;	0.0;	0.13333333333333333;	0.0;	0.0
1376897804;	2;	5199.998618;	74.53331352466667;	1.4333333333333333;	8359936.0;	150994.4;	0.0;	5.8;	0.06666666666666667;	0.0
1376898104;	2;	5199.998618;	57.199984798;	1.1;	8359936.0;	240472.0;	0.0;	0.13333333333333333;	0.0;	0.0
1376898404;	2;	5199.998618;	57.199984798;	1.1;	8359936.0;	44738.13333333333;	0.0;	0.06666666666666667;	0.0;	0.0
1376898704;	2;	5199.998618;	55.46665192533332;	1.0666666666666667;	8359936.0;	5592.266666666666;	0.0;	0.13333333333333333;	0.0;	0.0
1376899004;	2;	5199.998618;	57.199984798;	1.1;	8359936.0;	11184.533333333333;	0.0;	0.06666666666666667;	0.0;	0.0
1376899304;	2;	5199.998618;	60.66665054333333;	1.1666666666666667;	8359936.0;	78292.53333333334;	0.0;	0.8666666666666667;	0.0;	0.0
1376899604;	2;	5199.998618;	65.86664916133333;	1.2666666666666666;	8359936.0;	67107.2;	0.0;	1.0666666666666667;	0.0;	0.0
1376899904;	2;	5199.998618;	57.199984798;	1.1;	8359936.0;	78292.53333333334;	0.0;	0.13333333333333333;	0.0;	0.0
1376900204;	2;	5199.998618;	57.199984798;	1.1;	8359936.0;	134216.53333333333;	0.0;	0.06666666666666667;	0.0;	0.0
1376900504;	2;	5199.998618;	57.199984798;	1.1;	8359936.0;	83884.53333333334;	0.0;	0.06666666666666667;	0.0;	0.0
1376900804;	2;	5199.998618;	57.199984798;	1.1;	8359936.0;	150993.86666666667;	0.0;	0.06666666666666667;	0.0;	0.0
1376901104;	2;	5199.998618;	57.199984798;	1.1;	8359936.0;	50330.933333333334;	0.0;	0.06666666666666667;	0.0;	0.0
1376901404;	2;	5199.998618;	72.79998065199999;	1.4;	8359936.0;	167771.73333333334;	0.0;	5.466666666666667;	0.06666666666666667;	0.0
1376901704;	2;	5199.998618;	57.199984798;	1.1;	8359936.0;	229287.2;	0.0;	0.06666666666666667;	0.0;	0.0
1376902004;	2;	5199.998618;	57.199984798;	1.1;	8359936.0;	55922.666666666664;	0.0;	0.0;	0.0;	0.0
1376902304;	2;	5199.998618;	57.199984798;	1.1;	8359936.0;	67108.0;	0.0;	0.06666666666666667;	0.0;	0.0
1376902604;	2;	5199.998618;	57.199984798;	1.1;	8359936.0;	0.0;	0.0;	0.0;	0.0;	0.0
1376902904;	2;	5199.998618;	65.86664916133333;	1.2666666666666666;	8359936.0;	89477.33333333333;	0.0;	1.0666666666666667;	0.0;	0.06666666666666667
1376903204;	2;	5199.998618;	69.33331490666667;	1.3333333333333335;	8359936.0;	234880.0;	0.0;	5.066666666666666;	0.0;	0.0
1376903504;	2;	5199.998618;	57.199984798;	1.1;	8359936.0;	134216.0;	0.0;	0.06666666666666667;	0.0;	0.0
1376903804;	2;	5199.998618;	57.199984798;	1.1;	8359936.0;	83884.0;	0.0;	0.0;	0.0;	0.0
1376904104;	2;	5199.998618;	57.199984798;	1.1;	8359936.0;	72699.46666666666;	0.0;	0.06666666666666667;	0.0;	0.0
1376904404;	2;	5199.998618;	57.199984798;	1.1;	8359936.0;	67107.2;	0.0;	0.0;	0.0;	0.0
1376904704;	2;	5199.998618;	57.199984798;	1.1;	8359936.0;	83885.6;	0.0;	0.06666666666666667;	0.0;	0.0
1376905004;	2;	5199.998618;	72.79998065199999;	1.4;	8359936.0;	150993.33333333334;	0.0;	5.533333333333333;	0.06666666666666667;	0.0
1376905304;	2;	5199.998618;	64.13331628866666;	1.2333333333333334;	8359936.0;	206917.6;	0.0;	3.0;	1.4;	0.0
1376905604;	2;	5199.998618;	77.99997927;	1.5;	8359936.0;	67108.0;	0.0;	9.733333333333333;	4.4;	0.0
1376905904;	2;	5199.998618;	77.99997927;	1.5;	8359936.0;	83884.0;	0.0;	9.866666666666667;	4.266666666666667;	0.0
1376906204;	2;	5199.998618;	77.99997927;	1.5;	8359936.0;	117439.2;	0.0;	10.066666666666666;	4.333333333333333;	0.0
1376906504;	2;	5199.998618;	77.99997927;	1.5;	8359936.0;	0.0;	0.0;	10.6;	4.333333333333333;	0.0
1376906804;	2;	5199.998618;	83.19997788799999;	1.6;	8359936.0;	89477.6;	0.0;	10.4;	4.333333333333333;	0.0
1376907104;	2;	5199.998618;	77.99997927;	1.5;	8359936.0;	61515.73333333333;	0.0;	9.733333333333333;	4.266666666666667;	0.0
1376907404;	2;	5199.998618;	77.99997927;	1.5;	8359936.0;	117439.2;	0.0;	9.866666666666667;	4.333333333333333;	0.0
1376907704;	2;	5199.998618;	77.99997927;	1.5;	8359936.0;	117440.0;	0.0;	9.866666666666667;	4.333333333333333;	0.0
1376908004;	2;	5199.998618;	79.73331214266666;	1.5333333333333334;	8359936.0;	50330.4;	0.0;	9.933333333333334;	4.333333333333333;	0.0
1376908304;	2;	5199.998618;	77.99997927;	1.5;	8359936.0;	83884.0;	0.0;	9.933333333333334;	4.4;	0.0
1376908604;	2;	5199.998618;	98.79997374199998;	1.9;	8359936.0;	134216.53333333333;	0.0;	15.266666666666667;	4.6;	0.0
1376908904;	2;	5199.998618;	77.99997927;	1.5;	8359936.0;	301988.8;	0.0;	9.733333333333333;	4.533333333333333;	0.0
1376909204;	2;	5199.998618;	77.99997927;	1.5;	8359936.0;	201324.8;	0.0;	9.733333333333333;	4.466666666666667;	0.0
1376909504;	2;	5199.998618;	77.99997927;	1.5;	8359936.0;	150994.66666666666;	0.0;	9.8;	4.466666666666667;	0.0
1376909804;	2;	5199.998618;	77.99997927;	1.5;	8359936.0;	134216.8;	0.0;	9.733333333333333;	4.533333333333333;	0.0
1376910104;	2;	5199.998618;	77.99997927;	1.5;	8359936.0;	83884.0;	0.0;	10.333333333333334;	4.4;	0.0
1376910404;	2;	5199.998618;	77.99997927;	1.5;	8359936.0;	83884.0;	0.0;	10.733333333333333;	4.4;	0.06666666666666667
1376910705;	2;	5199.998618;	77.99997927;	1.5;	8359936.0;	156585.6;	0.0;	10.066666666666666;	4.466666666666667;	0.0
1376911005;	2;	5199.998618;	77.99997927;	1.5;	8359936.0;	117438.66666666667;	0.0;	9.866666666666667;	4.466666666666667;	0.0
1376911305;	2;	5199.998618;	77.99997927;	1.5;	8359936.0;	100662.4;	0.0;	9.933333333333334;	4.533333333333333;	0.0
1376911605;	2;	5199.998618;	77.99997927;	1.5;	8359936.0;	195733.06666666668;	0.0;	9.8;	4.533333333333333;	0.0
1376911905;	2;	5199.998618;	77.99997927;	1.5;	8359936.0;	117439.2;	0.0;	9.933333333333334;	4.333333333333333;	0.0
1376912205;	2;	5199.998618;	93.599975124;	1.8;	8359936.0;	117439.2;	0.0;	15.266666666666667;	4.4;	0.0
1376912505;	2;	5199.998618;	77.99997927;	1.5;	8359936.0;	139808.53333333333;	0.0;	10.0;	4.466666666666667;	0.0
1376912805;	2;	5199.998618;	77.99997927;	1.5;	8359936.0;	89477.33333333333;	0.0;	9.8;	4.333333333333333;	0.0
1376913105;	2;	5199.998618;	77.99997927;	1.5;	8359936.0;	106254.13333333333;	0.0;	9.933333333333334;	4.466666666666667;	0.0
1376913405;	2;	5199.998618;	77.99997927;	1.5;	8359936.0;	100661.6;	0.0;	10.066666666666666;	4.466666666666667;	0.0
1376913705;	2;	5199.998618;	77.99997927;	1.5;	8359936.0;	145401.86666666667;	0.0;	10.666666666666666;	4.533333333333333;	0.0
1376914005;	2;	5199.998618;	77.99997927;	1.5;	8359936.0;	123031.73333333334;	0.0;	10.133333333333333;	4.533333333333333;	0.0
1376914305;	2;	5199.998618;	77.99997927;	1.5;	8359936.0;	150992.8;	0.0;	9.8;	4.533333333333333;	0.0
1376914605;	2;	5199.998618;	77.99997927;	1.5;	8359936.0;	89477.06666666667;	0.0;	9.866666666666667;	4.533333333333333;	0.0
1376914905;	2;	5199.998618;	77.99997927;	1.5;	8359936.0;	134216.53333333333;	0.0;	10.066666666666666;	4.333333333333333;	0.0
1376915205;	2;	5199.998618;	77.99997927;	1.5;	8359936.0;	139808.53333333333;	0.0;	10.066666666666666;	4.4;	0.0
1376915505;	2;	5199.998618;	77.99997927;	1.5;	8359936.0;	67108.0;	0.0;	9.866666666666667;	4.266666666666667;	0.0
1376915805;	2;	5199.998618;	93.599975124;	1.8;	8359936.0;	139808.8;	0.0;	15.666666666666666;	4.4;	0.0
1376916105;	2;	5199.998618;	77.99997927;	1.5;	8359936.0;	178955.46666666667;	0.0;	9.733333333333333;	4.466666666666667;	0.0
1376916405;	2;	5199.998618;	77.99997927;	1.5;	8359936.0;	55923.2;	0.0;	10.0;	4.466666666666667;	0.0
1376916705;	2;	5199.998618;	77.99997927;	1.5;	8359936.0;	44738.933333333334;	0.0;	9.933333333333334;	4.4;	0.0
1376917005;	2;	5199.998618;	77.99997927;	1.5;	8359936.0;	39146.666666666664;	0.0;	9.8;	4.333333333333333;	0.0
1376917305;	2;	5199.998618;	77.99997927;	1.5;	8359936.0;	78292.26666666666;	0.0;	10.8;	4.466666666666667;	0.0
1376917605;	2;	5199.998618;	77.99997927;	1.5;	8359936.0;	195732.53333333333;	0.0;	10.4;	4.4;	0.0
1376917905;	2;	5199.998618;	77.99997927;	1.5;	8359936.0;	212510.13333333333;	0.0;	10.0;	4.333333333333333;	0.0
1376918205;	2;	5199.998618;	77.99997927;	1.5;	8359936.0;	173363.46666666667;	0.0;	9.866666666666667;	4.533333333333333;	0.0
1376918505;	2;	5199.998618;	77.99997927;	1.5;	8359936.0;	100662.13333333333;	0.0;	10.066666666666666;	4.4;	0.0
1376918805;	2;	5199.998618;	77.99997927;	1.5;	8359936.0;	67107.2;	0.0;	9.8;	4.266666666666667;	0.0
1376919105;	2;	5199.998618;	77.99997927;	1.5;	8359936.0;	67108.0;	0.0;	10.066666666666666;	4.466666666666667;	0.0
1376919405;	2;	5199.998618;	93.599975124;	1.8;	8359936.0;	234879.46666666667;	0.0;	15.466666666666667;	4.6;	0.0
1376919705;	2;	5199.998618;	77.99997927;	1.5;	8359936.0;	190140.53333333333;	0.0;	9.933333333333334;	4.4;	0.0
1376920005;	2;	5199.998618;	77.99997927;	1.5;	8359936.0;	55922.666666666664;	0.0;	9.866666666666667;	4.466666666666667;	0.0
1376920306;	2;	5199.998618;	77.99997927;	1.5;	8359936.0;	134216.8;	0.0;	9.933333333333334;	4.4;	0.0
1376920606;	2;	5199.998618;	77.99997927;	1.5;	8359936.0;	123031.2;	0.0;	9.933333333333334;	4.466666666666667;	0.0
1376920906;	2;	5199.998618;	77.99997927;	1.5;	8359936.0;	95068.8;	0.0;	10.533333333333333;	4.466666666666667;	0.0
1376921206;	2;	5199.998618;	77.99997927;	1.5;	8359936.0;	139808.8;	0.0;	10.733333333333333;	4.466666666666667;	0.0
1376921506;	2;	5199.998618;	77.99997927;	1.5;	8359936.0;	156586.13333333333;	0.0;	10.0;	4.266666666666667;	0.0
1376921806;	2;	5199.998618;	77.99997927;	1.5;	8359936.0;	67107.2;	0.0;	10.133333333333333;	4.533333333333333;	0.0
1376922106;	2;	5199.998618;	77.99997927;	1.5;	8359936.0;	106254.13333333333;	0.0;	9.933333333333334;	4.333333333333333;	0.0
1376922406;	2;	5199.998618;	77.99997927;	1.5;	8359936.0;	117439.2;	0.0;	9.933333333333334;	4.4;	0.0
1376922706;	2;	5199.998618;	77.99997927;	1.5;	8359936.0;	212509.6;	0.0;	10.066666666666666;	4.333333333333333;	0.0
1376923006;	2;	5199.998618;	93.599975124;	1.8;	8359936.0;	324357.86666666664;	0.0;	15.333333333333334;	4.4;	0.0
1376923306;	2;	5199.998618;	77.99997927;	1.5;	8359936.0;	206917.6;	0.0;	10.066666666666666;	4.466666666666667;	0.0
1376923606;	2;	5199.998618;	77.99997927;	1.5;	8359936.0;	123031.2;	0.0;	10.0;	4.4;	0.0
1376923906;	2;	5199.998618;	77.99997927;	1.5;	8359936.0;	11184.533333333333;	0.0;	9.933333333333334;	4.466666666666667;	0.0
1376924206;	2;	5199.998618;	77.99997927;	1.5;	8359936.0;	0.0;	0.0;	9.733333333333333;	4.466666666666667;	0.0
1376924506;	2;	5199.998618;	77.99997927;	1.5;	8359936.0;	61516.0;	0.0;	10.733333333333333;	4.4;	0.0
1376924806;	2;	5199.998618;	77.99997927;	1.5;	8359936.0;	212509.86666666667;	0.0;	10.4;	4.466666666666667;	0.0
1376925106;	2;	5199.998618;	77.99997927;	1.5;	8359936.0;	83884.8;	0.0;	9.866666666666667;	4.266666666666667;	0.0
1376925406;	2;	5199.998618;	77.99997927;	1.5;	8359936.0;	83884.0;	0.0;	9.8;	4.333333333333333;	0.0
1376925706;	2;	5199.998618;	77.99997927;	1.5;	8359936.0;	72699.46666666666;	0.0;	10.066666666666666;	4.4;	0.0
1376926006;	2;	5199.998618;	77.99997927;	1.5;	8359936.0;	83884.0;	0.0;	9.8;	4.466666666666667;	0.0
1376926306;	2;	5199.998618;	77.99997927;	1.5;	8359936.0;	78291.73333333334;	0.0;	10.066666666666666;	4.2;	0.0
1376926606;	2;	5199.998618;	83.19997788799999;	1.6;	8359936.0;	95069.6;	0.0;	15.333333333333334;	4.533333333333333;	0.0
1376926906;	2;	5199.998618;	71.06664777933332;	1.3666666666666665;	8359936.0;	246064.53333333333;	0.0;	9.866666666666667;	4.333333333333333;	0.0
1376927206;	2;	5199.998618;	79.73331214266666;	1.5333333333333334;	8359936.0;	33553.6;	0.0;	10.0;	4.333333333333333;	0.0
1376927506;	2;	5199.998618;	81.46664501533333;	1.5666666666666667;	8359936.0;	50331.2;	0.0;	10.0;	4.466666666666667;	0.0
1376927806;	2;	5199.998618;	77.99997927;	1.5;	8359936.0;	150994.4;	0.0;	9.733333333333333;	4.4;	0.0
1376928106;	2;	5199.998618;	77.99997927;	1.5;	8359936.0;	100661.86666666667;	0.0;	10.533333333333333;	4.533333333333333;	0.0
1376928406;	2;	5199.998618;	77.99997927;	1.5;	8359936.0;	178954.93333333332;	0.0;	10.2;	4.4;	0.0
1376928706;	2;	5199.998618;	79.73331214266666;	1.5333333333333334;	8359936.0;	150993.6;	0.0;	9.933333333333334;	4.466666666666667;	0.0
1376929006;	2;	5199.998618;	77.99997927;	1.5;	8359936.0;	72701.06666666667;	0.0;	9.8;	4.266666666666667;	0.0
1376929306;	2;	5199.998618;	79.73331214266666;	1.5333333333333334;	8359936.0;	117439.2;	0.0;	10.0;	4.4;	0.0
1376929606;	2;	5199.998618;	77.99997927;	1.5;	8359936.0;	78291.73333333334;	0.0;	9.8;	4.4;	0.0
1376929906;	2;	5199.998618;	79.73331214266666;	1.5333333333333334;	8359936.0;	55922.666666666664;	0.0;	10.066666666666666;	4.4;	0.0
1376930207;	2;	5199.998618;	93.599975124;	1.8;	8359936.0;	195732.26666666666;	0.0;	15.333333333333334;	4.533333333333333;	0.0
1376930507;	2;	5199.998618;	81.46664501533333;	1.5666666666666667;	8359936.0;	234880.0;	0.0;	9.866666666666667;	4.4;	0.0
1376930807;	2;	5199.998618;	77.99997927;	1.5;	8359936.0;	134216.8;	0.0;	10.0;	4.466666666666667;	0.0
1376931107;	2;	5199.998618;	72.79998065199999;	1.4;	8359936.0;	117439.2;	0.0;	4.266666666666667;	1.8666666666666667;	0.0
1376931407;	2;	5199.998618;	51.99998617999999;	1.0;	8359936.0;	67108.8;	0.0;	0.0;	0.0;	0.0
1376931707;	2;	5199.998618;	60.66665054333333;	1.1666666666666667;	8359936.0;	61516.0;	0.0;	0.8666666666666667;	0.0;	0.0
1376932007;	2;	5199.998618;	53.73331905266666;	1.0333333333333332;	8359936.0;	184548.8;	0.0;	0.7333333333333333;	0.0;	0.0
1376932307;	2;	5199.998618;	57.199984798;	1.1;	8359936.0;	44739.2;	0.0;	0.06666666666666667;	0.0;	0.0
1376932607;	2;	5199.998618;	51.99998617999999;	1.0;	8359936.0;	67108.0;	0.0;	0.0;	0.0;	0.0
1376932907;	2;	5199.998618;	57.199984798;	1.1;	8359936.0;	27961.333333333332;	0.0;	0.06666666666666667;	0.0;	0.0
1376933207;	2;	5199.998618;	51.99998617999999;	1.0;	8359936.0;	33553.6;	0.0;	0.0;	0.0;	0.0
1376933507;	2;	5199.998618;	57.199984798;	1.1;	8359936.0;	16776.8;	0.0;	0.06666666666666667;	0.0;	0.0
1376933807;	2;	5199.998618;	72.79998065199999;	1.4;	8359936.0;	111848.0;	0.0;	5.733333333333333;	0.06666666666666667;	0.0
1376934107;	2;	5199.998618;	57.199984798;	1.1;	8359936.0;	268434.13333333336;	0.0;	0.06666666666666667;	0.0;	0.0
1376934407;	2;	5199.998618;	51.99998617999999;	1.0;	8359936.0;	78292.53333333334;	0.0;	0.0;	0.0;	0.0
1376934707;	2;	5199.998618;	57.199984798;	1.1;	8359936.0;	16776.8;	0.0;	0.06666666666666667;	0.0;	0.0
1376935007;	2;	5199.998618;	51.99998617999999;	1.0;	8359936.0;	11184.533333333333;	0.0;	0.0;	0.0;	0.0
1376935307;	2;	5199.998618;	60.66665054333333;	1.1666666666666667;	8359936.0;	78293.06666666667;	0.0;	0.8666666666666667;	0.06666666666666667;	0.0
1376935607;	2;	5199.998618;	58.93331767066665;	1.1333333333333333;	8359936.0;	111846.4;	0.0;	0.4666666666666667;	0.0;	0.0
1376935907;	2;	5199.998618;	57.199984798;	1.1;	8359936.0;	0.0;	0.0;	0.06666666666666667;	0.0;	0.0
1376936207;	2;	5199.998618;	51.99998617999999;	1.0;	8359936.0;	16776.8;	0.0;	0.0;	0.0;	0.0
1376936507;	2;	5199.998618;	57.199984798;	1.1;	8359936.0;	11184.533333333333;	0.0;	0.06666666666666667;	0.0;	0.0
1376936807;	2;	5199.998618;	51.99998617999999;	1.0;	8359936.0;	111847.46666666666;	0.0;	0.13333333333333333;	0.0;	0.0
1376937107;	2;	5199.998618;	57.199984798;	1.1;	8359936.0;	100662.66666666667;	0.0;	0.06666666666666667;	0.0;	0.0
1376937407;	2;	5199.998618;	72.79998065199999;	1.4;	8359936.0;	123032.53333333334;	0.0;	5.466666666666667;	0.06666666666666667;	0.0
1376937707;	2;	5199.998618;	57.199984798;	1.1;	8359936.0;	150994.13333333333;	0.0;	0.06666666666666667;	0.0;	0.0
1376938007;	2;	5199.998618;	51.99998617999999;	1.0;	8359936.0;	16776.8;	0.0;	0.0;	0.0;	0.0
1376938307;	2;	5199.998618;	57.199984798;	1.1;	8359936.0;	0.0;	0.0;	0.06666666666666667;	0.0;	0.0
1376938607;	2;	5199.998618;	51.99998617999999;	1.0;	8359936.0;	0.0;	0.0;	0.0;	0.0;	0.0
1376938907;	2;	5199.998618;	60.66665054333333;	1.1666666666666667;	8359936.0;	67108.8;	0.0;	0.8;	0.0;	0.0
1376939208;	2;	5199.998618;	53.73331905266666;	1.0333333333333332;	8359936.0;	106255.2;	0.0;	0.2;	0.0;	0.0
1376939508;	2;	5199.998618;	57.199984798;	1.1;	8359936.0;	44738.13333333333;	0.0;	0.06666666666666667;	0.0;	0.0
1376939808;	2;	5199.998618;	51.99998617999999;	1.0;	8359936.0;	16776.8;	0.0;	0.0;	0.0;	0.0
1376940108;	2;	5199.998618;	57.199984798;	1.1;	8359936.0;	16777.066666666666;	0.0;	0.06666666666666667;	0.0;	0.0
1376940408;	2;	5199.998618;	57.199984798;	1.1;	8359936.0;	128623.73333333334;	0.0;	0.0;	0.0;	0.0
1376940708;	2;	5199.998618;	57.199984798;	1.1;	8359936.0;	72700.8;	0.0;	0.06666666666666667;	0.0;	0.0
1376941008;	2;	5199.998618;	81.46664501533333;	1.5666666666666667;	8359936.0;	128623.73333333334;	0.0;	5.466666666666667;	0.06666666666666667;	0.0
1376941308;	2;	5199.998618;	57.199984798;	1.1;	8359936.0;	145401.86666666667;	0.0;	0.06666666666666667;	0.0;	0.0
1376941608;	2;	5199.998618;	57.199984798;	1.1;	8359936.0;	100661.33333333333;	0.0;	0.06666666666666667;	0.0;	0.0
1376941908;	2;	5199.998618;	57.199984798;	1.1;	8359936.0;	44738.13333333333;	0.0;	0.06666666666666667;	0.0;	0.0
1376942208;	2;	5199.998618;	57.199984798;	1.1;	8359936.0;	83884.8;	0.0;	0.06666666666666667;	0.0;	0.0
1376942508;	2;	5199.998618;	60.66665054333333;	1.1666666666666667;	8359936.0;	50330.4;	0.0;	0.8666666666666667;	0.06666666666666667;	0.0
1376942808;	2;	5199.998618;	60.66665054333333;	1.1666666666666667;	8359936.0;	162178.93333333332;	0.0;	0.9333333333333333;	0.0;	0.0
1376943108;	2;	5199.998618;	57.199984798;	1.1;	8359936.0;	145400.53333333333;	0.0;	0.06666666666666667;	0.0;	0.0
1376943408;	2;	5199.998618;	57.199984798;	1.1;	8359936.0;	67107.2;	0.0;	0.0;	0.0;	0.0
1376943708;	2;	5199.998618;	57.199984798;	1.1;	8359936.0;	83885.6;	0.0;	0.13333333333333333;	0.0;	0.0
1376944008;	2;	5199.998618;	57.199984798;	1.1;	8359936.0;	83884.8;	0.0;	0.0;	0.0;	0.0
1376944308;	2;	5199.998618;	57.199984798;	1.1;	8359936.0;	50330.4;	0.0;	0.13333333333333333;	0.0;	0.0
1376944608;	2;	5199.998618;	72.79998065199999;	1.4;	8359936.0;	27961.333333333332;	0.0;	5.533333333333333;	0.06666666666666667;	0.0
1376944908;	2;	5199.998618;	57.199984798;	1.1;	8359936.0;	150994.4;	0.0;	0.13333333333333333;	0.0;	0.0
1376945208;	2;	5199.998618;	57.199984798;	1.1;	8359936.0;	22369.066666666666;	0.0;	0.0;	0.0;	0.0
1376945508;	2;	5199.998618;	57.199984798;	1.1;	8359936.0;	16776.8;	0.0;	0.06666666666666667;	0.0;	0.0
1376945808;	2;	5199.998618;	57.199984798;	1.1;	8359936.0;	100662.4;	0.0;	0.0;	0.0;	0.0
1376946108;	2;	5199.998618;	57.199984798;	1.1;	8359936.0;	123032.0;	0.0;	0.8666666666666667;	0.06666666666666667;	0.0
1376946408;	2;	5199.998618;	58.93331767066665;	1.1333333333333333;	8359936.0;	150993.6;	0.0;	0.3333333333333333;	0.0;	0.0
1376946708;	2;	5199.998618;	57.199984798;	1.1;	8359936.0;	44738.13333333333;	0.0;	0.06666666666666667;	0.0;	0.0
1376947008;	2;	5199.998618;	57.199984798;	1.1;	8359936.0;	39145.86666666667;	0.0;	0.0;	0.0;	0.0
1376947309;	2;	5199.998618;	57.199984798;	1.1;	8359936.0;	16776.8;	0.0;	0.06666666666666667;	0.0;	0.0
1376947609;	2;	5199.998618;	57.199984798;	1.1;	8359936.0;	89477.06666666667;	0.0;	0.0;	0.0;	0.0
1376947909;	2;	5199.998618;	57.199984798;	1.1;	8359936.0;	89478.13333333333;	0.0;	0.13333333333333333;	0.0;	0.0
1376948209;	2;	5199.998618;	76.26664639733332;	1.4666666666666666;	8359936.0;	100662.4;	0.0;	5.533333333333333;	0.06666666666666667;	0.0
1376948509;	2;	5199.998618;	57.199984798;	1.1;	8359936.0;	95070.4;	0.0;	0.13333333333333333;	0.0;	0.0
1376948809;	2;	5199.998618;	57.199984798;	1.1;	8359936.0;	72700.0;	0.0;	0.06666666666666667;	0.0;	0.0
1376949109;	2;	5199.998618;	57.199984798;	1.1;	8359936.0;	78292.8;	0.0;	0.13333333333333333;	0.0;	0.0
1376949408;	2;	5199.998618;	57.199984798;	1.1;	8359936.0;	83884.8;	0.0;	1.0;	0.0;	0.0
1376949709;	2;	5199.998618;	57.199984798;	1.1;	8359936.0;	61514.933333333334;	0.0;	0.8666666666666667;	0.0;	0.0
1376950009;	2;	5199.998618;	57.199984798;	1.1;	8359936.0;	55923.46666666667;	0.0;	0.5333333333333333;	0.0;	0.0
1376950309;	2;	5199.998618;	55.46665192533332;	1.0666666666666667;	8359936.0;	39146.4;	0.0;	0.06666666666666667;	0.0;	0.0
1376950609;	2;	5199.998618;	57.199984798;	1.1;	8359936.0;	162179.2;	0.0;	0.0;	0.0;	0.0
1376950909;	2;	5199.998618;	57.199984798;	1.1;	8359936.0;	5592.266666666666;	0.0;	0.06666666666666667;	0.0;	0.0
1376951209;	2;	5199.998618;	57.199984798;	1.1;	8359936.0;	72699.46666666666;	0.0;	0.0;	0.0;	0.0
1376951509;	2;	5199.998618;	57.199984798;	1.1;	8359936.0;	100663.2;	0.0;	0.06666666666666667;	0.0;	0.0
1376951809;	2;	5199.998618;	77.99997927;	1.5;	8359936.0;	150994.4;	0.0;	5.666666666666667;	0.06666666666666667;	0.0
1376952109;	2;	5199.998618;	135.19996406799999;	2.6;	8359936.0;	234880.26666666666;	0.0;	41.46666666666667;	1.6;	2.6666666666666665
1376952409;	2;	5199.998618;	55.46665192533332;	1.0666666666666667;	8359936.0;	262841.6;	0.0;	0.0;	0.0;	0.0
1376952709;	2;	5199.998618;	57.199984798;	1.1;	8359936.0;	50330.4;	0.0;	0.06666666666666667;	0.0;	0.0
1376953009;	2;	5199.998618;	57.199984798;	1.1;	8359936.0;	95069.6;	0.0;	0.0;	0.0;	0.0
1376953309;	2;	5199.998618;	60.66665054333333;	1.1666666666666667;	8359936.0;	139809.06666666668;	0.0;	0.8666666666666667;	0.06666666666666667;	0.0
1376953610;	2;	5199.998618;	58.93331767066665;	1.1333333333333333;	8359936.0;	150994.4;	0.0;	0.6666666666666666;	0.0;	0.0
1376953910;	2;	5199.998618;	58.93331767066665;	1.1333333333333333;	8359936.0;	111847.73333333334;	0.0;	0.07142857142857142;	0.0;	0.0
1376954210;	2;	5199.998618;	57.199984798;	1.1;	8359936.0;	150993.33333333334;	0.0;	0.0;	0.0;	0.0
1376954510;	2;	5199.998618;	67.59998203399999;	1.3;	8359936.0;	83885.6;	0.0;	0.07142857142857142;	0.0;	0.0
1376954810;	2;	5199.998618;	57.199984798;	1.1;	8359936.0;	72699.46666666666;	0.0;	0.0;	0.0;	0.0
1376955110;	2;	5199.998618;	57.199984798;	1.1;	8359936.0;	83884.0;	0.0;	0.13333333333333333;	0.0;	0.0
1376955410;	2;	5199.998618;	77.99997927;	1.5;	8359936.0;	167770.4;	0.0;	5.6;	0.06666666666666667;	0.0
1376955710;	2;	5199.998618;	57.199984798;	1.1;	8359936.0;	100662.4;	0.0;	0.13333333333333333;	0.0;	0.0
1376956010;	2;	5199.998618;	57.199984798;	1.1;	8359936.0;	0.0;	0.0;	0.06666666666666667;	0.0;	0.0
1376956310;	2;	5199.998618;	65.86664916133333;	1.2666666666666666;	8359936.0;	78292.53333333334;	0.0;	0.13333333333333333;	0.0;	0.0
1376956610;	2;	5199.998618;	57.199984798;	1.1;	8359936.0;	78291.73333333334;	0.0;	0.06666666666666667;	0.0;	0.0
1376956910;	2;	5199.998618;	60.66665054333333;	1.1666666666666667;	8359936.0;	33553.6;	0.0;	0.8666666666666667;	0.0;	0.0
1376957210;	2;	5199.998618;	58.93331767066665;	1.1333333333333333;	8359936.0;	33553.6;	0.0;	0.13333333333333333;	0.0;	0.0
1376957510;	2;	5199.998618;	77.99997927;	1.5;	8359936.0;	83884.8;	0.0;	8.0;	0.2;	0.6666666666666666
1376957810;	2;	5199.998618;	57.199984798;	1.1;	8359936.0;	83884.0;	0.0;	0.0;	0.0;	0.0
1376958110;	2;	5199.998618;	57.199984798;	1.1;	8359936.0;	67107.2;	0.0;	0.06666666666666667;	0.0;	0.0
1376958410;	2;	5199.998618;	57.199984798;	1.1;	8359936.0;	33553.6;	0.0;	0.06666666666666667;	0.0;	0.0
1376958710;	2;	5199.998618;	64.13331628866666;	1.2333333333333334;	8359936.0;	145402.4;	0.0;	0.13333333333333333;	0.0;	0.0
1376959010;	2;	5199.998618;	90.13330937866667;	1.7333333333333334;	8359936.0;	117439.2;	0.0;	5.6;	0.06666666666666667;	0.0
1376959310;	2;	5199.998618;	57.199984798;	1.1;	8359936.0;	100662.4;	0.0;	0.13333333333333333;	0.0;	0.0
1376959610;	2;	5199.998618;	57.199984798;	1.1;	8359936.0;	100662.66666666667;	0.0;	0.13333333333333333;	0.0;	0.0
1376959910;	2;	5199.998618;	72.79998065199999;	1.4;	8359936.0;	50331.2;	0.0;	0.2;	0.0;	0.0
1376960210;	2;	5199.998618;	58.93331767066665;	1.1333333333333333;	8359936.0;	83884.8;	0.0;	0.13333333333333333;	0.0;	0.0
1376960510;	2;	5199.998618;	60.66665054333333;	1.1666666666666667;	8359936.0;	190140.0;	0.0;	0.8666666666666667;	0.0;	0.0
1376960810;	2;	5199.998618;	58.93331767066665;	1.1333333333333333;	8359936.0;	78292.26666666666;	0.0;	0.2;	0.06666666666666667;	0.0
1376961110;	2;	5199.998618;	57.199984798;	1.1;	8359936.0;	0.0;	0.0;	0.13333333333333333;	0.0;	0.0
1376961410;	2;	5199.998618;	57.199984798;	1.1;	8359936.0;	123031.2;	0.0;	0.06666666666666667;	0.0;	0.0
1376961710;	2;	5199.998618;	58.93331767066665;	1.1333333333333333;	8359936.0;	44738.4;	0.0;	0.13333333333333333;	0.0;	0.0
1376962010;	2;	5199.998618;	64.13331628866666;	1.2333333333333334;	8359936.0;	95070.13333333333;	0.0;	0.06666666666666667;	0.0;	0.0
1376962311;	2;	5199.998618;	57.199984798;	1.1;	8359936.0;	162178.4;	0.0;	0.13333333333333333;	0.0;	0.0
1376962611;	2;	5199.998618;	77.99997927;	1.5;	8359936.0;	150993.86666666667;	0.0;	5.533333333333333;	0.06666666666666667;	0.0
1376962911;	2;	5199.998618;	57.199984798;	1.1;	8359936.0;	218102.4;	0.0;	0.13333333333333333;	0.0;	0.0
1376963211;	2;	5199.998618;	65.86664916133333;	1.2666666666666666;	8359936.0;	61516.0;	0.0;	0.06666666666666667;	0.0;	0.0
1376963511;	2;	5199.998618;	58.93331767066665;	1.1333333333333333;	8359936.0;	100662.4;	0.0;	0.13333333333333333;	0.0;	0.0
1376963811;	2;	5199.998618;	57.199984798;	1.1;	8359936.0;	27961.333333333332;	0.0;	0.06666666666666667;	0.0;	0.0
1376964111;	2;	5199.998618;	214.93327621066663;	4.133333333333333;	8359936.0;	78293.06666666667;	0.0;	2.6;	1.5333333333333334;	0.8
1376964411;	2;	5199.998618;	62.399983416;	1.2;	8359936.0;	139808.53333333333;	0.0;	2.0;	0.0;	0.0
1376964711;	2;	5199.998618;	57.199984798;	1.1;	8359936.0;	39145.86666666667;	0.0;	0.06666666666666667;	0.0;	0.0
1376965011;	2;	5199.998618;	69.33331490666667;	1.3333333333333335;	8359936.0;	39145.86666666667;	0.0;	0.0;	0.0;	0.0
1376965311;	2;	5199.998618;	69.33331490666667;	1.3333333333333335;	8359936.0;	33553.6;	0.0;	0.06666666666666667;	0.0;	0.0
1376965611;	2;	5199.998618;	107.46663810533332;	2.0666666666666664;	8359936.0;	128623.46666666666;	0.0;	15.2;	6.866666666666666;	0.13333333333333333
1376965911;	2;	5199.998618;	57.199984798;	1.1;	8359936.0;	195732.8;	0.0;	0.06666666666666667;	0.0;	0.0
1376966211;	2;	5199.998618;	81.46664501533333;	1.5666666666666667;	8359936.0;	218102.66666666666;	0.0;	5.533333333333333;	0.06666666666666667;	0.0
1376966511;	2;	5199.998618;	57.199984798;	1.1;	8359936.0;	268433.6;	0.0;	0.06666666666666667;	0.0;	0.0
1376966811;	2;	5199.998618;	57.199984798;	1.1;	8359936.0;	44738.4;	0.0;	0.0;	0.0;	0.0
1376967111;	2;	5199.998618;	57.199984798;	1.1;	8359936.0;	72700.0;	0.0;	0.06666666666666667;	0.0;	0.0
1376967411;	2;	5199.998618;	57.199984798;	1.1;	8359936.0;	61515.73333333333;	0.0;	0.0;	0.0;	0.0
1376967711;	2;	5199.998618;	60.66665054333333;	1.1666666666666667;	8359936.0;	39146.4;	0.0;	0.8;	0.0;	0.0
1376968011;	2;	5199.998618;	60.66665054333333;	1.1666666666666667;	8359936.0;	190141.06666666668;	0.0;	0.4;	0.06666666666666667;	0.0
1376968311;	2;	5199.998618;	71.06664777933332;	1.3666666666666665;	8359936.0;	134215.73333333334;	0.0;	0.13333333333333333;	0.0;	0.0
1376968611;	2;	5199.998618;	57.199984798;	1.1;	8359936.0;	134216.53333333333;	0.0;	0.06666666666666667;	0.0;	0.0
1376968911;	2;	5199.998618;	57.199984798;	1.1;	8359936.0;	78293.6;	0.0;	0.13333333333333333;	0.0;	0.0
1376969211;	2;	5199.998618;	57.199984798;	1.1;	8359936.0;	22369.066666666666;	0.0;	0.06666666666666667;	0.0;	0.0
1376969511;	2;	5199.998618;	57.199984798;	1.1;	8359936.0;	78292.0;	0.0;	0.13333333333333333;	0.0;	0.0
1376969811;	2;	5199.998618;	77.99997927;	1.5;	8359936.0;	156586.66666666666;	0.0;	5.733333333333333;	0.06666666666666667;	0.0
1376970111;	2;	5199.998618;	57.199984798;	1.1;	8359936.0;	251656.8;	0.0;	0.13333333333333333;	0.0;	0.0
1376970411;	2;	5199.998618;	57.199984798;	1.1;	8359936.0;	27961.333333333332;	0.0;	0.06666666666666667;	0.0;	0.0
1376970711;	2;	5199.998618;	57.199984798;	1.1;	8359936.0;	0.0;	0.0;	0.06666666666666667;	0.0;	0.0
1376971011;	2;	5199.998618;	57.199984798;	1.1;	8359936.0;	44739.2;	0.0;	0.0;	0.0;	0.0
1376971311;	2;	5199.998618;	60.66665054333333;	1.1666666666666667;	8359936.0;	117440.0;	0.0;	0.8;	0.06666666666666667;	0.0
1376971611;	2;	5199.998618;	58.93331767066665;	1.1333333333333333;	8359936.0;	206917.33333333334;	0.0;	0.26666666666666666;	0.0;	0.0
1376971911;	2;	5199.998618;	57.199984798;	1.1;	8359936.0;	67108.0;	0.0;	0.06666666666666667;	0.0;	0.0
1376972211;	2;	5199.998618;	57.199984798;	1.1;	8359936.0;	111847.2;	0.0;	0.0;	0.0;	0.0
1376972512;	2;	5199.998618;	57.199984798;	1.1;	8359936.0;	100661.6;	0.0;	0.06666666666666667;	0.0;	0.0
1376972812;	2;	5199.998618;	57.199984798;	1.1;	8359936.0;	83885.6;	0.0;	0.06666666666666667;	0.0;	0.0
1376973112;	2;	5199.998618;	57.199984798;	1.1;	8359936.0;	50330.4;	0.0;	0.06666666666666667;	0.0;	0.0
1376973412;	2;	5199.998618;	72.79998065199999;	1.4;	8359936.0;	100662.4;	0.0;	5.466666666666667;	0.06666666666666667;	0.0
1376973712;	2;	5199.998618;	57.199984798;	1.1;	8359936.0;	150994.4;	0.0;	0.06666666666666667;	0.0;	0.0
1376974012;	2;	5199.998618;	57.199984798;	1.1;	8359936.0;	83884.8;	0.0;	0.0;	0.0;	0.0
1376974312;	2;	5199.998618;	57.199984798;	1.1;	8359936.0;	83884.8;	0.0;	0.06666666666666667;	0.0;	0.0
1376974612;	2;	5199.998618;	57.199984798;	1.1;	8359936.0;	16776.8;	0.0;	0.0;	0.0;	0.0
1376974912;	2;	5199.998618;	62.399983416;	1.2;	8359936.0;	16776.8;	0.0;	0.8;	0.06666666666666667;	0.0
1376975212;	2;	5199.998618;	64.13331628866666;	1.2333333333333334;	8359936.0;	117438.4;	0.0;	0.6;	0.0;	0.0
1376975512;	2;	5199.998618;	57.199984798;	1.1;	8359936.0;	100662.4;	0.0;	0.06666666666666667;	0.0;	0.0
1376975812;	2;	5199.998618;	57.199984798;	1.1;	8359936.0;	50331.2;	0.0;	0.06666666666666667;	0.0;	0.0
1376976112;	2;	5199.998618;	57.199984798;	1.1;	8359936.0;	78292.26666666666;	0.0;	0.06666666666666667;	0.0;	0.0
1376976412;	2;	5199.998618;	57.199984798;	1.1;	8359936.0;	39146.13333333333;	0.0;	0.06666666666666667;	0.0;	0.0
1376976712;	2;	5199.998618;	57.199984798;	1.1;	8359936.0;	134216.8;	0.0;	0.06666666666666667;	0.0;	0.0
1376977012;	2;	5199.998618;	72.79998065199999;	1.4;	8359936.0;	162178.4;	0.0;	5.533333333333333;	0.06666666666666667;	0.0
1376977312;	2;	5199.998618;	57.199984798;	1.1;	8359936.0;	195733.6;	0.0;	0.13333333333333333;	0.0;	0.0
1376977612;	2;	5199.998618;	57.199984798;	1.1;	8359936.0;	95069.6;	0.0;	0.0;	0.0;	0.0
1376977912;	2;	5199.998618;	57.199984798;	1.1;	8359936.0;	106255.2;	0.0;	0.13333333333333333;	0.0;	0.0
1376978212;	2;	5199.998618;	57.199984798;	1.1;	8359936.0;	106255.2;	0.0;	0.0;	0.0;	0.0
1376978512;	2;	5199.998618;	58.93331767066665;	1.1333333333333333;	8359936.0;	100662.4;	0.0;	0.8666666666666667;	0.06666666666666667;	0.0
1376978812;	2;	5199.998618;	58.93331767066665;	1.1333333333333333;	8359936.0;	156586.93333333332;	0.0;	0.3333333333333333;	0.0;	0.0
1376979112;	2;	5199.998618;	57.199984798;	1.1;	8359936.0;	50331.46666666667;	0.0;	0.06666666666666667;	0.0;	0.0
1376979412;	2;	5199.998618;	57.199984798;	1.1;	8359936.0;	78293.33333333333;	0.0;	0.0;	0.0;	0.0
1376979712;	2;	5199.998618;	57.199984798;	1.1;	8359936.0;	78292.8;	0.0;	0.06666666666666667;	0.0;	0.0
1376980012;	2;	5199.998618;	57.199984798;	1.1;	8359936.0;	55922.666666666664;	0.0;	0.0;	0.0;	0.0
1376980312;	2;	5199.998618;	57.199984798;	1.1;	8359936.0;	39145.86666666667;	0.0;	0.06666666666666667;	0.0;	0.0
1376980612;	2;	5199.998618;	72.79998065199999;	1.4;	8359936.0;	78292.53333333334;	0.0;	5.533333333333333;	0.06666666666666667;	0.0
1376980912;	2;	5199.998618;	57.199984798;	1.1;	8359936.0;	195732.8;	0.0;	0.06666666666666667;	0.0;	0.0
1376981212;	2;	5199.998618;	57.199984798;	1.1;	8359936.0;	128624.8;	0.0;	0.06666666666666667;	0.0;	0.0
1376981512;	2;	5199.998618;	55.46665192533332;	1.0666666666666667;	8359936.0;	22369.066666666666;	0.0;	0.13333333333333333;	0.0;	0.0
1376981812;	2;	5199.998618;	53.73331905266666;	1.0333333333333332;	8359936.0;	78292.53333333334;	0.0;	0.06666666666666667;	0.0;	0.0
1376982112;	2;	5199.998618;	57.199984798;	1.1;	8359936.0;	55922.666666666664;	0.0;	0.8666666666666667;	0.0;	0.0
1376982412;	2;	5199.998618;	53.73331905266666;	1.0333333333333332;	8359936.0;	89476.8;	0.0;	0.26666666666666666;	0.0;	0.0
1376982712;	2;	5199.998618;	55.46665192533332;	1.0666666666666667;	8359936.0;	72699.73333333334;	0.0;	0.13333333333333333;	0.0;	0.0
1376983012;	2;	5199.998618;	57.199984798;	1.1;	8359936.0;	67108.0;	0.0;	0.06666666666666667;	0.0;	0.0
1376983312;	2;	5199.998618;	57.199984798;	1.1;	8359936.0;	106254.66666666667;	0.0;	0.06666666666666667;	0.0;	0.0
1376983612;	2;	5199.998618;	55.46665192533332;	1.0666666666666667;	8359936.0;	50331.2;	0.0;	0.0;	0.0;	0.0
1376983912;	2;	5199.998618;	57.199984798;	1.1;	8359936.0;	83884.26666666666;	0.0;	0.06666666666666667;	0.0;	0.0
1376984212;	2;	5199.998618;	77.99997927;	1.5;	8359936.0;	184548.26666666666;	0.0;	5.466666666666667;	0.06666666666666667;	0.0
1376984512;	2;	5199.998618;	57.199984798;	1.1;	8359936.0;	145400.53333333333;	0.0;	0.06666666666666667;	0.0;	0.0
1376984812;	2;	5199.998618;	57.199984798;	1.1;	8359936.0;	156586.4;	0.0;	0.0;	0.0;	0.0
1376985112;	2;	5199.998618;	57.199984798;	1.1;	8359936.0;	55922.666666666664;	0.0;	0.06666666666666667;	0.0;	0.0
1376985412;	2;	5199.998618;	55.46665192533332;	1.0666666666666667;	8359936.0;	134216.0;	0.0;	0.0;	0.0;	0.0
1376985712;	2;	5199.998618;	60.66665054333333;	1.1666666666666667;	8359936.0;	44738.13333333333;	0.0;	0.8;	0.0;	0.0
1376986012;	2;	5199.998618;	60.66665054333333;	1.1666666666666667;	8359936.0;	100662.4;	0.0;	0.8666666666666667;	0.0;	0.0
1376986312;	2;	5199.998618;	57.199984798;	1.1;	8359936.0;	0.0;	0.0;	0.06666666666666667;	0.0;	0.0
1376986612;	2;	5199.998618;	57.199984798;	1.1;	8359936.0;	0.0;	0.0;	0.0;	0.0;	0.0
1376986912;	2;	5199.998618;	57.199984798;	1.1;	8359936.0;	5592.266666666666;	0.0;	0.06666666666666667;	0.0;	0.0
1376987212;	2;	5199.998618;	57.199984798;	1.1;	8359936.0;	44738.13333333333;	0.0;	0.0;	0.0;	0.0
1376987512;	2;	5199.998618;	57.199984798;	1.1;	8359936.0;	0.0;	0.0;	0.06666666666666667;	0.0;	0.0
1376987812;	2;	5199.998618;	77.99997927;	1.5;	8359936.0;	167770.66666666666;	0.0;	5.733333333333333;	0.06666666666666667;	0.0
1376988112;	2;	5199.998618;	57.199984798;	1.1;	8359936.0;	212510.4;	0.0;	0.13333333333333333;	0.0;	0.0
1376988412;	2;	5199.998618;	57.199984798;	1.1;	8359936.0;	89477.33333333333;	0.0;	0.06666666666666667;	0.0;	0.0
1376988712;	2;	5199.998618;	57.199984798;	1.1;	8359936.0;	0.0;	0.0;	0.13333333333333333;	0.0;	0.0
1376989012;	2;	5199.998618;	57.199984798;	1.1;	8359936.0;	111847.46666666666;	0.0;	0.06666666666666667;	0.0;	0.0
1376989312;	2;	5199.998618;	60.66665054333333;	1.1666666666666667;	8359936.0;	150994.4;	0.0;	0.8666666666666667;	0.0;	0.0
1376989612;	2;	5199.998618;	58.93331767066665;	1.1333333333333333;	8359936.0;	167770.4;	0.0;	0.2;	0.0;	0.0
1376989912;	2;	5199.998618;	57.199984798;	1.1;	8359936.0;	16776.8;	0.0;	0.13333333333333333;	0.0;	0.0
1376990212;	2;	5199.998618;	57.199984798;	1.1;	8359936.0;	89478.4;	0.0;	0.0;	0.0;	0.0
1376990512;	2;	5199.998618;	57.199984798;	1.1;	8359936.0;	33554.4;	0.0;	0.06666666666666667;	0.0;	0.0
1376990812;	2;	5199.998618;	57.199984798;	1.1;	8359936.0;	39145.86666666667;	0.0;	0.06666666666666667;	0.0;	0.0
1376991112;	2;	5199.998618;	57.199984798;	1.1;	8359936.0;	0.0;	0.0;	0.06666666666666667;	0.0;	0.0
1376991412;	2;	5199.998618;	77.99997927;	1.5;	8359936.0;	117438.93333333333;	0.0;	5.533333333333333;	0.06666666666666667;	0.0
1376991712;	2;	5199.998618;	57.199984798;	1.1;	8359936.0;	150993.6;	0.0;	0.13333333333333333;	0.0;	0.0
1376992012;	2;	5199.998618;	57.199984798;	1.1;	8359936.0;	50331.2;	0.0;	0.06666666666666667;	0.0;	0.0
1376992312;	2;	5199.998618;	57.199984798;	1.1;	8359936.0;	33553.6;	0.0;	0.13333333333333333;	0.0;	0.0
1376992612;	2;	5199.998618;	57.199984798;	1.1;	8359936.0;	0.0;	0.0;	0.13333333333333333;	0.0;	0.0
1376992913;	2;	5199.998618;	62.399983416;	1.2;	8359936.0;	78293.6;	0.0;	1.0;	0.0;	0.0
1376993213;	2;	5199.998618;	72.79998065199999;	1.4;	8359936.0;	145401.6;	0.0;	5.4;	0.0;	0.06666666666666667
1376993513;	2;	5199.998618;	57.199984798;	1.1;	8359936.0;	72699.46666666666;	0.0;	0.13333333333333333;	0.0;	0.0
1376993813;	2;	5199.998618;	57.199984798;	1.1;	8359936.0;	72699.46666666666;	0.0;	0.06666666666666667;	0.0;	0.0
1376994123;	2;	5199.998618;	57.199984798;	1.1;	8359936.0;	83884.0;	0.0;	0.2;	0.0;	0.0
1376994423;	2;	5199.998618;	57.199984798;	1.1;	8359936.0;	89477.06666666667;	0.0;	0.06666666666666667;	0.0;	0.0
1376994724;	2;	5199.998618;	57.199984798;	1.1;	8359936.0;	100661.6;	0.0;	0.13333333333333333;	0.0;	0.0
1376995024;	2;	5199.998618;	77.99997927;	1.5;	8359936.0;	83884.8;	0.0;	5.6;	0.06666666666666667;	0.0
1376995324;	2;	5199.998618;	57.199984798;	1.1;	8359936.0;	201324.8;	0.0;	0.13333333333333333;	0.0;	0.0
1376995624;	2;	5199.998618;	57.199984798;	1.1;	8359936.0;	117439.2;	0.0;	0.06666666666666667;	0.0;	0.0
1376995924;	2;	5199.998618;	57.199984798;	1.1;	8359936.0;	111846.93333333333;	0.0;	0.13333333333333333;	0.0;	0.0
1376996224;	2;	5199.998618;	57.199984798;	1.1;	8359936.0;	33553.6;	0.0;	0.06666666666666667;	0.0;	0.0
1376996524;	2;	5199.998618;	62.399983416;	1.2;	8359936.0;	67108.0;	0.0;	0.8666666666666667;	0.0;	0.0
1376996824;	2;	5199.998618;	62.399983416;	1.2;	8359936.0;	50330.4;	0.0;	0.8;	0.0;	0.0
1376997124;	2;	5199.998618;	57.199984798;	1.1;	8359936.0;	67108.0;	0.0;	0.06666666666666667;	0.0;	0.0
1376997424;	2;	5199.998618;	57.199984798;	1.1;	8359936.0;	44738.13333333333;	0.0;	0.0;	0.0;	0.0
1376997724;	2;	5199.998618;	57.199984798;	1.1;	8359936.0;	33553.6;	0.0;	0.06666666666666667;	0.0;	0.0
1376998024;	2;	5199.998618;	57.199984798;	1.1;	8359936.0;	50330.4;	0.0;	0.0;	0.0;	0.0
1376998324;	2;	5199.998618;	57.199984798;	1.1;	8359936.0;	83884.8;	0.0;	0.06666666666666667;	0.0;	0.0
1376998624;	2;	5199.998618;	77.99997927;	1.5;	8359936.0;	156586.4;	0.0;	5.533333333333333;	0.06666666666666667;	0.0
1376998924;	2;	5199.998618;	57.199984798;	1.1;	8359936.0;	134216.8;	0.0;	0.06666666666666667;	0.0;	0.0
1376999224;	2;	5199.998618;	57.199984798;	1.1;	8359936.0;	44738.4;	0.0;	0.0;	0.0;	0.0
1376999524;	2;	5199.998618;	57.199984798;	1.1;	8359936.0;	16776.8;	0.0;	0.06666666666666667;	0.0;	0.0
1376999824;	2;	5199.998618;	57.199984798;	1.1;	8359936.0;	128624.8;	0.0;	0.0;	0.0;	0.0
1377000124;	2;	5199.998618;	62.399983416;	1.2;	8359936.0;	117438.93333333333;	0.0;	0.8;	0.06666666666666667;	0.0
1377000424;	2;	5199.998618;	57.199984798;	1.1;	8359936.0;	89477.6;	0.0;	0.4;	0.0;	0.0
1377000724;	2;	5199.998618;	57.199984798;	1.1;	8359936.0;	27961.6;	0.0;	0.06666666666666667;	0.0;	0.0
1377001024;	2;	5199.998618;	57.199984798;	1.1;	8359936.0;	89477.6;	0.0;	0.0;	0.0;	0.0
1377001324;	2;	5199.998618;	57.199984798;	1.1;	8359936.0;	83884.8;	0.0;	0.13333333333333333;	0.0;	0.0
1377001624;	2;	5199.998618;	57.199984798;	1.1;	8359936.0;	72699.46666666666;	0.0;	0.06666666666666667;	0.0;	0.0
1377001924;	2;	5199.998618;	57.199984798;	1.1;	8359936.0;	83884.0;	0.0;	0.13333333333333333;	0.0;	0.0
1377002224;	2;	5199.998618;	76.26664639733332;	1.4666666666666666;	8359936.0;	173363.2;	0.0;	5.533333333333333;	0.06666666666666667;	0.0
1377002524;	2;	5199.998618;	53.73331905266666;	1.0333333333333332;	8359936.0;	190141.06666666668;	0.0;	0.13333333333333333;	0.0;	0.0
1377002824;	2;	5199.998618;	55.46665192533332;	1.0666666666666667;	8359936.0;	134216.8;	0.0;	0.06666666666666667;	0.0;	0.0
1377003125;	2;	5199.998618;	57.199984798;	1.1;	8359936.0;	117440.0;	0.0;	0.13333333333333333;	0.0;	0.0
1377003425;	2;	5199.998618;	57.199984798;	1.1;	8359936.0;	111847.46666666666;	0.0;	0.0;	0.0;	0.0
1377003725;	2;	5199.998618;	62.399983416;	1.2;	8359936.0;	61514.933333333334;	0.0;	0.8;	0.06666666666666667;	0.0
1377004025;	2;	5199.998618;	58.93331767066665;	1.1333333333333333;	8359936.0;	39146.13333333333;	0.0;	0.13333333333333333;	0.0;	0.0
1377004325;	2;	5199.998618;	57.199984798;	1.1;	8359936.0;	100662.13333333333;	0.0;	0.06666666666666667;	0.0;	0.0
1377004625;	2;	5199.998618;	57.199984798;	1.1;	8359936.0;	50330.4;	0.0;	0.0;	0.0;	0.0
1377004925;	2;	5199.998618;	57.199984798;	1.1;	8359936.0;	72699.46666666666;	0.0;	0.06666666666666667;	0.0;	0.0
1377005225;	2;	5199.998618;	57.199984798;	1.1;	8359936.0;	83885.6;	0.0;	0.0;	0.0;	0.0
1377005525;	2;	5199.998618;	57.199984798;	1.1;	8359936.0;	67107.2;	0.0;	0.06666666666666667;	0.0;	0.0
1377005825;	2;	5199.998618;	77.99997927;	1.5;	8359936.0;	162178.4;	0.0;	5.666666666666667;	0.06666666666666667;	0.0
1377006125;	2;	5199.998618;	57.199984798;	1.1;	8359936.0;	162178.66666666666;	0.0;	0.06666666666666667;	0.0;	0.0
1377006425;	2;	5199.998618;	57.199984798;	1.1;	8359936.0;	100662.13333333333;	0.0;	0.0;	0.0;	0.0
1377006725;	2;	5199.998618;	57.199984798;	1.1;	8359936.0;	11184.8;	0.0;	0.06666666666666667;	0.0;	0.0
1377007025;	2;	5199.998618;	57.199984798;	1.1;	8359936.0;	55924.0;	0.0;	0.0;	0.0;	0.0
1377007325;	2;	5199.998618;	62.399983416;	1.2;	8359936.0;	11184.8;	0.0;	0.8;	0.06666666666666667;	0.0
1377007625;	2;	5199.998618;	60.66665054333333;	1.1666666666666667;	8359936.0;	72700.53333333334;	0.0;	0.5333333333333333;	0.0;	0.0
1377007925;	2;	5199.998618;	57.199984798;	1.1;	8359936.0;	50330.4;	0.0;	0.06666666666666667;	0.0;	0.0
1377008225;	2;	5199.998618;	57.199984798;	1.1;	8359936.0;	33553.6;	0.0;	0.06666666666666667;	0.0;	0.0
1377008525;	2;	5199.998618;	57.199984798;	1.1;	8359936.0;	201324.8;	0.0;	0.06666666666666667;	0.0;	0.0
1377008825;	2;	5199.998618;	57.199984798;	1.1;	8359936.0;	134216.0;	0.0;	0.13333333333333333;	0.0;	0.0
1377009125;	2;	5199.998618;	57.199984798;	1.1;	8359936.0;	100662.4;	0.0;	0.06666666666666667;	0.0;	0.0
1377009425;	2;	5199.998618;	72.79998065199999;	1.4;	8359936.0;	134216.8;	0.0;	5.533333333333333;	0.06666666666666667;	0.0
1377009725;	2;	5199.998618;	57.199984798;	1.1;	8359936.0;	134216.0;	0.0;	0.06666666666666667;	0.0;	0.0
1377010025;	2;	5199.998618;	57.199984798;	1.1;	8359936.0;	16776.8;	0.0;	0.0;	0.0;	0.0
1377010325;	2;	5199.998618;	57.199984798;	1.1;	8359936.0;	50331.2;	0.0;	0.13333333333333333;	0.0;	0.0
1377010625;	2;	5199.998618;	57.199984798;	1.1;	8359936.0;	83884.8;	0.0;	0.0;	0.0;	0.0
1377010925;	2;	5199.998618;	60.66665054333333;	1.1666666666666667;	8359936.0;	50331.2;	0.0;	0.8666666666666667;	0.0;	0.0
1377011226;	2;	5199.998618;	57.199984798;	1.1;	8359936.0;	83884.8;	0.0;	0.13333333333333333;	0.0;	0.0
1377011526;	2;	5199.998618;	57.199984798;	1.1;	8359936.0;	83885.6;	0.0;	0.06666666666666667;	0.0;	0.0
1377011826;	2;	5199.998618;	57.199984798;	1.1;	8359936.0;	67107.2;	0.0;	0.0;	0.0;	0.0
1377012126;	2;	5199.998618;	57.199984798;	1.1;	8359936.0;	44738.933333333334;	0.0;	0.06666666666666667;	0.0;	0.0
1377012426;	2;	5199.998618;	57.199984798;	1.1;	8359936.0;	50330.4;	0.0;	0.0;	0.0;	0.0
1377012726;	2;	5199.998618;	57.199984798;	1.1;	8359936.0;	33554.4;	0.0;	0.06666666666666667;	0.0;	0.0
1377013026;	2;	5199.998618;	77.99997927;	1.5;	8359936.0;	100662.4;	0.0;	5.533333333333333;	0.06666666666666667;	0.0
1377013326;	2;	5199.998618;	57.199984798;	1.1;	8359936.0;	117439.2;	0.0;	0.06666666666666667;	0.0;	0.0
1377013626;	2;	5199.998618;	57.199984798;	1.1;	8359936.0;	44739.2;	0.0;	0.0;	0.0;	0.0
1377013926;	2;	5199.998618;	57.199984798;	1.1;	8359936.0;	134216.26666666666;	0.0;	0.06666666666666667;	0.0;	0.0
1377014226;	2;	5199.998618;	57.199984798;	1.1;	8359936.0;	150993.6;	0.0;	0.06666666666666667;	0.0;	0.0
1377014526;	2;	5199.998618;	58.93331767066665;	1.1333333333333333;	8359936.0;	95069.06666666667;	0.0;	0.8666666666666667;	0.0;	0.0
1377014825;	2;	5199.998618;	57.199984798;	1.1;	8359936.0;	89477.33333333333;	0.0;	0.26666666666666666;	0.0;	0.0
1377015125;	2;	5199.998618;	60.66665054333333;	1.1666666666666667;	8359936.0;	111848.0;	0.0;	0.13333333333333333;	0.0;	0.0
1377015425;	2;	5199.998618;	58.93331767066665;	1.1333333333333333;	8359936.0;	61516.0;	0.0;	0.06666666666666667;	0.0;	0.0
1377015725;	2;	5199.998618;	57.199984798;	1.1;	8359936.0;	106255.46666666666;	0.0;	0.13333333333333333;	0.0;	0.0
1377016025;	2;	5199.998618;	57.199984798;	1.1;	8359936.0;	50330.4;	0.0;	0.06666666666666667;	0.0;	0.0
1377016325;	2;	5199.998618;	57.199984798;	1.1;	8359936.0;	89477.33333333333;	0.0;	0.13333333333333333;	0.0;	0.0
1377016625;	2;	5199.998618;	77.99997927;	1.5;	8359936.0;	162178.66666666666;	0.0;	5.466666666666667;	0.06666666666666667;	0.0
1377016925;	2;	5199.998618;	55.46665192533332;	1.0666666666666667;	8359936.0;	285211.73333333334;	0.0;	0.06666666666666667;	0.0;	0.0
1377017225;	2;	5199.998618;	57.199984798;	1.1;	8359936.0;	72701.06666666667;	0.0;	0.0;	0.0;	0.0
1377017526;	2;	5199.998618;	57.199984798;	1.1;	8359936.0;	50330.933333333334;	0.0;	0.06666666666666667;	0.0;	0.0
1377017826;	2;	5199.998618;	57.199984798;	1.1;	8359936.0;	162178.4;	0.0;	0.0;	0.0;	0.0
1377018126;	2;	5199.998618;	58.93331767066665;	1.1333333333333333;	8359936.0;	39145.86666666667;	0.0;	0.8;	0.06666666666666667;	0.0
1377018426;	2;	5199.998618;	62.399983416;	1.2;	8359936.0;	184548.0;	0.0;	0.7333333333333333;	0.0;	0.0
1377018726;	2;	5199.998618;	57.199984798;	1.1;	8359936.0;	83884.0;	0.0;	0.06666666666666667;	0.0;	0.0
1377019026;	2;	5199.998618;	55.46665192533332;	1.0666666666666667;	8359936.0;	100661.6;	0.0;	0.0;	0.0;	0.0
1377019326;	2;	5199.998618;	57.199984798;	1.1;	8359936.0;	134216.8;	0.0;	0.06666666666666667;	0.0;	0.0
1377019626;	2;	5199.998618;	57.199984798;	1.1;	8359936.0;	162178.13333333333;	0.0;	0.0;	0.0;	0.0
1377019926;	2;	5199.998618;	57.199984798;	1.1;	8359936.0;	22369.066666666666;	0.0;	0.06666666666666667;	0.0;	0.0
1377020226;	2;	5199.998618;	83.19997788799999;	1.6;	8359936.0;	167770.93333333332;	0.0;	5.533333333333333;	0.06666666666666667;	0.0
1377020526;	2;	5199.998618;	57.199984798;	1.1;	8359936.0;	391467.4666666667;	0.0;	0.06666666666666667;	0.0;	0.0
1377020826;	2;	5199.998618;	57.199984798;	1.1;	8359936.0;	11184.533333333333;	0.0;	0.0;	0.0;	0.0
1377021126;	2;	5199.998618;	57.199984798;	1.1;	8359936.0;	67108.0;	0.0;	0.06666666666666667;	0.0;	0.0
1377021426;	2;	5199.998618;	57.199984798;	1.1;	8359936.0;	78291.73333333334;	0.0;	0.06666666666666667;	0.0;	0.0
1377021726;	2;	5199.998618;	62.399983416;	1.2;	8359936.0;	67107.2;	0.0;	0.8666666666666667;	0.0;	0.0
1377022026;	2;	5199.998618;	65.86664916133333;	1.2666666666666666;	8359936.0;	100662.4;	0.0;	0.5333333333333333;	0.0;	0.0
1377022326;	2;	5199.998618;	57.199984798;	1.1;	8359936.0;	117439.2;	0.0;	0.13333333333333333;	0.0;	0.0
1377022626;	2;	5199.998618;	57.199984798;	1.1;	8359936.0;	11184.533333333333;	0.0;	0.06666666666666667;	0.0;	0.0
1377022926;	2;	5199.998618;	57.199984798;	1.1;	8359936.0;	0.0;	0.0;	0.13333333333333333;	0.0;	0.0
1377023226;	2;	5199.998618;	57.199984798;	1.1;	8359936.0;	106254.93333333333;	0.0;	0.06666666666666667;	0.0;	0.0
1377023526;	2;	5199.998618;	57.199984798;	1.1;	8359936.0;	111846.93333333333;	0.0;	0.06666666666666667;	0.0;	0.0
1377023826;	2;	5199.998618;	84.93331076066666;	1.6333333333333335;	8359936.0;	223694.93333333332;	0.0;	10.133333333333333;	0.06666666666666667;	0.0
1377024126;	2;	5199.998618;	57.199984798;	1.1;	8359936.0;	150993.6;	0.0;	0.06666666666666667;	0.0;	0.0
1377024426;	2;	5199.998618;	57.199984798;	1.1;	8359936.0;	33553.6;	0.0;	0.0;	0.0;	0.0
1377024726;	2;	5199.998618;	57.199984798;	1.1;	8359936.0;	67108.0;	0.0;	0.13333333333333333;	0.0;	0.0
1377025026;	2;	5199.998618;	57.199984798;	1.1;	8359936.0;	67108.0;	0.0;	0.06666666666666667;	0.0;	0.0
1377025326;	2;	5199.998618;	62.399983416;	1.2;	8359936.0;	16776.8;	0.0;	0.8666666666666667;	0.0;	0.0
1377025627;	2;	5199.998618;	62.399983416;	1.2;	8359936.0;	67107.2;	0.0;	0.4;	0.0;	0.0
1377025927;	2;	5199.998618;	57.199984798;	1.1;	8359936.0;	83884.8;	0.0;	0.2;	0.0;	0.0
1377026227;	2;	5199.998618;	57.199984798;	1.1;	8359936.0;	72699.46666666666;	0.0;	0.13333333333333333;	0.0;	0.0
1377026527;	2;	5199.998618;	57.199984798;	1.1;	8359936.0;	33553.6;	0.0;	0.2;	0.0;	0.0
1377026827;	2;	5199.998618;	57.199984798;	1.1;	8359936.0;	55922.666666666664;	0.0;	0.13333333333333333;	0.0;	0.0
1377027127;	2;	5199.998618;	57.199984798;	1.1;	8359936.0;	106254.66666666667;	0.0;	0.13333333333333333;	0.0;	0.0
1377027427;	2;	5199.998618;	84.93331076066666;	1.6333333333333335;	8359936.0;	201325.06666666668;	0.0;	5.533333333333333;	0.06666666666666667;	0.0
1377027727;	2;	5199.998618;	57.199984798;	1.1;	8359936.0;	184548.0;	0.0;	0.13333333333333333;	0.0;	0.0
1377028027;	2;	5199.998618;	57.199984798;	1.1;	8359936.0;	50330.4;	0.0;	0.06666666666666667;	0.0;	0.0
1377028327;	2;	5199.998618;	65.86664916133333;	1.2666666666666666;	8359936.0;	83884.0;	0.0;	0.13333333333333333;	0.0;	0.0
1377028627;	2;	5199.998618;	71.06664777933332;	1.3666666666666665;	8359936.0;	150993.6;	0.0;	0.06666666666666667;	0.0;	0.0
1377028927;	2;	5199.998618;	62.399983416;	1.2;	8359936.0;	61515.46666666667;	0.0;	0.8666666666666667;	0.0;	0.0
1377029227;	2;	5199.998618;	62.399983416;	1.2;	8359936.0;	72700.53333333334;	0.0;	0.8666666666666667;	0.0;	0.0
1377029527;	2;	5199.998618;	57.199984798;	1.1;	8359936.0;	39145.86666666667;	0.0;	0.13333333333333333;	0.0;	0.0
1377029827;	2;	5199.998618;	57.199984798;	1.1;	8359936.0;	33553.6;	0.0;	0.06666666666666667;	0.0;	0.0
1377030127;	2;	5199.998618;	57.199984798;	1.1;	8359936.0;	67108.0;	0.0;	0.13333333333333333;	0.0;	0.0
1377030427;	2;	5199.998618;	57.199984798;	1.1;	8359936.0;	50330.4;	0.0;	0.0;	0.0;	0.0
1377030727;	2;	5199.998618;	57.199984798;	1.1;	8359936.0;	39145.86666666667;	0.0;	0.06666666666666667;	0.0;	0.0
1377031027;	2;	5199.998618;	72.79998065199999;	1.4;	8359936.0;	67108.53333333334;	0.0;	5.533333333333333;	0.06666666666666667;	0.0
1377031327;	2;	5199.998618;	57.199984798;	1.1;	8359936.0;	95069.6;	0.0;	0.06666666666666667;	0.0;	0.0
1377031627;	2;	5199.998618;	57.199984798;	1.1;	8359936.0;	83884.8;	0.0;	0.0;	0.0;	0.0
1377031927;	2;	5199.998618;	57.199984798;	1.1;	8359936.0;	139808.53333333333;	0.0;	0.06666666666666667;	0.0;	0.0
1377032227;	2;	5199.998618;	57.199984798;	1.1;	8359936.0;	178956.26666666666;	0.0;	0.0;	0.0;	0.0
1377032527;	2;	5199.998618;	62.399983416;	1.2;	8359936.0;	33554.4;	0.0;	0.8;	0.0;	0.0
1377032827;	2;	5199.998618;	57.199984798;	1.1;	8359936.0;	67108.8;	0.0;	0.4;	0.0;	0.0
1377033127;	2;	5199.998618;	57.199984798;	1.1;	8359936.0;	44739.2;	0.0;	0.06666666666666667;	0.0;	0.0
1377033427;	2;	5199.998618;	57.199984798;	1.1;	8359936.0;	0.0;	0.0;	0.0;	0.0;	0.0
1377033727;	2;	5199.998618;	57.199984798;	1.1;	8359936.0;	27961.333333333332;	0.0;	0.06666666666666667;	0.0;	0.0
1377034027;	2;	5199.998618;	57.199984798;	1.1;	8359936.0;	111846.93333333333;	0.0;	0.0;	0.0;	0.0
1377034327;	2;	5199.998618;	57.199984798;	1.1;	8359936.0;	44738.666666666664;	0.0;	0.06666666666666667;	0.0;	0.0
1377034627;	2;	5199.998618;	72.79998065199999;	1.4;	8359936.0;	173363.2;	0.0;	5.533333333333333;	0.06666666666666667;	0.0
1377034928;	2;	5199.998618;	57.199984798;	1.1;	8359936.0;	167770.93333333332;	0.0;	0.13333333333333333;	0.0;	0.0
1377035228;	2;	5199.998618;	57.199984798;	1.1;	8359936.0;	72699.46666666666;	0.0;	0.06666666666666667;	0.0;	0.0
1377035528;	2;	5199.998618;	57.199984798;	1.1;	8359936.0;	33553.6;	0.0;	0.13333333333333333;	0.0;	0.0
1377035828;	2;	5199.998618;	57.199984798;	1.1;	8359936.0;	50330.4;	0.0;	1.0;	0.0;	0.0
1377036128;	2;	5199.998618;	62.399983416;	1.2;	8359936.0;	117438.4;	0.0;	0.8666666666666667;	0.0;	0.0
1377036428;	2;	5199.998618;	57.199984798;	1.1;	8359936.0;	89476.53333333334;	0.0;	0.4666666666666667;	0.0;	0.0
1377036728;	2;	5199.998618;	57.199984798;	1.1;	8359936.0;	50331.46666666667;	0.0;	0.06666666666666667;	0.0;	0.0
1377037028;	2;	5199.998618;	57.199984798;	1.1;	8359936.0;	39145.86666666667;	0.0;	0.0;	0.0;	0.0
1377037328;	2;	5199.998618;	57.199984798;	1.1;	8359936.0;	50330.4;	0.0;	0.13333333333333333;	0.0;	0.0
1377037628;	2;	5199.998618;	57.199984798;	1.1;	8359936.0;	83885.06666666667;	0.0;	0.0;	0.0;	0.0
1377037928;	2;	5199.998618;	57.199984798;	1.1;	8359936.0;	67108.8;	0.0;	0.06666666666666667;	0.0;	0.0
1377038229;	2;	5199.998618;	135.19996406799999;	2.6;	8359936.0;	162178.66666666666;	0.0;	89.46666666666667;	15.666666666666666;	2.066666666666667
1377038529;	2;	5199.998618;	72.79998065199999;	1.4;	8359936.0;	274026.4;	0.0;	0.2;	0.0;	0.0
1377038829;	2;	5199.998618;	57.199984798;	1.1;	8359936.0;	95068.8;	0.0;	0.0;	0.0;	0.0
1377039129;	2;	5199.998618;	57.199984798;	1.1;	8359936.0;	128624.53333333334;	0.0;	0.06666666666666667;	0.0;	0.0
1377039429;	2;	5199.998618;	57.199984798;	1.1;	8359936.0;	78293.06666666667;	0.0;	0.0;	0.0;	0.0
1377039729;	2;	5199.998618;	57.199984798;	1.1;	8359936.0;	106254.93333333333;	0.0;	0.8;	0.0;	0.0
1377040029;	2;	5199.998618;	57.199984798;	1.1;	8359936.0;	212509.86666666667;	0.0;	0.8;	0.0;	0.0
1377040329;	2;	5199.998618;	57.199984798;	1.1;	8359936.0;	83884.0;	0.0;	0.06666666666666667;	0.0;	0.0
1377040629;	2;	5199.998618;	58.93331767066665;	1.1333333333333333;	8359936.0;	44738.13333333333;	0.0;	0.07142857142857142;	0.0;	0.0
1377040929;	2;	5199.998618;	57.199984798;	1.1;	8359936.0;	33553.6;	0.0;	0.06666666666666667;	0.0;	0.0
1377041229;	2;	5199.998618;	67.59998203399999;	1.3;	8359936.0;	22369.066666666666;	0.0;	0.0;	0.0;	0.0
1377041529;	2;	5199.998618;	57.199984798;	1.1;	8359936.0;	55922.666666666664;	0.0;	0.06666666666666667;	0.0;	0.0
1377041829;	2;	5199.998618;	72.79998065199999;	1.4;	8359936.0;	145402.13333333333;	0.0;	5.666666666666667;	0.06666666666666667;	0.0
1377042129;	2;	5199.998618;	57.199984798;	1.1;	8359936.0;	206916.8;	0.0;	0.06666666666666667;	0.0;	0.0
1377042429;	2;	5199.998618;	57.199984798;	1.1;	8359936.0;	72699.73333333334;	0.0;	0.06666666666666667;	0.0;	0.0
1377042729;	2;	5199.998618;	57.199984798;	1.1;	8359936.0;	95069.06666666667;	0.0;	0.13333333333333333;	0.0;	0.0
1377043029;	2;	5199.998618;	57.199984798;	1.1;	8359936.0;	44738.4;	0.0;	0.0;	0.0;	0.0
1377043329;	2;	5199.998618;	60.66665054333333;	1.1666666666666667;	8359936.0;	128624.26666666666;	0.0;	0.8666666666666667;	0.06666666666666667;	0.0
1377043629;	2;	5199.998618;	64.13331628866666;	1.2333333333333334;	8359936.0;	100661.6;	0.0;	3.8;	0.2;	0.6666666666666666
1377043929;	2;	5199.998618;	71.06664777933332;	1.3666666666666665;	8359936.0;	50331.2;	0.0;	4.733333333333333;	0.0;	0.0
1377044229;	2;	5199.998618;	57.199984798;	1.1;	8359936.0;	117439.2;	0.0;	0.0;	0.0;	0.0
1377044529;	2;	5199.998618;	57.199984798;	1.1;	8359936.0;	139809.6;	0.0;	0.06666666666666667;	0.0;	0.0
1377044829;	2;	5199.998618;	55.46665192533332;	1.0666666666666667;	8359936.0;	83884.8;	0.0;	0.0;	0.0;	0.0
1377045129;	2;	5199.998618;	57.199984798;	1.1;	8359936.0;	67107.2;	0.0;	0.06666666666666667;	0.0;	0.0
1377045429;	2;	5199.998618;	72.79998065199999;	1.4;	8359936.0;	150993.6;	0.0;	5.466666666666667;	0.06666666666666667;	0.0
1377045729;	2;	5199.998618;	57.199984798;	1.1;	8359936.0;	117439.2;	0.0;	0.06666666666666667;	0.0;	0.0
1377046029;	2;	5199.998618;	57.199984798;	1.1;	8359936.0;	0.0;	0.0;	0.0;	0.0;	0.0
1377046329;	2;	5199.998618;	57.199984798;	1.1;	8359936.0;	33553.6;	0.0;	0.06666666666666667;	0.0;	0.0
1377046629;	2;	5199.998618;	57.199984798;	1.1;	8359936.0;	0.0;	0.0;	0.0;	0.0;	0.0
1377046929;	2;	5199.998618;	57.199984798;	1.1;	8359936.0;	50331.2;	0.0;	0.8666666666666667;	0.0;	0.0
1377047230;	2;	5199.998618;	57.199984798;	1.1;	8359936.0;	117438.4;	0.0;	0.5333333333333333;	0.0;	0.0
1377047529;	2;	5199.998618;	57.199984798;	1.1;	8359936.0;	100661.6;	0.0;	0.13333333333333333;	0.0;	0.0
1377047829;	2;	5199.998618;	57.199984798;	1.1;	8359936.0;	50330.4;	0.0;	0.06666666666666667;	0.0;	0.0
1377048129;	2;	5199.998618;	57.199984798;	1.1;	8359936.0;	16776.8;	0.0;	0.13333333333333333;	0.0;	0.0
1377048429;	2;	5199.998618;	57.199984798;	1.1;	8359936.0;	33553.6;	0.0;	0.06666666666666667;	0.0;	0.0
1377048729;	2;	5199.998618;	57.199984798;	1.1;	8359936.0;	100661.6;	0.0;	0.13333333333333333;	0.0;	0.0
1377049029;	2;	5199.998618;	72.79998065199999;	1.4;	8359936.0;	83885.6;	0.0;	5.533333333333333;	0.06666666666666667;	0.0
1377049329;	2;	5199.998618;	55.46665192533332;	1.0666666666666667;	8359936.0;	234880.0;	0.0;	0.06666666666666667;	0.0;	0.0
1377049629;	2;	5199.998618;	57.199984798;	1.1;	8359936.0;	50331.2;	0.0;	0.0;	0.0;	0.0
1377049929;	2;	5199.998618;	57.199984798;	1.1;	8359936.0;	0.0;	0.0;	0.06666666666666667;	0.0;	0.0
1377050229;	2;	5199.998618;	57.199984798;	1.1;	8359936.0;	67107.2;	0.0;	0.0;	0.0;	0.0
1377050529;	2;	5199.998618;	214.93327621066663;	4.133333333333333;	8359936.0;	100661.6;	0.0;	2.6;	1.5333333333333334;	0.8
1377050829;	2;	5199.998618;	88.39997650599999;	1.7;	8359936.0;	251656.8;	0.0;	16.133333333333333;	6.933333333333334;	0.13333333333333333
1377051129;	2;	5199.998618;	57.199984798;	1.1;	8359936.0;	22369.066666666666;	0.0;	0.06666666666666667;	0.0;	0.0
1377051429;	2;	5199.998618;	55.46665192533332;	1.0666666666666667;	8359936.0;	16776.8;	0.0;	0.0;	0.0;	0.0
1377051729;	2;	5199.998618;	57.199984798;	1.1;	8359936.0;	0.0;	0.0;	0.06666666666666667;	0.0;	0.0
1377052029;	2;	5199.998618;	57.199984798;	1.1;	8359936.0;	22369.066666666666;	0.0;	0.0;	0.0;	0.0
1377052329;	2;	5199.998618;	57.199984798;	1.1;	8359936.0;	67108.0;	0.0;	0.06666666666666667;	0.0;	0.0
1377052629;	2;	5199.998618;	77.99997927;	1.5;	8359936.0;	83884.8;	0.0;	5.533333333333333;	0.06666666666666667;	0.0
1377052929;	2;	5199.998618;	57.199984798;	1.1;	8359936.0;	167770.4;	0.0;	0.06666666666666667;	0.0;	0.0
1377053229;	2;	5199.998618;	55.46665192533332;	1.0666666666666667;	8359936.0;	61514.933333333334;	0.0;	0.0;	0.0;	0.0
1377053529;	2;	5199.998618;	57.199984798;	1.1;	8359936.0;	100661.6;	0.0;	0.13333333333333333;	0.0;	0.0
1377053830;	2;	5199.998618;	57.199984798;	1.1;	8359936.0;	83884.8;	0.0;	0.06666666666666667;	0.0;	0.0
1377054130;	2;	5199.998618;	62.399983416;	1.2;	8359936.0;	145400.8;	0.0;	0.8666666666666667;	0.06666666666666667;	0.0
1377054430;	2;	5199.998618;	57.199984798;	1.1;	8359936.0;	22369.066666666666;	0.0;	0.4;	0.0;	0.0
1377054730;	2;	5199.998618;	57.199984798;	1.1;	8359936.0;	0.0;	0.0;	0.13333333333333333;	0.0;	0.0
1377055030;	2;	5199.998618;	57.199984798;	1.1;	8359936.0;	145402.4;	0.0;	0.06666666666666667;	0.0;	0.0
1377055330;	2;	5199.998618;	57.199984798;	1.1;	8359936.0;	111847.2;	0.0;	0.13333333333333333;	0.0;	0.0
1377055630;	2;	5199.998618;	57.199984798;	1.1;	8359936.0;	33554.4;	0.0;	0.0;	0.0;	0.0
1377055930;	2;	5199.998618;	57.199984798;	1.1;	8359936.0;	27961.333333333332;	0.0;	0.06666666666666667;	0.0;	0.0
1377056230;	2;	5199.998618;	74.53331352466667;	1.4333333333333333;	8359936.0;	83885.06666666667;	0.0;	5.466666666666667;	0.06666666666666667;	0.0
1377056530;	2;	5199.998618;	57.199984798;	1.1;	8359936.0;	139809.06666666668;	0.0;	0.06666666666666667;	0.0;	0.0
1377056830;	2;	5199.998618;	57.199984798;	1.1;	8359936.0;	95070.13333333333;	0.0;	0.0;	0.0;	0.0
1377057130;	2;	5199.998618;	57.199984798;	1.1;	8359936.0;	78291.73333333334;	0.0;	0.06666666666666667;	0.0;	0.0
1377057430;	2;	5199.998618;	57.199984798;	1.1;	8359936.0;	5592.266666666666;	0.0;	0.0;	0.0;	0.0
1377057730;	2;	5199.998618;	62.399983416;	1.2;	8359936.0;	117439.2;	0.0;	0.8;	0.0;	0.0
1377058030;	2;	5199.998618;	55.46665192533332;	1.0666666666666667;	8359936.0;	139809.33333333334;	0.0;	0.4666666666666667;	0.06666666666666667;	0.0
1377058330;	2;	5199.998618;	57.199984798;	1.1;	8359936.0;	33553.6;	0.0;	0.13333333333333333;	0.0;	0.0
1377058630;	2;	5199.998618;	57.199984798;	1.1;	8359936.0;	111846.93333333333;	0.0;	0.06666666666666667;	0.0;	0.0
1377058930;	2;	5199.998618;	57.199984798;	1.1;	8359936.0;	50331.2;	0.0;	0.13333333333333333;	0.0;	0.0
1377059230;	2;	5199.998618;	57.199984798;	1.1;	8359936.0;	78293.06666666667;	0.0;	0.06666666666666667;	0.0;	0.0
1377059530;	2;	5199.998618;	57.199984798;	1.1;	8359936.0;	67107.46666666666;	0.0;	0.13333333333333333;	0.0;	0.0
1377059830;	2;	5199.998618;	74.53331352466667;	1.4333333333333333;	8359936.0;	111847.46666666666;	0.0;	5.733333333333333;	0.06666666666666667;	0.0
1377060130;	2;	5199.998618;	57.199984798;	1.1;	8359936.0;	218102.66666666666;	0.0;	0.13333333333333333;	0.0;	0.0
1377060430;	2;	5199.998618;	57.199984798;	1.1;	8359936.0;	150993.6;	0.0;	0.06666666666666667;	0.0;	0.0
1377060730;	2;	5199.998618;	57.199984798;	1.1;	8359936.0;	128624.53333333334;	0.0;	0.13333333333333333;	0.0;	0.0
1377061030;	2;	5199.998618;	57.199984798;	1.1;	8359936.0;	27961.333333333332;	0.0;	0.06666666666666667;	0.0;	0.0
1377061330;	2;	5199.998618;	62.399983416;	1.2;	8359936.0;	201324.8;	0.0;	0.8;	0.0;	0.0
1377061631;	2;	5199.998618;	57.199984798;	1.1;	8359936.0;	78293.06666666667;	0.0;	0.9333333333333333;	0.0;	0.0
1377061931;	2;	5199.998618;	55.46665192533332;	1.0666666666666667;	8359936.0;	83885.06666666667;	0.0;	0.06666666666666667;	0.0;	0.0
1377062231;	2;	5199.998618;	57.199984798;	1.1;	8359936.0;	95069.86666666667;	0.0;	0.0;	0.0;	0.0
1377062531;	2;	5199.998618;	57.199984798;	1.1;	8359936.0;	11184.533333333333;	0.0;	0.06666666666666667;	0.0;	0.0
1377062831;	2;	5199.998618;	57.199984798;	1.1;	8359936.0;	0.0;	0.0;	0.06666666666666667;	0.0;	0.0
1377063131;	2;	5199.998618;	57.199984798;	1.1;	8359936.0;	55923.46666666667;	0.0;	0.06666666666666667;	0.0;	0.0
1377063431;	2;	5199.998618;	72.79998065199999;	1.4;	8359936.0;	117438.66666666667;	0.0;	5.533333333333333;	0.06666666666666667;	0.0
1377063731;	2;	5199.998618;	57.199984798;	1.1;	8359936.0;	167770.4;	0.0;	0.06666666666666667;	0.0;	0.0
1377064031;	2;	5199.998618;	57.199984798;	1.1;	8359936.0;	50330.933333333334;	0.0;	0.0;	0.0;	0.0
1377064331;	2;	5199.998618;	57.199984798;	1.1;	8359936.0;	83885.06666666667;	0.0;	0.06666666666666667;	0.0;	0.0
1377064631;	2;	5199.998618;	57.199984798;	1.1;	8359936.0;	111846.66666666667;	0.0;	0.0;	0.0;	0.0
1377064931;	2;	5199.998618;	62.399983416;	1.2;	8359936.0;	72699.46666666666;	0.0;	0.7333333333333333;	0.06666666666666667;	0.0
1377065231;	2;	5199.998618;	57.199984798;	1.1;	8359936.0;	39145.86666666667;	0.0;	0.4666666666666667;	0.0;	0.0
1377065531;	2;	5199.998618;	57.199984798;	1.1;	8359936.0;	55922.933333333334;	0.0;	0.06666666666666667;	0.0;	0.0
1377065831;	2;	5199.998618;	57.199984798;	1.1;	8359936.0;	139808.8;	0.0;	0.0;	0.0;	0.0
1377066131;	2;	5199.998618;	57.199984798;	1.1;	8359936.0;	50331.2;	0.0;	0.13333333333333333;	0.0;	0.0
1377066431;	2;	5199.998618;	57.199984798;	1.1;	8359936.0;	83885.6;	0.0;	0.06666666666666667;	0.0;	0.0
1377066731;	2;	5199.998618;	57.199984798;	1.1;	8359936.0;	78292.53333333334;	0.0;	0.13333333333333333;	0.0;	0.0
1377067031;	2;	5199.998618;	77.99997927;	1.5;	8359936.0;	145400.8;	0.0;	5.533333333333333;	0.06666666666666667;	0.0
1377067331;	2;	5199.998618;	57.199984798;	1.1;	8359936.0;	156586.13333333333;	0.0;	0.13333333333333333;	0.0;	0.0
1377067631;	2;	5199.998618;	57.199984798;	1.1;	8359936.0;	16776.8;	0.0;	0.06666666666666667;	0.0;	0.0
1377067931;	2;	5199.998618;	57.199984798;	1.1;	8359936.0;	0.0;	0.0;	0.13333333333333333;	0.0;	0.0
1377068231;	2;	5199.998618;	57.199984798;	1.1;	8359936.0;	106254.4;	0.0;	0.06666666666666667;	0.0;	0.0
1377068531;	2;	5199.998618;	62.399983416;	1.2;	8359936.0;	117438.4;	0.0;	0.7333333333333333;	0.0;	0.0
1377068831;	2;	5199.998618;	57.199984798;	1.1;	8359936.0;	55922.666666666664;	0.0;	0.4;	0.0;	0.0
1377069131;	2;	5199.998618;	57.199984798;	1.1;	8359936.0;	89477.6;	0.0;	0.06666666666666667;	0.0;	0.0
1377069432;	2;	5199.998618;	57.199984798;	1.1;	8359936.0;	72700.26666666666;	0.0;	0.0;	0.0;	0.0
1377069732;	2;	5199.998618;	57.199984798;	1.1;	8359936.0;	44738.13333333333;	0.0;	0.06666666666666667;	0.0;	0.0
1377070032;	2;	5199.998618;	57.199984798;	1.1;	8359936.0;	67107.2;	0.0;	0.0;	0.0;	0.0
1377070332;	2;	5199.998618;	58.93331767066665;	1.1333333333333333;	8359936.0;	117440.0;	0.0;	0.06666666666666667;	4.4;	6.0
1377070632;	2;	5199.998618;	77.99997927;	1.5;	8359936.0;	145401.33333333334;	0.0;	5.6;	6.866666666666666;	7.933333333333334
1377070932;	2;	5199.998618;	57.199984798;	1.1;	8359936.0;	100662.4;	0.0;	0.06666666666666667;	0.0;	0.0
1377071232;	2;	5199.998618;	62.399983416;	1.2;	8359936.0;	111846.93333333333;	0.0;	0.0;	6.666666666666667;	5.2
1377071532;	2;	5199.998618;	57.199984798;	1.1;	8359936.0;	67108.0;	0.0;	0.06666666666666667;	0.0;	0.0
1377071832;	2;	5199.998618;	57.199984798;	1.1;	8359936.0;	33553.6;	0.0;	0.0;	0.0;	0.0
1377072132;	2;	5199.998618;	58.93331767066665;	1.1333333333333333;	8359936.0;	167770.66666666666;	0.0;	0.7333333333333333;	0.0;	0.0
1377072432;	2;	5199.998618;	57.199984798;	1.1;	8359936.0;	167770.4;	0.0;	0.6666666666666666;	0.0;	0.0
1377072732;	2;	5199.998618;	57.199984798;	1.1;	8359936.0;	61515.73333333333;	0.0;	0.06666666666666667;	0.0;	0.0
1377073032;	2;	5199.998618;	57.199984798;	1.1;	8359936.0;	50331.2;	0.0;	0.06666666666666667;	0.0;	0.0
1377073332;	2;	5199.998618;	57.199984798;	1.1;	8359936.0;	117439.2;	0.0;	0.06666666666666667;	0.0;	0.0
1377073632;	2;	5199.998618;	57.199984798;	1.1;	8359936.0;	33553.6;	0.0;	0.06666666666666667;	0.0;	0.0
1377073932;	2;	5199.998618;	57.199984798;	1.1;	8359936.0;	33553.6;	0.0;	0.06666666666666667;	0.0;	0.0
1377074232;	2;	5199.998618;	88.39997650599999;	1.7;	8359936.0;	89477.86666666667;	0.0;	12.2;	3.1333333333333333;	0.0
1377074532;	2;	5199.998618;	77.99997927;	1.5;	8359936.0;	201325.6;	0.0;	10.0;	4.466666666666667;	0.0
1377074832;	2;	5199.998618;	77.99997927;	1.5;	8359936.0;	184548.0;	0.0;	9.8;	4.4;	0.0
1377075132;	2;	5199.998618;	77.99997927;	1.5;	8359936.0;	111846.13333333333;	0.0;	10.0;	4.466666666666667;	0.0
1377075432;	2;	5199.998618;	79.73331214266666;	1.5333333333333334;	8359936.0;	100663.2;	0.0;	9.8;	4.266666666666667;	0.0
1377075732;	2;	5199.998618;	77.99997927;	1.5;	8359936.0;	33554.4;	0.0;	10.666666666666666;	4.533333333333333;	0.0
1377076032;	2;	5199.998618;	79.73331214266666;	1.5333333333333334;	8359936.0;	67107.2;	0.0;	10.2;	4.4;	0.0
1377076332;	2;	5199.998618;	77.99997927;	1.5;	8359936.0;	83884.0;	0.0;	9.933333333333334;	4.4;	0.0
1377076632;	2;	5199.998618;	83.19997788799999;	1.6;	8359936.0;	128624.26666666666;	0.0;	9.8;	4.4;	0.0
1377076932;	2;	5199.998618;	77.99997927;	1.5;	8359936.0;	134216.0;	0.0;	10.0;	4.4;	0.0
1377077232;	2;	5199.998618;	79.73331214266666;	1.5333333333333334;	8359936.0;	128624.26666666666;	0.0;	10.0;	4.4;	0.0
1377077532;	2;	5199.998618;	77.99997927;	1.5;	8359936.0;	156585.86666666667;	0.0;	10.066666666666666;	4.333333333333333;	0.0
1377077832;	2;	5199.998618;	98.79997374199998;	1.9;	8359936.0;	218102.66666666666;	0.0;	15.4;	4.533333333333333;	0.0
1377078132;	2;	5199.998618;	77.99997927;	1.5;	8359936.0;	335543.2;	0.0;	10.0;	4.333333333333333;	0.0
1377078432;	2;	5199.998618;	83.19997788799999;	1.6;	8359936.0;	134216.8;	0.0;	9.933333333333334;	4.466666666666667;	0.0
1377078732;	2;	5199.998618;	77.99997927;	1.5;	8359936.0;	139809.33333333334;	0.0;	9.866666666666667;	4.466666666666667;	0.0
1377079032;	2;	5199.998618;	77.99997927;	1.5;	8359936.0;	139809.6;	0.0;	9.866666666666667;	4.333333333333333;	0.0
1377079332;	2;	5199.998618;	77.99997927;	1.5;	8359936.0;	150994.13333333333;	0.0;	10.933333333333334;	4.533333333333333;	0.0
1377079632;	2;	5199.998618;	77.99997927;	1.5;	8359936.0;	117440.0;	0.0;	10.066666666666666;	4.4;	0.0
1377079932;	2;	5199.998618;	77.99997927;	1.5;	8359936.0;	16776.8;	0.0;	10.133333333333333;	4.466666666666667;	0.0
1377080232;	2;	5199.998618;	77.99997927;	1.5;	8359936.0;	117439.46666666666;	0.0;	9.8;	4.266666666666667;	0.0
1377080532;	2;	5199.998618;	77.99997927;	1.5;	8359936.0;	106254.13333333333;	0.0;	10.0;	4.333333333333333;	0.0
1377080832;	2;	5199.998618;	79.73331214266666;	1.5333333333333334;	8359936.0;	195733.06666666668;	0.0;	9.8;	4.4;	0.0
1377081132;	2;	5199.998618;	77.99997927;	1.5;	8359936.0;	139808.53333333333;	0.0;	10.066666666666666;	4.266666666666667;	0.0
1377081432;	2;	5199.998618;	97.06664086933331;	1.8666666666666665;	8359936.0;	329950.4;	0.0;	15.333333333333334;	4.4;	0.0
1377081732;	2;	5199.998618;	77.99997927;	1.5;	8359936.0;	156585.6;	0.0;	10.133333333333333;	4.333333333333333;	0.0
1377082032;	2;	5199.998618;	79.73331214266666;	1.5333333333333334;	8359936.0;	83884.0;	0.0;	10.066666666666666;	4.466666666666667;	0.0
1377082332;	2;	5199.998618;	77.99997927;	1.5;	8359936.0;	150993.06666666668;	0.0;	9.8;	4.333333333333333;	0.0
1377082632;	2;	5199.998618;	81.46664501533333;	1.5666666666666667;	8359936.0;	123031.46666666666;	0.0;	10.066666666666666;	4.333333333333333;	0.0
1377082932;	2;	5199.998618;	83.19997788799999;	1.6;	8359936.0;	106254.13333333333;	0.0;	11.2;	4.4;	0.06666666666666667
1377083232;	2;	5199.998618;	90.13330937866667;	1.7333333333333334;	8359936.0;	150994.4;	0.0;	14.8;	4.6;	0.0
1377083532;	2;	5199.998618;	77.99997927;	1.5;	8359936.0;	162178.66666666666;	0.0;	10.0;	4.4;	0.0
1377083832;	2;	5199.998618;	77.99997927;	1.5;	8359936.0;	106254.13333333333;	0.0;	9.8;	4.4;	0.0
1377084132;	2;	5199.998618;	77.99997927;	1.5;	8359936.0;	83884.0;	0.0;	9.733333333333333;	4.266666666666667;	0.0
1377084432;	2;	5199.998618;	77.99997927;	1.5;	8359936.0;	83884.8;	0.0;	9.866666666666667;	4.333333333333333;	0.0
1377084732;	2;	5199.998618;	77.99997927;	1.5;	8359936.0;	117439.46666666666;	0.0;	10.0;	4.466666666666667;	0.0
1377085032;	2;	5199.998618;	98.79997374199998;	1.9;	8359936.0;	234879.2;	0.0;	15.333333333333334;	4.466666666666667;	0.0
1377085332;	2;	5199.998618;	77.99997927;	1.5;	8359936.0;	167770.93333333332;	0.0;	9.933333333333334;	4.333333333333333;	0.0
1377085632;	2;	5199.998618;	77.99997927;	1.5;	8359936.0;	95069.33333333333;	0.0;	9.533333333333333;	4.2;	0.0
1377085932;	2;	5199.998618;	77.99997927;	1.5;	8359936.0;	95069.06666666667;	0.0;	10.133333333333333;	4.4;	0.0
1377086232;	2;	5199.998618;	83.19997788799999;	1.6;	8359936.0;	167770.93333333332;	0.0;	10.6;	5.0;	0.06666666666666667
1377086532;	2;	5199.998618;	79.73331214266666;	1.5333333333333334;	8359936.0;	72700.26666666666;	0.0;	10.533333333333333;	4.466666666666667;	0.0
1377086832;	2;	5199.998618;	83.19997788799999;	1.6;	8359936.0;	95068.8;	0.0;	10.2;	4.533333333333333;	0.0
1377087132;	2;	5199.998618;	77.99997927;	1.5;	8359936.0;	128623.73333333334;	0.0;	10.066666666666666;	4.466666666666667;	0.0
1377087432;	2;	5199.998618;	83.19997788799999;	1.6;	8359936.0;	184548.8;	0.0;	9.8;	4.466666666666667;	0.0
1377087732;	2;	5199.998618;	79.73331214266666;	1.5333333333333334;	8359936.0;	72700.8;	0.0;	9.866666666666667;	4.466666666666667;	0.0
1377088032;	2;	5199.998618;	83.19997788799999;	1.6;	8359936.0;	83884.8;	0.0;	9.8;	4.4;	0.0
1377088332;	2;	5199.998618;	81.46664501533333;	1.5666666666666667;	8359936.0;	67107.2;	0.0;	9.733333333333333;	4.333333333333333;	0.0
1377088633;	2;	5199.99927;	139.28569473214284;	2.6785714285714284;	8359936.0;	143804.0;	0.0;	15.461538461538462;	4.384615384615385;	0.0
1377088933;	2;	5199.99927;	77.99998905000001;	1.5;	8359936.0;	218103.2;	0.0;	9.933333333333334;	4.4;	0.06666666666666667
1377089233;	2;	5199.99927;	83.19998832000002;	1.6;	8359936.0;	134216.8;	0.0;	10.0;	4.4;	0.0
1377089533;	2;	5199.99927;	77.99998905000001;	1.5;	8359936.0;	128624.8;	0.0;	9.933333333333334;	4.333333333333333;	0.0
1377089833;	2;	5199.99927;	83.19998832000002;	1.6;	8359936.0;	27961.333333333332;	0.0;	9.866666666666667;	4.4;	0.0
1377090133;	2;	5199.99927;	79.73332214000001;	1.5333333333333334;	8359936.0;	173362.66666666666;	0.0;	10.666666666666666;	4.533333333333333;	0.0
1377090433;	2;	5199.99927;	83.19998832000002;	1.6;	8359936.0;	156586.4;	0.0;	10.333333333333334;	4.4;	0.0
1377090733;	2;	5199.99927;	77.99998905000001;	1.5;	8359936.0;	150993.06666666668;	0.0;	9.933333333333334;	4.333333333333333;	0.0
1377091033;	2;	5199.99927;	81.46665523;	1.5666666666666667;	8359936.0;	89477.6;	0.0;	9.8;	4.466666666666667;	0.0
1377091333;	2;	5199.99927;	77.99998905000001;	1.5;	8359936.0;	223696.0;	0.0;	9.733333333333333;	4.533333333333333;	0.0
1377091633;	2;	5199.99927;	81.46665523;	1.5666666666666667;	8359936.0;	162178.4;	0.0;	9.6;	4.4;	0.0
1377091933;	2;	5199.99927;	77.99998905000001;	1.5;	8359936.0;	123031.46666666666;	0.0;	9.866666666666667;	4.466666666666667;	0.0
1377092233;	2;	5199.99927;	98.79998613;	1.9;	8359936.0;	190140.26666666666;	0.0;	15.2;	4.466666666666667;	0.0
1377092533;	2;	5199.99927;	77.99998905000001;	1.5;	8359936.0;	223694.66666666666;	0.0;	10.0;	4.4;	0.0
1377092833;	2;	5199.99927;	81.46665523;	1.5666666666666667;	8359936.0;	111847.73333333334;	0.0;	9.866666666666667;	4.333333333333333;	0.06666666666666667
1377093133;	2;	5199.99927;	77.99998905000001;	1.5;	8359936.0;	106254.93333333333;	0.0;	10.0;	4.4;	0.0
1377093433;	2;	5199.99927;	81.46665523;	1.5666666666666667;	8359936.0;	100661.6;	0.0;	9.666666666666666;	4.4;	0.0
1377093733;	2;	5199.99927;	79.73332214000001;	1.5333333333333334;	8359936.0;	128624.26666666666;	0.0;	10.733333333333333;	4.533333333333333;	0.0
1377094033;	2;	5199.99927;	81.46665523;	1.5666666666666667;	8359936.0;	167772.0;	0.0;	10.733333333333333;	4.4;	0.06666666666666667
1377094333;	2;	5199.99927;	77.99998905000001;	1.5;	8359936.0;	128624.26666666666;	0.0;	10.066666666666666;	4.333333333333333;	0.0
1377094633;	2;	5199.99927;	83.19998832000002;	1.6;	8359936.0;	100661.6;	0.0;	9.866666666666667;	4.4;	0.0
1377094933;	2;	5199.99927;	77.99998905000001;	1.5;	8359936.0;	123031.73333333334;	0.0;	10.0;	4.466666666666667;	0.0
1377095233;	2;	5199.99927;	83.19998832000002;	1.6;	8359936.0;	134216.8;	0.0;	9.866666666666667;	4.333333333333333;	0.0
1377095533;	2;	5199.99927;	77.99998905000001;	1.5;	8359936.0;	128624.26666666666;	0.0;	9.866666666666667;	4.4;	0.0
1377095833;	2;	5199.99927;	98.79998613;	1.9;	8359936.0;	83885.33333333333;	0.0;	15.666666666666666;	4.4;	0.0
1377096133;	2;	5199.99927;	77.99998905000001;	1.5;	8359936.0;	223694.93333333332;	0.0;	9.933333333333334;	4.466666666666667;	0.0
1377096433;	2;	5199.99927;	83.19998832000002;	1.6;	8359936.0;	83884.8;	0.0;	9.733333333333333;	4.533333333333333;	0.0
1377096733;	2;	5199.99927;	77.99998905000001;	1.5;	8359936.0;	72700.26666666666;	0.0;	9.8;	4.333333333333333;	0.0
1377097033;	2;	5199.99927;	83.19998832000002;	1.6;	8359936.0;	111846.13333333333;	0.0;	9.866666666666667;	4.2;	0.0
1377097333;	2;	5199.99927;	79.73332214000001;	1.5333333333333334;	8359936.0;	156585.6;	0.0;	10.6;	4.466666666666667;	0.0
1377097633;	2;	5199.99927;	83.19998832000002;	1.6;	8359936.0;	33553.6;	0.0;	10.2;	4.4;	0.0
1377097933;	2;	5199.99927;	77.99998905000001;	1.5;	8359936.0;	134216.0;	0.0;	9.866666666666667;	4.466666666666667;	0.0
1377098234;	2;	5199.99927;	81.46665523;	1.5666666666666667;	8359936.0;	123031.73333333334;	0.0;	9.933333333333334;	4.4;	0.0
1377098534;	2;	5199.99927;	77.99998905000001;	1.5;	8359936.0;	206917.6;	0.0;	10.0;	4.4;	0.0
1377098834;	2;	5199.99927;	83.19998832000002;	1.6;	8359936.0;	55923.46666666667;	0.0;	10.0;	4.466666666666667;	0.0
1377099134;	2;	5199.99927;	77.99998905000001;	1.5;	8359936.0;	11184.533333333333;	0.0;	9.733333333333333;	4.466666666666667;	0.0
1377099434;	2;	5199.99927;	98.79998613;	1.9;	8359936.0;	123032.53333333334;	0.0;	15.266666666666667;	4.6;	0.0
1377099734;	2;	5199.99927;	77.99998905000001;	1.5;	8359936.0;	190140.8;	0.0;	9.933333333333334;	4.333333333333333;	0.0
1377100034;	2;	5199.99927;	83.19998832000002;	1.6;	8359936.0;	44738.4;	0.0;	9.866666666666667;	4.466666666666667;	0.0
1377100334;	2;	5199.99927;	77.99998905000001;	1.5;	8359936.0;	100661.6;	0.0;	10.066666666666666;	4.466666666666667;	0.0
1377100634;	2;	5199.99927;	83.19998832000002;	1.6;	8359936.0;	195732.26666666666;	0.0;	9.8;	4.4;	0.0
1377100934;	2;	5199.99926;	214.499969475;	4.125;	8359936.0;	83884.0;	0.0;	11.333333333333334;	3.3333333333333335;	0.0
1377101234;	2;	5199.99926;	91.86665359333333;	1.7666666666666666;	8359936.0;	106254.13333333333;	0.0;	10.4;	4.333333333333333;	0.0
1377101534;	2;	5199.99926;	83.19998815999999;	1.6;	8359936.0;	150993.6;	0.0;	9.8;	4.533333333333333;	0.0
1377101834;	2;	5199.99926;	77.99998889999999;	1.5;	8359936.0;	139809.33333333334;	0.0;	9.866666666666667;	4.4;	0.0
1377102134;	2;	5199.99926;	83.19998815999999;	1.6;	8359936.0;	150993.6;	0.0;	9.866666666666667;	4.466666666666667;	0.0
1377102434;	2;	5199.99926;	77.99998889999999;	1.5;	8359936.0;	106254.66666666667;	0.0;	9.933333333333334;	4.4;	0.0
1377102734;	2;	5199.99926;	83.19998815999999;	1.6;	8359936.0;	55923.2;	0.0;	10.066666666666666;	4.333333333333333;	0.0
1377103034;	2;	5199.99926;	98.79998593999998;	1.9;	8359936.0;	111846.13333333333;	0.0;	15.4;	4.466666666666667;	0.0
1377103334;	2;	5199.99926;	83.19998815999999;	1.6;	8359936.0;	128623.2;	0.0;	10.0;	4.4;	0.0
1377103634;	2;	5199.99926;	77.99998889999999;	1.5;	8359936.0;	89477.06666666667;	0.0;	9.933333333333334;	4.4;	0.0
1377103934;	2;	5199.99926;	83.19998815999999;	1.6;	8359936.0;	89476.8;	0.0;	10.2;	4.466666666666667;	0.0
1377104234;	2;	5199.99926;	77.99998889999999;	1.5;	8359936.0;	123031.73333333334;	0.0;	9.866666666666667;	4.333333333333333;	0.0
1377104534;	2;	5199.99926;	83.19998815999999;	1.6;	8359936.0;	78292.0;	0.0;	10.733333333333333;	4.4;	0.0
1377104834;	2;	5199.99926;	77.99998889999999;	1.5;	8359936.0;	201326.4;	0.0;	10.666666666666666;	4.266666666666667;	0.0
1377105134;	2;	5199.99926;	83.19998815999999;	1.6;	8359936.0;	173363.46666666667;	0.0;	9.733333333333333;	4.466666666666667;	0.0
1377105434;	2;	5199.99926;	77.99998889999999;	1.5;	8359936.0;	167770.93333333332;	0.0;	9.733333333333333;	4.333333333333333;	0.0
1377105735;	2;	5199.99926;	83.19998815999999;	1.6;	8359936.0;	33553.6;	0.0;	9.8;	4.4;	0.0
1377106035;	2;	5199.99926;	77.99998889999999;	1.5;	8359936.0;	72699.46666666666;	0.0;	9.733333333333333;	4.533333333333333;	0.0
1377106335;	2;	5199.99926;	83.19998815999999;	1.6;	8359936.0;	67107.73333333334;	0.0;	9.733333333333333;	4.466666666666667;	0.06666666666666667
1377106635;	2;	5199.99926;	93.59998668;	1.8;	8359936.0;	240471.46666666667;	0.0;	15.333333333333334;	4.6;	0.0
1377106935;	2;	5199.99926;	83.19998815999999;	1.6;	8359936.0;	223695.2;	0.0;	9.866666666666667;	4.466666666666667;	0.0
1377107235;	2;	5199.99926;	77.99998889999999;	1.5;	8359936.0;	95069.33333333333;	0.0;	9.733333333333333;	4.533333333333333;	0.0
1377107535;	2;	5199.99926;	81.46665507333333;	1.5666666666666667;	8359936.0;	67108.0;	0.0;	9.866666666666667;	4.466666666666667;	0.0
1377107835;	2;	5199.99926;	77.99998889999999;	1.5;	8359936.0;	100661.6;	0.0;	9.866666666666667;	4.333333333333333;	0.06666666666666667
1377108135;	2;	5199.99926;	81.46665507333333;	1.5666666666666667;	8359936.0;	100661.6;	0.0;	10.666666666666666;	4.466666666666667;	0.06666666666666667
1377108435;	2;	5199.99926;	77.99998889999999;	1.5;	8359936.0;	139809.33333333334;	0.0;	10.2;	4.333333333333333;	0.0
1377108735;	2;	5199.99926;	81.46665507333333;	1.5666666666666667;	8359936.0;	123032.0;	0.0;	9.933333333333334;	4.2;	0.0
1377109035;	2;	5199.99926;	76.26665581333332;	1.4666666666666666;	8359936.0;	50330.4;	0.0;	9.8;	4.533333333333333;	0.0
1377109335;	2;	5199.99926;	79.73332198666667;	1.5333333333333334;	8359936.0;	117439.2;	0.0;	9.866666666666667;	4.466666666666667;	0.0
1377109635;	2;	5199.99926;	77.99998889999999;	1.5;	8359936.0;	139808.53333333333;	0.0;	9.933333333333334;	4.533333333333333;	0.0
1377109935;	2;	5199.99926;	79.73332198666667;	1.5333333333333334;	8359936.0;	55923.46666666667;	0.0;	9.8;	4.466666666666667;	0.0
1377110235;	2;	5199.99926;	93.59998668;	1.8;	8359936.0;	201324.8;	0.0;	15.2;	4.333333333333333;	0.0
1377110535;	2;	5199.99926;	79.73332198666667;	1.5333333333333334;	8359936.0;	156586.4;	0.0;	9.8;	4.466666666666667;	0.0
1377110835;	2;	5199.99926;	76.26665581333332;	1.4666666666666666;	8359936.0;	72700.53333333334;	0.0;	9.933333333333334;	4.533333333333333;	0.0
1377111135;	2;	5199.99926;	79.73332198666667;	1.5333333333333334;	8359936.0;	61515.46666666667;	0.0;	9.866666666666667;	4.466666666666667;	0.0
1377111435;	2;	5199.99926;	55.46665877333333;	1.0666666666666667;	8359936.0;	78292.53333333334;	0.0;	0.8666666666666667;	0.26666666666666666;	0.0
1377111735;	2;	5199.99926;	57.19999186;	1.1;	8359936.0;	22369.066666666666;	0.0;	0.8666666666666667;	0.0;	0.0
1377112036;	2;	5199.99926;	51.9999926;	1.0;	8359936.0;	55922.666666666664;	0.0;	0.2;	0.0;	0.0
1377112336;	2;	5199.99926;	57.19999186;	1.1;	8359936.0;	44738.13333333333;	0.0;	0.13333333333333333;	0.0;	0.0
1377112636;	2;	5199.99926;	51.9999926;	1.0;	8359936.0;	39145.86666666667;	0.0;	0.06666666666666667;	0.0;	0.0
1377112935;	2;	5199.99926;	57.19999186;	1.1;	8359936.0;	0.0;	0.0;	0.13333333333333333;	0.0;	0.0
1377113235;	2;	5199.99926;	51.9999926;	1.0;	8359936.0;	50330.4;	0.0;	0.06666666666666667;	0.0;	0.0
1377113535;	2;	5199.99926;	57.19999186;	1.1;	8359936.0;	39146.666666666664;	0.0;	0.13333333333333333;	0.0;	0.0
1377113835;	2;	5199.99926;	72.79998963999998;	1.4;	8359936.0;	167772.0;	0.0;	5.8;	0.06666666666666667;	0.0
1377114135;	2;	5199.99926;	57.19999186;	1.1;	8359936.0;	50330.4;	0.0;	0.13333333333333333;	0.0;	0.0
1377114435;	2;	5199.99926;	51.9999926;	1.0;	8359936.0;	16776.8;	0.0;	0.06666666666666667;	0.0;	0.0
1377114735;	2;	5199.99926;	57.19999186;	1.1;	8359936.0;	0.0;	0.0;	0.13333333333333333;	0.0;	0.0
1377115035;	2;	5199.99926;	51.9999926;	1.0;	8359936.0;	50330.4;	0.0;	0.06666666666666667;	0.0;	0.0
1377115335;	2;	5199.99926;	57.19999186;	1.1;	8359936.0;	22369.066666666666;	0.0;	0.8;	0.0;	0.0
1377115635;	2;	5199.99926;	57.19999186;	1.1;	8359936.0;	83884.0;	0.0;	0.8;	0.0;	0.0
1377115935;	2;	5199.99926;	57.19999186;	1.1;	8359936.0;	55922.666666666664;	0.0;	0.13333333333333333;	0.0;	0.0
1377116235;	2;	5199.99926;	51.9999926;	1.0;	8359936.0;	16776.8;	0.0;	0.06666666666666667;	0.0;	0.0
1377116535;	2;	5199.99926;	57.19999186;	1.1;	8359936.0;	0.0;	0.0;	0.13333333333333333;	0.0;	0.0
1377116835;	2;	5199.99926;	51.9999926;	1.0;	8359936.0;	50331.2;	0.0;	0.13333333333333333;	0.0;	0.0
1377117135;	2;	5199.99926;	57.19999186;	1.1;	8359936.0;	22369.066666666666;	0.0;	0.13333333333333333;	0.0;	0.0
1377117435;	2;	5199.99926;	67.59999038;	1.3;	8359936.0;	190140.26666666666;	0.0;	5.6;	0.06666666666666667;	0.0
1377117735;	2;	5199.99926;	57.19999186;	1.1;	8359936.0;	134216.8;	0.0;	0.13333333333333333;	0.0;	0.0
1377118036;	2;	5199.99926;	51.9999926;	1.0;	8359936.0;	50331.2;	0.0;	0.06666666666666667;	0.0;	0.0
1377118336;	2;	5199.99926;	57.19999186;	1.1;	8359936.0;	67108.26666666666;	0.0;	0.13333333333333333;	0.0;	0.0
1377118636;	2;	5199.99926;	51.9999926;	1.0;	8359936.0;	100661.6;	0.0;	0.0;	0.0;	0.0
1377118936;	2;	5199.99926;	79.73332198666667;	1.5333333333333334;	8359936.0;	55923.46666666667;	0.0;	0.8;	0.0;	0.0
1377119236;	2;	5199.99926;	77.99998889999999;	1.5;	8359936.0;	117440.0;	0.0;	0.3333333333333333;	0.0;	0.0
1377119536;	2;	5199.99926;	77.99998889999999;	1.5;	8359936.0;	33554.4;	0.0;	0.06666666666666667;	0.0;	0.0
1377119836;	2;	5199.99926;	77.99998889999999;	1.5;	8359936.0;	50331.2;	0.0;	0.0;	0.0;	0.0
1377120136;	2;	5199.99926;	77.99998889999999;	1.5;	8359936.0;	0.0;	0.0;	0.06666666666666667;	0.0;	0.0
1377120436;	2;	5199.99926;	77.99998889999999;	1.5;	8359936.0;	61515.46666666667;	0.0;	0.0;	0.0;	0.0
1377120736;	2;	5199.99926;	77.99998889999999;	1.5;	8359936.0;	11184.533333333333;	0.0;	0.06666666666666667;	0.0;	0.0
1377121036;	2;	5199.99926;	91.86665359333333;	1.7666666666666666;	8359936.0;	173364.0;	0.0;	5.466666666666667;	0.06666666666666667;	0.0
1377121336;	2;	5199.99926;	64.13332420666667;	1.2333333333333334;	8359936.0;	162177.6;	0.0;	0.06666666666666667;	0.0;	0.0
1377121636;	2;	5199.99926;	64.13332420666667;	1.2333333333333334;	8359936.0;	55922.666666666664;	0.0;	0.0;	0.0;	0.0
1377121936;	2;	5199.99926;	60.666658033333334;	1.1666666666666667;	8359936.0;	61514.933333333334;	0.0;	0.06666666666666667;	0.0;	0.0
1377122236;	2;	5199.99926;	65.86665729333333;	1.2666666666666666;	8359936.0;	67107.2;	0.0;	0.9333333333333333;	0.0;	0.0
1377122537;	2;	5199.99926;	81.46665507333333;	1.5666666666666667;	8359936.0;	123032.26666666666;	0.0;	0.7333333333333333;	0.06666666666666667;	0.0
1377122837;	2;	5199.99927;	129.99998175000002;	2.5;	8359936.0;	0.0;	0.0;	0.0;	0.0;	0.0
1377123137;	2;	5199.99927;	84.93332141;	1.6333333333333335;	8359936.0;	44738.4;	0.0;	0.06666666666666667;	0.0;	0.0
1377123437;	2;	5199.99927;	79.73332214000001;	1.5333333333333334;	8359936.0;	61515.46666666667;	0.0;	0.0;	0.0;	0.0
1377123737;	2;	5199.99927;	64.13332433000001;	1.2333333333333334;	8359936.0;	162178.4;	0.0;	0.06666666666666667;	0.0;	0.0
1377124037;	2;	5199.99927;	77.99998905000001;	1.5;	8359936.0;	128623.73333333334;	0.0;	0.0;	0.0;	0.0
1377124337;	2;	5199.99927;	77.99998905000001;	1.5;	8359936.0;	162178.4;	0.0;	0.06666666666666667;	0.0;	0.0
1377124637;	2;	5199.99927;	88.39998759;	1.7;	8359936.0;	184547.2;	0.0;	5.466666666666667;	0.13333333333333333;	0.13333333333333333
1377124937;	2;	5199.99927;	121.3333163;	2.3333333333333335;	8359936.0;	520092.0;	0.0;	35.0;	0.6;	1.8
1377125237;	2;	5199.99927;	57.19999197000001;	1.1;	8359936.0;	167771.2;	0.0;	1.1333333333333333;	0.0;	0.0
1377125537;	2;	5199.99927;	57.19999197000001;	1.1;	8359936.0;	83884.8;	0.0;	0.13333333333333333;	0.0;	0.0
1377125837;	2;	5199.99927;	57.19999197000001;	1.1;	8359936.0;	134216.8;	0.0;	0.06666666666666667;	0.0;	0.0
1377126137;	2;	5199.99927;	62.39999124;	1.2;	8359936.0;	16776.8;	0.0;	0.8;	0.06666666666666667;	0.0
1377126437;	2;	5199.99927;	62.39999124;	1.2;	8359936.0;	156586.66666666666;	0.0;	0.8;	0.0;	0.0
1377126737;	2;	5199.99927;	57.19999197000001;	1.1;	8359936.0;	134216.0;	0.0;	0.13333333333333333;	0.0;	0.0
1377127037;	2;	5199.99927;	57.19999197000001;	1.1;	8359936.0;	100661.6;	0.0;	0.13333333333333333;	0.0;	0.0
1377127337;	2;	5199.99927;	77.99998905000001;	1.5;	8359936.0;	50330.4;	0.0;	0.07142857142857142;	0.0;	0.0
1377127637;	2;	5199.99927;	76.26665596;	1.4666666666666666;	8359936.0;	44738.13333333333;	0.0;	0.0;	0.0;	0.0
1377127937;	2;	5199.99927;	57.19999197000001;	1.1;	8359936.0;	67108.8;	0.0;	0.06666666666666667;	0.0;	0.0
1377128237;	2;	5199.99927;	81.46665523;	1.5666666666666667;	8359936.0;	167771.73333333334;	0.0;	5.466666666666667;	0.06666666666666667;	0.0
1377128537;	2;	5199.99927;	57.19999197000001;	1.1;	8359936.0;	89478.4;	0.0;	0.06666666666666667;	0.0;	0.0
1377128837;	2;	5199.99927;	57.19999197000001;	1.1;	8359936.0;	39145.86666666667;	0.0;	0.0;	0.0;	0.0
1377129137;	2;	5199.99927;	57.19999197000001;	1.1;	8359936.0;	95070.4;	0.0;	0.13333333333333333;	0.0;	0.0
1377129437;	2;	5199.99927;	57.19999197000001;	1.1;	8359936.0;	95070.4;	0.0;	0.06666666666666667;	0.0;	0.0
1377129737;	2;	5199.99927;	65.86665742;	1.2666666666666666;	8359936.0;	55923.73333333333;	0.0;	0.8666666666666667;	0.0;	0.0
1377130037;	2;	5199.99927;	71.06665668999999;	1.3666666666666665;	8359936.0;	95070.4;	0.0;	0.5333333333333333;	0.0;	0.0
1377130337;	2;	5199.99927;	91.86665377;	1.7666666666666666;	8359936.0;	72699.46666666666;	0.0;	8.133333333333333;	0.2;	0.6666666666666666
1377130637;	2;	5199.99927;	57.19999197000001;	1.1;	8359936.0;	22369.066666666666;	0.0;	0.06666666666666667;	0.0;	0.0
1377130937;	2;	5199.998076;	95.33329806;	1.8333333333333335;	8359936.0;	0.0;	0.0;	0.0;	0.0;	0.0
1377131237;	2;	5199.998076;	83.19996921600001;	1.6;	8359936.0;	83884.8;	0.0;	0.06666666666666667;	0.0;	0.0
1377131537;	2;	5199.998076;	72.799973064;	1.4;	8359936.0;	55922.666666666664;	0.0;	0.13333333333333333;	0.0;	0.0
1377131837;	2;	5199.998076;	83.19996921600001;	1.6;	8359936.0;	234880.0;	0.0;	5.8;	0.06666666666666667;	0.0
1377132138;	2;	5199.998076;	57.199978836;	1.1;	8359936.0;	67108.8;	0.0;	0.13333333333333333;	0.0;	0.0
1377132438;	2;	5199.998076;	57.199978836;	1.1;	8359936.0;	39145.86666666667;	0.0;	0.06666666666666667;	0.0;	0.0
1377132738;	2;	5199.998076;	57.199978836;	1.1;	8359936.0;	33553.6;	0.0;	0.13333333333333333;	0.0;	0.0
1377133038;	2;	5199.998076;	57.199978836;	1.1;	8359936.0;	100662.66666666667;	0.0;	0.0;	0.0;	0.0
1377133338;	2;	5199.998076;	62.39997691199999;	1.2;	8359936.0;	67107.46666666666;	0.0;	0.8;	0.06666666666666667;	0.0
1377133638;	2;	5199.998076;	60.666644219999995;	1.1666666666666667;	8359936.0;	117439.2;	0.0;	0.4666666666666667;	0.0;	0.0
1377133938;	2;	5199.998076;	57.199978836;	1.1;	8359936.0;	5592.266666666666;	0.0;	0.06666666666666667;	0.0;	0.0
1377134238;	2;	5199.998076;	57.199978836;	1.1;	8359936.0;	61515.73333333333;	0.0;	0.0;	0.0;	0.0
1377134538;	2;	5199.998076;	57.199978836;	1.1;	8359936.0;	89477.86666666667;	0.0;	0.06666666666666667;	0.0;	0.0
1377134838;	2;	5199.998076;	57.199978836;	1.1;	8359936.0;	55922.933333333334;	0.0;	0.06666666666666667;	0.0;	0.0
1377135138;	2;	5199.998076;	57.199978836;	1.1;	8359936.0;	95069.33333333333;	0.0;	0.06666666666666667;	0.0;	0.0
1377135438;	2;	5199.998076;	83.19996921600001;	1.6;	8359936.0;	223694.4;	0.0;	64.6;	15.066666666666666;	0.06666666666666667
1377135738;	2;	5199.998076;	57.199978836;	1.1;	8359936.0;	167770.66666666666;	0.0;	0.06666666666666667;	0.0;	0.0
1377136038;	2;	5199.998076;	57.199978836;	1.1;	8359936.0;	95070.13333333333;	0.0;	0.0;	0.0;	0.0
1377136338;	2;	5199.998076;	60.666644219999995;	1.1666666666666667;	8359936.0;	134216.8;	0.0;	0.06666666666666667;	0.0;	0.0
1377136638;	2;	5199.998076;	57.199978836;	1.1;	8359936.0;	39145.86666666667;	0.0;	0.06666666666666667;	0.0;	0.0
1377136938;	2;	5199.998076;	311.99988456;	6.0;	8359936.0;	83884.0;	0.0;	3.0;	1.4666666666666666;	0.7333333333333333
1377137238;	2;	5199.998076;	58.933311528;	1.1333333333333333;	8359936.0;	128624.0;	0.0;	2.066666666666667;	0.0;	0.0
1377137538;	2;	5199.998076;	57.199978836;	1.1;	8359936.0;	55923.2;	0.0;	0.13333333333333333;	0.0;	0.0
1377137838;	2;	5199.998076;	57.199978836;	1.1;	8359936.0;	44738.933333333334;	0.0;	0.06666666666666667;	0.0;	0.0
1377138138;	2;	5199.998076;	67.599974988;	1.3;	8359936.0;	78292.26666666666;	0.0;	10.4;	6.866666666666666;	0.13333333333333333
1377138438;	2;	5199.998076;	77.99997114;	1.5;	8359936.0;	464167.4666666667;	0.0;	5.2;	0.0;	0.0
1377138738;	2;	5199.998076;	57.199978836;	1.1;	8359936.0;	117439.2;	0.0;	0.06666666666666667;	0.0;	0.0
1377139038;	2;	5199.998076;	76.266638448;	1.4666666666666666;	8359936.0;	173362.93333333332;	0.0;	5.6;	0.06666666666666667;	0.0
1377139338;	2;	5199.998076;	57.199978836;	1.1;	8359936.0;	218102.4;	0.0;	0.06666666666666667;	0.0;	0.0
1377139638;	2;	5199.998076;	57.199978836;	1.1;	8359936.0;	83884.8;	0.0;	0.0;	0.0;	0.0
1377139938;	2;	5199.998076;	57.199978836;	1.1;	8359936.0;	67107.2;	0.0;	0.06666666666666667;	0.0;	0.0
1377140238;	2;	5199.998076;	57.199978836;	1.1;	8359936.0;	83885.6;	0.0;	0.0;	0.0;	0.0
1377140538;	2;	5199.998076;	62.39997691199999;	1.2;	8359936.0;	111846.93333333333;	0.0;	0.8;	0.13333333333333333;	0.0
1377140838;	2;	5199.998076;	57.199978836;	1.1;	8359936.0;	111846.93333333333;	0.0;	0.4666666666666667;	0.0;	0.0
1377141138;	2;	5199.998076;	57.199978836;	1.1;	8359936.0;	128623.73333333334;	0.0;	0.06666666666666667;	0.0;	0.0
1377141438;	2;	5199.998076;	57.199978836;	1.1;	8359936.0;	111846.4;	0.0;	0.0;	0.0;	0.0
1377141738;	2;	5199.998076;	57.199978836;	1.1;	8359936.0;	78293.06666666667;	0.0;	0.06666666666666667;	0.0;	0.0
1377142038;	2;	5199.998076;	57.199978836;	1.1;	8359936.0;	117440.0;	0.0;	0.06666666666666667;	0.0;	0.0
1377142338;	2;	5199.998076;	57.199978836;	1.1;	8359936.0;	100662.93333333333;	0.0;	0.06666666666666667;	0.0;	0.0
1377142638;	2;	5199.998076;	77.99997114;	1.5;	8359936.0;	145401.86666666667;	0.0;	5.533333333333333;	0.06666666666666667;	0.0
1377142938;	2;	5199.998076;	57.199978836;	1.1;	8359936.0;	123031.73333333334;	0.0;	0.06666666666666667;	0.0;	0.0
1377143238;	2;	5199.998076;	57.199978836;	1.1;	8359936.0;	55923.2;	0.0;	0.06666666666666667;	0.0;	0.0
1377143538;	2;	5199.998076;	57.199978836;	1.1;	8359936.0;	117439.2;	0.0;	0.06666666666666667;	0.0;	0.0
1377143838;	2;	5199.998076;	57.199978836;	1.1;	8359936.0;	33553.86666666667;	0.0;	0.0;	0.0;	0.0
1377144138;	2;	5199.998076;	60.666644219999995;	1.1666666666666667;	8359936.0;	67107.73333333334;	0.0;	0.8666666666666667;	0.0;	0.0
1377144438;	2;	5199.998076;	57.199978836;	1.1;	8359936.0;	178955.2;	0.0;	0.4666666666666667;	0.0;	0.0
1377144738;	2;	5199.998076;	57.199978836;	1.1;	8359936.0;	117438.4;	0.0;	0.13333333333333333;	0.0;	0.0
1377145039;	2;	5199.998076;	57.199978836;	1.1;	8359936.0;	106254.4;	0.0;	0.0;	0.0;	0.0
1377145339;	2;	5199.998076;	57.199978836;	1.1;	8359936.0;	117439.73333333334;	0.0;	0.13333333333333333;	0.0;	0.0
1377145638;	2;	5199.998076;	57.199978836;	1.1;	8359936.0;	95069.6;	0.0;	0.0;	0.0;	0.0
1377145938;	2;	5199.998076;	57.199978836;	1.1;	8359936.0;	67107.73333333334;	0.0;	0.06666666666666667;	0.0;	0.0
1377146238;	2;	5199.998076;	79.733303832;	1.5333333333333334;	8359936.0;	128624.0;	0.0;	5.466666666666667;	0.06666666666666667;	0.0
1377146538;	2;	5199.998076;	57.199978836;	1.1;	8359936.0;	173364.0;	0.0;	0.06666666666666667;	0.0;	0.0
1377146838;	2;	5199.998076;	57.199978836;	1.1;	8359936.0;	55922.666666666664;	0.0;	0.0;	0.0;	0.0
1377147138;	2;	5199.998076;	57.199978836;	1.1;	8359936.0;	61515.2;	0.0;	0.06666666666666667;	0.0;	0.0
1377147438;	2;	5199.998076;	57.199978836;	1.1;	8359936.0;	55923.2;	0.0;	0.06666666666666667;	0.0;	0.0
1377147738;	2;	5199.998076;	57.199978836;	1.1;	8359936.0;	27961.333333333332;	0.0;	0.8666666666666667;	0.06666666666666667;	0.0
1377148038;	2;	5199.998076;	58.933311528;	1.1333333333333333;	8359936.0;	201325.86666666667;	0.0;	0.9333333333333333;	0.0;	0.0
1377148338;	2;	5199.998076;	57.199978836;	1.1;	8359936.0;	111846.93333333333;	0.0;	0.13333333333333333;	0.0;	0.0
1377148638;	2;	5199.998076;	57.199978836;	1.1;	8359936.0;	16776.8;	0.0;	0.06666666666666667;	0.0;	0.0
1377148938;	2;	5199.998076;	57.199978836;	1.1;	8359936.0;	67108.0;	0.0;	0.13333333333333333;	0.0;	0.0
1377149238;	2;	5199.998076;	57.199978836;	1.1;	8359936.0;	67108.0;	0.0;	0.0;	0.0;	0.0
1377149538;	2;	5199.998076;	57.199978836;	1.1;	8359936.0;	83884.0;	0.0;	0.06666666666666667;	0.0;	0.0
1377149839;	2;	5199.998076;	77.99997114;	1.5;	8359936.0;	117438.4;	0.0;	5.733333333333333;	0.06666666666666667;	0.0
1377150139;	2;	5199.998076;	57.199978836;	1.1;	8359936.0;	67108.8;	0.0;	0.06666666666666667;	0.0;	0.0
1377150439;	2;	5199.998076;	57.199978836;	1.1;	8359936.0;	0.0;	0.0;	0.0;	0.0;	0.0
1377150739;	2;	5199.998076;	57.199978836;	1.1;	8359936.0;	50331.2;	0.0;	0.06666666666666667;	0.0;	0.0
1377151039;	2;	5199.998076;	57.199978836;	1.1;	8359936.0;	100662.4;	0.0;	0.06666666666666667;	0.0;	0.0
1377151339;	2;	5199.998076;	60.666644219999995;	1.1666666666666667;	8359936.0;	106254.66666666667;	0.0;	0.8;	0.0;	0.0
1377151639;	2;	5199.998076;	57.199978836;	1.1;	8359936.0;	150994.4;	0.0;	0.4666666666666667;	0.0;	0.0
1377151939;	2;	5199.998076;	57.199978836;	1.1;	8359936.0;	78293.06666666667;	0.0;	0.06666666666666667;	0.0;	0.0
1377152239;	2;	5199.998076;	57.199978836;	1.1;	8359936.0;	95070.4;	0.0;	0.0;	0.0;	0.0
1377152539;	2;	5199.998076;	57.199978836;	1.1;	8359936.0;	11184.533333333333;	0.0;	0.06666666666666667;	0.0;	0.0
1377152839;	2;	5199.998076;	67.599974988;	1.3;	8359936.0;	83884.0;	0.0;	5.266666666666667;	2.466666666666667;	0.0
1377153139;	2;	5199.998076;	79.733303832;	1.5333333333333334;	8359936.0;	39145.86666666667;	0.0;	10.533333333333333;	4.6;	0.0
1377153439;	2;	5199.998076;	97.06663075199998;	1.8666666666666665;	8359936.0;	145400.8;	0.0;	15.733333333333333;	4.466666666666667;	0.0
1377153739;	2;	5199.998076;	79.733303832;	1.5333333333333334;	8359936.0;	106254.4;	0.0;	10.266666666666667;	4.4;	0.0
1377154039;	2;	5199.998076;	83.19996921600001;	1.6;	8359936.0;	128623.46666666666;	0.0;	9.733333333333333;	4.2;	0.0
1377154339;	2;	5199.998076;	77.99997114;	1.5;	8359936.0;	218102.4;	0.0;	10.133333333333333;	4.4;	0.0
1377154639;	2;	5199.998076;	77.99997114;	1.5;	8359936.0;	117440.26666666666;	0.0;	10.066666666666666;	4.333333333333333;	0.0
1377154939;	2;	5199.998076;	84.93330190800002;	1.6333333333333335;	8359936.0;	89477.6;	0.0;	10.533333333333333;	4.466666666666667;	0.0
1377155239;	2;	5199.998076;	84.93330190800002;	1.6333333333333335;	8359936.0;	229286.93333333332;	0.0;	10.333333333333334;	9.533333333333333;	5.266666666666667
1377155539;	2;	5199.998076;	81.466636524;	1.5666666666666667;	8359936.0;	162179.2;	0.0;	9.866666666666667;	4.333333333333333;	0.0
1377155839;	2;	5199.998076;	77.99997114;	1.5;	8359936.0;	145401.33333333334;	0.0;	10.0;	4.4;	0.0
1377156139;	2;	5199.998076;	79.733303832;	1.5333333333333334;	8359936.0;	95069.33333333333;	0.0;	9.866666666666667;	4.466666666666667;	0.0
1377156439;	2;	5199.998076;	83.19996921600001;	1.6;	8359936.0;	106254.66666666667;	0.0;	9.733333333333333;	4.4;	0.0
1377156739;	2;	5199.998076;	79.733303832;	1.5333333333333334;	8359936.0;	50330.4;	0.0;	9.933333333333334;	4.266666666666667;	0.0
1377157039;	2;	5199.998076;	98.79996344399999;	1.9;	8359936.0;	162177.6;	0.0;	15.266666666666667;	4.533333333333333;	0.0
1377157339;	2;	5199.998076;	79.733303832;	1.5333333333333334;	8359936.0;	167770.66666666666;	0.0;	9.8;	4.333333333333333;	0.0
1377157639;	2;	5199.998076;	81.466636524;	1.5666666666666667;	8359936.0;	106254.4;	0.0;	10.066666666666666;	4.333333333333333;	0.0
1377157939;	2;	5199.99927;	201.4999717125;	3.875;	8359936.0;	104856.0;	0.0;	10.333333333333334;	4.666666666666667;	0.0
1377158239;	2;	5199.99927;	112.66665085000001;	2.1666666666666665;	8359936.0;	184548.0;	0.0;	10.066666666666666;	4.266666666666667;	0.0
1377158539;	2;	5199.99927;	110.93331776000001;	2.1333333333333333;	8359936.0;	27961.866666666665;	0.0;	10.533333333333333;	4.466666666666667;	0.0
1377158839;	2;	5199.99927;	110.93331776000001;	2.1333333333333333;	8359936.0;	167770.4;	0.0;	11.0;	4.4;	0.0
1377159140;	2;	5199.99927;	103.9999854;	2.0;	8359936.0;	156586.13333333333;	0.0;	10.066666666666666;	4.333333333333333;	0.0
1377159440;	2;	5199.99927;	109.19998467;	2.1;	8359936.0;	95070.13333333333;	0.0;	9.733333333333333;	4.4;	0.0
1377159740;	2;	5199.99927;	103.9999854;	2.0;	8359936.0;	83885.6;	0.0;	10.133333333333333;	4.4;	0.0
1377160040;	2;	5199.99927;	107.46665158;	2.0666666666666664;	8359936.0;	83884.8;	0.0;	9.866666666666667;	4.333333333333333;	0.0
1377160340;	2;	5199.99927;	103.9999854;	2.0;	8359936.0;	150993.6;	0.0;	9.933333333333334;	4.333333333333333;	0.0
1377160640;	2;	5199.99927;	128.26664866000002;	2.466666666666667;	8359936.0;	218102.4;	0.0;	15.533333333333333;	4.666666666666667;	0.0
1377160940;	2;	5199.99927;	105.73331849;	2.033333333333333;	8359936.0;	206918.4;	0.0;	10.0;	4.466666666666667;	0.0
1377161240;	2;	5199.99927;	107.46665158;	2.0666666666666664;	8359936.0;	89478.13333333333;	0.0;	9.933333333333334;	4.4;	0.0
1377161540;	2;	5199.99927;	103.9999854;	2.0;	8359936.0;	67108.0;	0.0;	10.066666666666666;	4.466666666666667;	0.0
1377161840;	2;	5199.99927;	107.46665158;	2.0666666666666664;	8359936.0;	100661.6;	0.0;	9.933333333333334;	4.4;	0.0
1377162140;	2;	5199.99927;	103.9999854;	2.0;	8359936.0;	39145.86666666667;	0.0;	10.666666666666666;	4.533333333333333;	0.06666666666666667
1377162439;	2;	5199.99927;	103.9999854;	2.0;	8359936.0;	190140.53333333333;	0.0;	10.466666666666667;	4.6;	0.0
1377162739;	2;	5199.99927;	103.9999854;	2.0;	8359936.0;	95069.6;	0.0;	9.733333333333333;	4.533333333333333;	0.0
1377163039;	2;	5199.99927;	103.9999854;	2.0;	8359936.0;	234880.0;	0.0;	9.866666666666667;	4.4;	0.0
1377163339;	2;	5199.99927;	102.26665231000001;	1.9666666666666666;	8359936.0;	83885.6;	0.0;	10.066666666666666;	4.4;	0.0
1377163639;	2;	5199.99927;	103.9999854;	2.0;	8359936.0;	33553.6;	0.0;	9.933333333333334;	4.4;	0.0
1377163939;	2;	5199.99927;	105.73331849;	2.033333333333333;	8359936.0;	139808.53333333333;	0.0;	10.2;	4.4;	0.0
1377164239;	2;	5199.99927;	121.3333163;	2.3333333333333335;	8359936.0;	134216.8;	0.0;	15.466666666666667;	4.466666666666667;	0.0
1377164539;	2;	5199.99927;	105.73331849;	2.033333333333333;	8359936.0;	150993.86666666667;	0.0;	10.066666666666666;	4.4;	0.0
1377164840;	2;	5199.99927;	105.73331849;	2.033333333333333;	8359936.0;	274025.6;	0.0;	9.933333333333334;	4.266666666666667;	0.0
1377165140;	2;	5199.99927;	107.46665158;	2.0666666666666664;	8359936.0;	167772.0;	0.0;	10.066666666666666;	4.466666666666667;	0.0
1377165440;	2;	5199.99927;	103.9999854;	2.0;	8359936.0;	123031.73333333334;	0.0;	10.133333333333333;	4.533333333333333;	0.0
1377165740;	2;	5199.99927;	110.93331776000001;	2.1333333333333333;	8359936.0;	173363.46666666667;	0.0;	10.866666666666667;	4.6;	0.06666666666666667
1377166040;	2;	5199.99927;	123.06664939000001;	2.3666666666666667;	8359936.0;	167771.2;	0.0;	18.333333333333332;	5.0;	0.0
1377166340;	2;	5199.99927;	116.13331703000001;	2.2333333333333334;	8359936.0;	167770.4;	0.0;	14.0;	4.866666666666666;	0.0
1377166640;	2;	5199.99927;	109.19998467;	2.1;	8359936.0;	67107.2;	0.0;	10.066666666666666;	4.466666666666667;	0.0
1377166940;	2;	5199.99927;	105.73331849;	2.033333333333333;	8359936.0;	78292.53333333334;	0.0;	10.066666666666666;	4.466666666666667;	0.0
1377167240;	2;	5199.99927;	105.73331849;	2.033333333333333;	8359936.0;	61515.73333333333;	0.0;	10.066666666666666;	4.466666666666667;	0.0
1377167540;	2;	5199.99927;	107.46665158;	2.0666666666666664;	8359936.0;	128624.26666666666;	0.0;	10.133333333333333;	4.6;	0.0
1377167840;	2;	5199.99927;	119.59998320999999;	2.3;	8359936.0;	234880.8;	0.0;	15.866666666666667;	4.6;	0.0
1377168140;	2;	5199.99927;	119.59998320999999;	2.3;	8359936.0;	150993.6;	0.0;	10.133333333333333;	4.466666666666667;	0.0
1377168440;	2;	5199.99927;	135.19998102000002;	2.6;	8359936.0;	44738.13333333333;	0.0;	10.266666666666667;	4.466666666666667;	0.0
1377168740;	2;	5199.99927;	140.39998029000003;	2.7;	8359936.0;	72699.46666666666;	0.0;	10.2;	4.466666666666667;	0.0
1377169040;	2;	5199.99927;	136.93331411;	2.6333333333333333;	8359936.0;	195733.06666666668;	0.0;	10.266666666666667;	4.466666666666667;	0.0
1377169340;	2;	5199.99927;	140.39998029000003;	2.7;	8359936.0;	111846.13333333333;	0.0;	11.133333333333333;	4.533333333333333;	0.06666666666666667
1377169640;	2;	5199.99927;	138.66664720000003;	2.666666666666667;	8359936.0;	251657.06666666668;	0.0;	31.8;	7.6;	0.13333333333333333
1377169940;	2;	5199.99927;	135.19998102000002;	2.6;	8359936.0;	195732.0;	0.0;	10.266666666666667;	4.4;	0.0
1377170240;	2;	5199.99927;	161.19997737000003;	3.1;	8359936.0;	83884.8;	0.0;	10.2;	9.466666666666667;	5.266666666666667
1377170540;	2;	5199.99927;	161.19997737000003;	3.1;	8359936.0;	111847.46666666666;	0.0;	10.4;	4.4;	0.0
1377170840;	2;	5199.99927;	145.59997955999998;	2.8;	8359936.0;	178956.53333333333;	0.0;	10.4;	4.4;	0.0
1377171140;	2;	5199.99927;	155.99997810000002;	3.0;	8359936.0;	111847.2;	0.0;	10.266666666666667;	4.4;	0.0
1377171440;	2;	5199.99927;	176.79997518;	3.4;	8359936.0;	139808.53333333333;	0.0;	15.733333333333333;	4.4;	0.0
1377171740;	2;	5199.99927;	159.46664428000003;	3.066666666666667;	8359936.0;	173363.73333333334;	0.0;	10.4;	4.333333333333333;	0.0
1377172041;	2;	5199.99927;	161.19997737000003;	3.1;	8359936.0;	67107.2;	0.0;	10.2;	4.4;	0.0
1377172341;	2;	5199.99927;	161.19997737000003;	3.1;	8359936.0;	61514.933333333334;	0.0;	10.4;	4.333333333333333;	0.0
1377172641;	2;	5199.99927;	159.46664428000003;	3.066666666666667;	8359936.0;	117439.2;	0.0;	10.333333333333334;	4.533333333333333;	0.0
1377172941;	2;	5199.99927;	161.19997737000003;	3.1;	8359936.0;	128624.0;	0.0;	15.866666666666667;	4.533333333333333;	0.13333333333333333
1377173241;	2;	5199.99927;	152.53331192;	2.933333333333333;	8359936.0;	184547.73333333334;	0.0;	10.4;	4.4;	0.0
1377173541;	2;	5199.99927;	150.79997883;	2.9;	8359936.0;	106254.4;	0.0;	10.333333333333334;	4.4;	0.0
1377173841;	2;	5199.99927;	157.73331119;	3.033333333333333;	8359936.0;	106254.66666666667;	0.0;	10.066666666666666;	4.466666666666667;	0.0
1377174141;	2;	5199.99927;	154.26664501000002;	2.966666666666667;	8359936.0;	83885.6;	0.0;	10.2;	4.466666666666667;	0.0
1377174441;	2;	5199.99927;	150.79997883;	2.9;	8359936.0;	184548.0;	0.0;	10.066666666666666;	4.4;	0.0
1377174741;	2;	5199.99927;	155.99997810000002;	3.0;	8359936.0;	178955.46666666667;	0.0;	10.266666666666667;	4.333333333333333;	0.0
1377175041;	2;	5199.99927;	166.39997664000003;	3.2;	8359936.0;	156585.33333333334;	0.0;	15.866666666666667;	4.533333333333333;	0.0
1377175341;	2;	5199.99927;	109.19998467;	2.1;	8359936.0;	274026.4;	0.0;	10.266666666666667;	4.466666666666667;	0.0
1377175641;	2;	5199.99927;	109.19998467;	2.1;	8359936.0;	156585.6;	0.0;	10.266666666666667;	4.466666666666667;	0.0
1377175941;	2;	5199.99927;	109.19998467;	2.1;	8359936.0;	61514.933333333334;	0.0;	10.333333333333334;	4.533333333333333;	0.0
1377176241;	2;	5199.99927;	109.19998467;	2.1;	8359936.0;	27961.333333333332;	0.0;	10.133333333333333;	4.533333333333333;	0.0
1377176541;	2;	5199.99927;	109.19998467;	2.1;	8359936.0;	106253.6;	0.0;	11.066666666666666;	4.466666666666667;	0.06666666666666667
1377176841;	2;	5199.99927;	109.19998467;	2.1;	8359936.0;	100662.4;	0.0;	10.533333333333333;	4.466666666666667;	0.0
1377177141;	2;	5199.99927;	105.73331849;	2.033333333333333;	8359936.0;	150994.13333333333;	0.0;	10.466666666666667;	4.533333333333333;	0.0
1377177441;	2;	5199.99927;	109.19998467;	2.1;	8359936.0;	128623.73333333334;	0.0;	10.266666666666667;	4.533333333333333;	0.0
1377177741;	2;	5199.99927;	107.46665158;	2.0666666666666664;	8359936.0;	218102.4;	0.0;	10.266666666666667;	4.466666666666667;	0.0
1377178041;	2;	5199.99927;	109.19998467;	2.1;	8359936.0;	100661.6;	0.0;	10.266666666666667;	4.466666666666667;	0.0
1377178341;	2;	5199.99927;	109.19998467;	2.1;	8359936.0;	134216.0;	0.0;	10.333333333333334;	4.466666666666667;	0.0
1377178641;	2;	5199.99927;	129.99998175000002;	2.5;	8359936.0;	150993.6;	0.0;	15.6;	4.533333333333333;	0.0
1377178941;	2;	5199.99927;	109.19998467;	2.1;	8359936.0;	167771.2;	0.0;	10.266666666666667;	4.4;	0.0
1377179241;	2;	5199.99927;	107.46665158;	2.0666666666666664;	8359936.0;	67107.2;	0.0;	10.266666666666667;	4.533333333333333;	0.0
1377179541;	2;	5199.99927;	84.93332141;	1.6333333333333335;	8359936.0;	83884.0;	0.0;	1.9333333333333333;	0.7333333333333333;	0.0
1377179841;	2;	5199.99927;	81.46665523;	1.5666666666666667;	8359936.0;	117439.2;	0.0;	0.06666666666666667;	0.0;	0.0
1377180141;	2;	5199.99927;	84.93332141;	1.6333333333333335;	8359936.0;	50331.2;	0.0;	0.8;	0.0;	0.0
1377180441;	2;	5199.99927;	86.6666545;	1.6666666666666665;	8359936.0;	100661.6;	0.0;	0.7333333333333333;	0.0;	0.0
1377180741;	2;	5199.99927;	79.73332214000001;	1.5333333333333334;	8359936.0;	83884.0;	0.0;	0.06666666666666667;	0.0;	0.0
1377181041;	2;	5199.99927;	81.46665523;	1.5666666666666667;	8359936.0;	33553.6;	0.0;	0.13333333333333333;	0.4;	0.0
1377181341;	2;	5199.99927;	72.79998977999999;	1.4;	8359936.0;	33553.6;	0.0;	0.13333333333333333;	0.0;	0.0
1377181641;	2;	5199.99927;	74.53332287;	1.4333333333333333;	8359936.0;	117440.0;	0.0;	0.06666666666666667;	0.0;	0.0
1377181941;	2;	5199.99927;	67.59999051000001;	1.3;	8359936.0;	0.0;	0.0;	0.06666666666666667;	0.0;	0.0
1377182241;	2;	5199.99927;	90.13332068000001;	1.7333333333333334;	8359936.0;	95069.86666666667;	0.0;	5.466666666666667;	0.06666666666666667;	0.0
1377182542;	2;	5199.99927;	69.33332360000001;	1.3333333333333335;	8359936.0;	83885.06666666667;	0.0;	0.06666666666666667;	0.0;	0.0
1377182842;	2;	5199.99927;	71.06665668999999;	1.3666666666666665;	8359936.0;	184548.26666666666;	0.0;	0.0;	0.0;	0.0
1377183142;	2;	5199.99927;	71.06665668999999;	1.3666666666666665;	8359936.0;	55923.46666666667;	0.0;	0.06666666666666667;	0.0;	0.0
1377183442;	2;	5199.99927;	72.79998977999999;	1.4;	8359936.0;	89477.06666666667;	0.0;	0.0;	0.0;	0.0
1377183742;	2;	5199.99927;	67.59999051000001;	1.3;	8359936.0;	27961.333333333332;	0.0;	0.7333333333333333;	0.06666666666666667;	0.0
1377184042;	2;	5199.99927;	69.33332360000001;	1.3333333333333335;	8359936.0;	134216.0;	0.0;	0.4;	0.0;	0.0
1377184342;	2;	5199.99927;	67.59999051000001;	1.3;	8359936.0;	22369.066666666666;	0.0;	0.06666666666666667;	0.0;	0.0
1377184642;	2;	5199.99927;	71.06665668999999;	1.3666666666666665;	8359936.0;	61514.933333333334;	0.0;	0.0;	0.0;	0.0
1377184942;	2;	5199.99927;	72.79998977999999;	1.4;	8359936.0;	22369.066666666666;	0.0;	0.06666666666666667;	0.0;	0.0
1377185242;	2;	5199.99927;	74.53332287;	1.4333333333333333;	8359936.0;	83885.6;	0.0;	0.0;	0.0;	0.0
1377185542;	2;	5199.99927;	76.26665596;	1.4666666666666666;	8359936.0;	27961.333333333332;	0.0;	0.06666666666666667;	0.0;	0.0
1377185842;	2;	5199.99927;	93.59998686;	1.8;	8359936.0;	83884.0;	0.0;	5.733333333333333;	0.06666666666666667;	0.0
1377186142;	2;	5199.99927;	74.53332287;	1.4333333333333333;	8359936.0;	39145.86666666667;	0.0;	0.06666666666666667;	0.0;	0.0
1377186442;	2;	5199.99927;	72.79998977999999;	1.4;	8359936.0;	44738.13333333333;	0.0;	0.0;	0.0;	0.0
1377186742;	2;	5199.99927;	74.53332287;	1.4333333333333333;	8359936.0;	22369.066666666666;	0.0;	0.06666666666666667;	0.0;	0.0
1377187042;	2;	5199.99927;	71.06665668999999;	1.3666666666666665;	8359936.0;	72699.46666666666;	0.0;	0.0;	0.0;	0.0
1377187342;	2;	5199.99927;	69.33332360000001;	1.3333333333333335;	8359936.0;	44738.13333333333;	0.0;	0.7333333333333333;	0.0;	0.0
1377187642;	2;	5199.99927;	71.06665668999999;	1.3666666666666665;	8359936.0;	22369.066666666666;	0.0;	0.4;	0.0;	0.0
1377187942;	2;	5199.99927;	67.59999051000001;	1.3;	8359936.0;	16776.8;	0.0;	0.06666666666666667;	0.0;	0.0
1377188242;	2;	5199.99927;	71.06665668999999;	1.3666666666666665;	8359936.0;	16776.8;	0.0;	0.0;	0.0;	0.0
1377188542;	2;	5199.99927;	69.33332360000001;	1.3333333333333335;	8359936.0;	0.0;	0.0;	0.06666666666666667;	0.0;	0.0
1377188842;	2;	5199.99927;	65.86665742;	1.2666666666666666;	8359936.0;	100662.4;	0.0;	0.06666666666666667;	0.0;	0.0
1377189142;	2;	5199.99927;	67.59999051000001;	1.3;	8359936.0;	145401.33333333334;	0.0;	0.06666666666666667;	0.0;	0.0
1377189442;	2;	5199.99927;	93.59998686;	1.8;	8359936.0;	262841.3333333333;	0.0;	5.533333333333333;	0.06666666666666667;	0.0
1377189742;	2;	5199.99927;	79.73332214000001;	1.5333333333333334;	8359936.0;	212509.6;	0.0;	0.06666666666666667;	0.0;	0.0
1377190042;	2;	5199.99927;	77.99998905000001;	1.5;	8359936.0;	39145.86666666667;	0.0;	0.0;	0.0;	0.0
1377190342;	2;	5199.99927;	77.99998905000001;	1.5;	8359936.0;	33553.6;	0.0;	0.13333333333333333;	0.0;	0.0
1377190643;	2;	5199.99927;	77.99998905000001;	1.5;	8359936.0;	167771.2;	0.0;	0.06666666666666667;	0.0;	0.0
1377190943;	2;	5199.99927;	72.79998977999999;	1.4;	8359936.0;	22369.066666666666;	0.0;	0.8;	0.0;	0.0
1377191243;	2;	5199.99927;	72.79998977999999;	1.4;	8359936.0;	111846.93333333333;	0.0;	0.8;	0.0;	0.0
1377191543;	2;	5199.99927;	77.99998905000001;	1.5;	8359936.0;	67108.0;	0.0;	0.13333333333333333;	0.0;	0.0
1377191843;	2;	5199.99927;	77.99998905000001;	1.5;	8359936.0;	16776.8;	0.0;	0.06666666666666667;	0.0;	0.0
1377192143;	2;	5199.99927;	77.99998905000001;	1.5;	8359936.0;	72700.26666666666;	0.0;	0.13333333333333333;	0.0;	0.0
1377192443;	2;	5199.99927;	71.06665668999999;	1.3666666666666665;	8359936.0;	111846.13333333333;	0.0;	0.06666666666666667;	0.0;	0.0
1377192743;	2;	5199.99927;	74.53332287;	1.4333333333333333;	8359936.0;	117439.46666666666;	0.0;	0.13333333333333333;	0.0;	0.0
1377193043;	2;	5199.99927;	88.39998759;	1.7;	8359936.0;	123031.73333333334;	0.0;	5.6;	0.06666666666666667;	0.0
1377193343;	2;	5199.99927;	67.59999051000001;	1.3;	8359936.0;	190140.8;	0.0;	0.13333333333333333;	0.0;	0.0
1377193643;	2;	5199.99927;	67.59999051000001;	1.3;	8359936.0;	89478.4;	0.0;	0.06666666666666667;	0.0;	0.0
1377193943;	2;	5199.99927;	71.06665668999999;	1.3666666666666665;	8359936.0;	95070.4;	0.0;	0.13333333333333333;	0.0;	0.0
1377194243;	2;	5199.99927;	77.99998905000001;	1.5;	8359936.0;	184548.26666666666;	0.0;	0.06666666666666667;	0.0;	0.0
1377194543;	2;	5199.99927;	76.26665596;	1.4666666666666666;	8359936.0;	139808.26666666666;	0.0;	0.8;	0.06666666666666667;	0.0
1377194843;	2;	5199.99927;	74.53332287;	1.4333333333333333;	8359936.0;	100661.6;	0.0;	0.4;	0.0;	0.0
1377195143;	2;	5199.99927;	71.06665668999999;	1.3666666666666665;	8359936.0;	100662.4;	0.0;	0.06666666666666667;	0.0;	0.0
1377195443;	2;	5199.99927;	72.79998977999999;	1.4;	8359936.0;	83884.0;	0.0;	0.0;	0.0;	0.0
1377195743;	2;	5199.99927;	71.06665668999999;	1.3666666666666665;	8359936.0;	0.0;	0.0;	0.06666666666666667;	0.0;	0.0
1377196043;	2;	5199.99927;	76.26665596;	1.4666666666666666;	8359936.0;	55923.46666666667;	0.0;	0.06666666666666667;	0.0;	0.0
1377196343;	2;	5199.99927;	71.06665668999999;	1.3666666666666665;	8359936.0;	50330.4;	0.0;	0.06666666666666667;	0.0;	0.0
1377196643;	2;	5199.99927;	90.13332068000001;	1.7333333333333334;	8359936.0;	167771.2;	0.0;	5.533333333333333;	0.06666666666666667;	0.0
1377196943;	2;	5199.99927;	72.79998977999999;	1.4;	8359936.0;	201324.8;	0.0;	0.06666666666666667;	0.0;	0.0
1377197243;	2;	5199.99927;	76.26665596;	1.4666666666666666;	8359936.0;	95069.33333333333;	0.0;	0.0;	0.0;	0.0
1377197543;	2;	5199.99927;	71.06665668999999;	1.3666666666666665;	8359936.0;	67108.0;	0.0;	0.06666666666666667;	0.0;	0.0
1377197843;	2;	5199.99927;	71.06665668999999;	1.3666666666666665;	8359936.0;	95069.86666666667;	0.0;	0.0;	0.0;	0.0
1377198143;	2;	5199.99927;	76.26665596;	1.4666666666666666;	8359936.0;	89477.06666666667;	0.0;	0.7333333333333333;	0.0;	0.0
1377198443;	2;	5199.99927;	69.33332360000001;	1.3333333333333335;	8359936.0;	55922.666666666664;	0.0;	0.2;	0.0;	0.0
1377198743;	2;	5199.99927;	72.79998977999999;	1.4;	8359936.0;	134216.53333333333;	0.0;	0.06666666666666667;	0.0;	0.0
1377199043;	2;	5199.99927;	71.06665668999999;	1.3666666666666665;	8359936.0;	78292.53333333334;	0.0;	0.0;	0.0;	0.0
1377199343;	2;	5199.99927;	74.53332287;	1.4333333333333333;	8359936.0;	89477.06666666667;	0.0;	0.13333333333333333;	0.0;	0.0
1377199643;	2;	5199.99927;	74.53332287;	1.4333333333333333;	8359936.0;	89477.86666666667;	0.0;	0.06666666666666667;	0.0;	0.0
1377199943;	2;	5199.99927;	74.53332287;	1.4333333333333333;	8359936.0;	33553.6;	0.0;	0.13333333333333333;	0.0;	0.0
1377200243;	2;	5199.99927;	88.39998759;	1.7;	8359936.0;	190141.06666666668;	0.0;	5.533333333333333;	0.06666666666666667;	0.0
1377200543;	2;	5199.99927;	71.06665668999999;	1.3666666666666665;	8359936.0;	223694.93333333332;	0.0;	0.13333333333333333;	0.0;	0.0
1377200843;	2;	5199.99927;	72.79998977999999;	1.4;	8359936.0;	61515.46666666667;	0.0;	0.0;	0.0;	0.0
1377201143;	2;	5199.99927;	72.79998977999999;	1.4;	8359936.0;	89477.33333333333;	0.0;	0.13333333333333333;	0.0;	0.0
1377201443;	2;	5199.99927;	72.79998977999999;	1.4;	8359936.0;	50330.4;	0.0;	0.0;	0.0;	0.0
1377201743;	2;	5199.99927;	74.53332287;	1.4333333333333333;	8359936.0;	50330.4;	0.0;	0.7333333333333333;	0.0;	0.0
1377202043;	2;	5199.99927;	72.79998977999999;	1.4;	8359936.0;	33553.6;	0.0;	0.8;	0.0;	0.0
1377202343;	2;	5199.99927;	77.99998905000001;	1.5;	8359936.0;	111846.66666666667;	0.0;	6.666666666666667;	2.933333333333333;	0.0
1377202643;	2;	5199.99927;	79.73332214000001;	1.5333333333333334;	8359936.0;	78292.8;	0.0;	10.133333333333333;	4.333333333333333;	0.0
1377202943;	2;	5199.99927;	83.19998832000002;	1.6;	8359936.0;	55923.73333333333;	0.0;	9.933333333333334;	4.4;	0.0
1377203243;	2;	5199.99927;	79.73332214000001;	1.5333333333333334;	8359936.0;	72700.26666666666;	0.0;	10.0;	4.333333333333333;	0.0
1377203543;	2;	5199.99927;	86.6666545;	1.6666666666666665;	8359936.0;	95069.33333333333;	0.0;	10.0;	4.333333333333333;	0.0
1377203844;	2;	5199.99927;	102.26665231000001;	1.9666666666666666;	8359936.0;	123031.73333333334;	0.0;	15.533333333333333;	4.6;	0.0
1377204144;	2;	5199.99927;	86.6666545;	1.6666666666666665;	8359936.0;	167772.0;	0.0;	9.933333333333334;	4.533333333333333;	0.0
1377204444;	2;	5199.99927;	79.73332214000001;	1.5333333333333334;	8359936.0;	83884.26666666666;	0.0;	9.933333333333334;	4.4;	0.0
1377204744;	2;	5199.99927;	84.93332141;	1.6333333333333335;	8359936.0;	134216.0;	0.0;	9.933333333333334;	4.4;	0.0
1377205044;	2;	5199.99927;	77.99998905000001;	1.5;	8359936.0;	83884.0;	0.0;	9.933333333333334;	4.266666666666667;	0.0
1377205344;	2;	5199.99927;	90.13332068000001;	1.7333333333333334;	8359936.0;	100662.13333333333;	0.0;	10.666666666666666;	4.4;	0.0
1377205644;	2;	5199.99927;	81.46665523;	1.5666666666666667;	8359936.0;	201325.6;	0.0;	10.333333333333334;	4.466666666666667;	0.0
1377205944;	2;	5199.99927;	84.93332141;	1.6333333333333335;	8359936.0;	156586.13333333333;	0.0;	9.933333333333334;	4.533333333333333;	0.0
1377206844;	2;	5199.99927;	81.46665523;	1.5666666666666667;	8359936.0;	89476.53333333334;	0.0;	10.133333333333333;	4.4;	0.0
1377207144;	2;	5199.99927;	83.19998832000002;	1.6;	8359936.0;	67108.0;	0.0;	10.0;	4.333333333333333;	0.0
1377207444;	2;	5199.99927;	110.93331776000001;	2.1333333333333333;	8359936.0;	190140.8;	0.0;	17.266666666666666;	5.0;	0.0
1377208044;	2;	5199.99927;	91.86665377;	1.7666666666666666;	8359936.0;	150994.4;	0.0;	12.066666666666666;	4.933333333333334;	0.0
1377208344;	2;	5199.99927;	93.59998686;	1.8;	8359936.0;	201325.86666666667;	0.0;	12.266666666666667;	4.733333333333333;	0.0
1377208644;	2;	5199.99927;	93.59998686;	1.8;	8359936.0;	195732.8;	0.0;	12.8;	4.8;	0.0
1377208944;	2;	5199.99927;	95.33331995;	1.8333333333333335;	8359936.0;	156585.33333333334;	0.0;	12.733333333333333;	4.866666666666666;	0.06666666666666667
1377209245;	2;	5199.99927;	91.86665377;	1.7666666666666666;	8359936.0;	240471.73333333334;	0.0;	12.266666666666667;	4.8;	0.0
1377209845;	2;	5199.99927;	91.86665377;	1.7666666666666666;	8359936.0;	134215.73333333334;	0.0;	12.066666666666666;	4.733333333333333;	0.0
1377210145;	2;	5199.99927;	90.13332068000001;	1.7333333333333334;	8359936.0;	27961.333333333332;	0.0;	12.133333333333333;	4.933333333333334;	0.0
1377210445;	2;	5199.99927;	93.59998686;	1.8;	8359936.0;	106254.66666666667;	0.0;	12.066666666666666;	4.8;	0.0
1377210745;	2;	5199.99927;	91.86665377;	1.7666666666666666;	8359936.0;	195732.26666666666;	0.0;	12.333333333333334;	4.866666666666666;	0.0
1377211045;	2;	5199.99927;	112.66665085000001;	2.1666666666666665;	8359936.0;	201325.06666666668;	0.0;	20.933333333333334;	5.2;	0.6666666666666666
1377211345;	2;	5199.99927;	143.86664647000003;	2.766666666666667;	8359936.0;	542461.6;	0.0;	40.266666666666666;	5.333333333333333;	0.8666666666666667
1377211645;	2;	5199.99927;	93.59998686;	1.8;	8359936.0;	184548.26666666666;	0.0;	13.266666666666667;	5.0;	0.0
1377211945;	2;	5199.99927;	88.39998759;	1.7;	8359936.0;	117440.0;	0.0;	12.066666666666666;	4.866666666666666;	0.0
1377212245;	2;	5199.99927;	90.13332068000001;	1.7333333333333334;	8359936.0;	89476.8;	0.0;	12.2;	4.933333333333334;	0.0
1377212545;	2;	5199.99927;	97.06665304;	1.8666666666666665;	8359936.0;	78293.06666666667;	0.0;	12.666666666666666;	5.0;	0.06666666666666667
1377212845;	2;	5199.99927;	93.59998686;	1.8;	8359936.0;	167772.0;	0.0;	12.666666666666666;	5.066666666666666;	0.0
1377213145;	2;	5199.99927;	91.86665377;	1.7666666666666666;	8359936.0;	61515.46666666667;	0.0;	11.8;	4.866666666666666;	0.0
1377213445;	2;	5199.99927;	90.13332068000001;	1.7333333333333334;	8359936.0;	139809.33333333334;	0.0;	12.071428571428571;	4.866666666666666;	0.0
1377213745;	2;	5199.99927;	107.46665158;	2.0666666666666664;	8359936.0;	83885.6;	0.0;	12.307692307692308;	4.933333333333334;	0.0
1377214045;	2;	5199.99927;	90.13332068000001;	1.7333333333333334;	8359936.0;	89477.06666666667;	0.0;	12.133333333333333;	4.8;	0.0
1377214345;	2;	5199.99927;	93.59998686;	1.8;	8359936.0;	117439.2;	0.0;	12.133333333333333;	4.8;	0.0
1377214645;	2;	5199.99927;	107.46665158;	2.0666666666666664;	8359936.0;	184548.0;	0.0;	17.133333333333333;	4.866666666666666;	0.0
1377214945;	2;	5199.99927;	91.86665377;	1.7666666666666666;	8359936.0;	117439.2;	0.0;	12.133333333333333;	4.866666666666666;	0.0
1377215245;	2;	5199.99927;	93.59998686;	1.8;	8359936.0;	83884.0;	0.0;	11.933333333333334;	4.8;	0.0
1377215545;	2;	5199.99927;	97.06665304;	1.8666666666666665;	8359936.0;	83884.0;	0.0;	12.2;	4.866666666666666;	0.0
1377215845;	2;	5199.99927;	93.59998686;	1.8;	8359936.0;	72700.0;	0.0;	12.066666666666666;	4.733333333333333;	0.0
1377216145;	2;	5199.99927;	95.33331995;	1.8333333333333335;	8359936.0;	117439.2;	0.0;	12.8;	4.866666666666666;	0.06666666666666667
1377216445;	2;	5199.99927;	98.79998613;	1.9;	8359936.0;	106254.4;	0.0;	15.933333333333334;	5.133333333333334;	0.6666666666666666
1377216745;	2;	5199.99927;	109.19998467;	2.1;	8359936.0;	385875.2;	0.0;	16.666666666666668;	4.866666666666666;	0.0
1377217045;	2;	5199.99927;	88.39998759;	1.7;	8359936.0;	78292.26666666666;	0.0;	12.133333333333333;	4.933333333333334;	0.0
1377217345;	2;	5199.99927;	97.06665304;	1.8666666666666665;	8359936.0;	201325.6;	0.0;	12.0;	4.733333333333333;	0.0
1377217645;	2;	5199.99927;	91.86665377;	1.7666666666666666;	8359936.0;	111846.4;	0.0;	12.0;	5.0;	0.0
1377217945;	2;	5199.99927;	98.79998613;	1.9;	8359936.0;	72699.46666666666;	0.0;	12.133333333333333;	4.8;	0.0
1377218245;	2;	5199.99927;	117.86665011999999;	2.2666666666666666;	8359936.0;	190139.73333333334;	0.0;	76.4;	19.733333333333334;	0.2
1377218545;	2;	5199.99927;	93.59998686;	1.8;	8359936.0;	223694.66666666666;	0.0;	11.6;	4.8;	0.0
1377218845;	2;	5199.99927;	91.86665377;	1.7666666666666666;	8359936.0;	123031.73333333334;	0.0;	12.066666666666666;	5.066666666666666;	0.0
1377219145;	2;	5199.99927;	90.13332068000001;	1.7333333333333334;	8359936.0;	145401.86666666667;	0.0;	11.866666666666667;	4.866666666666666;	0.0
1377219445;	2;	5199.99927;	91.86665377;	1.7666666666666666;	8359936.0;	145402.4;	0.0;	11.866666666666667;	4.8;	0.0
1377219745;	2;	5199.99927;	97.06665304;	1.8666666666666665;	8359936.0;	78293.33333333333;	0.0;	12.466666666666667;	4.933333333333334;	0.06666666666666667
1377220045;	2;	5199.99927;	97.06665304;	1.8666666666666665;	8359936.0;	167771.2;	0.0;	12.266666666666667;	4.8;	0.0
1377220345;	2;	5199.99927;	93.59998686;	1.8;	8359936.0;	83884.8;	0.0;	12.0;	4.666666666666667;	0.0
1377220646;	2;	5199.99927;	90.13332068000001;	1.7333333333333334;	8359936.0;	128623.46666666666;	0.0;	12.133333333333333;	4.8;	0.0
1377220946;	2;	5199.99927;	95.33331995;	1.8333333333333335;	8359936.0;	173362.93333333332;	0.0;	11.866666666666667;	4.866666666666666;	0.0
1377221246;	2;	5199.99927;	97.06665304;	1.8666666666666665;	8359936.0;	117438.4;	0.0;	12.133333333333333;	4.8;	0.0
1377221546;	2;	5199.99927;	93.59998686;	1.8;	8359936.0;	139809.33333333334;	0.0;	11.933333333333334;	4.8;	0.0
1377221846;	2;	5199.99927;	107.46665158;	2.0666666666666664;	8359936.0;	206918.66666666666;	0.0;	17.933333333333334;	4.866666666666666;	0.0
1377222146;	2;	5199.99927;	97.06665304;	1.8666666666666665;	8359936.0;	218102.13333333333;	0.0;	12.0;	4.866666666666666;	0.0
1377222446;	2;	5199.99927;	95.33331995;	1.8333333333333335;	8359936.0;	44738.13333333333;	0.0;	11.933333333333334;	4.8;	0.0
1377222746;	2;	5199.99927;	97.06665304;	1.8666666666666665;	8359936.0;	128624.26666666666;	0.0;	11.933333333333334;	4.733333333333333;	0.0
1377223046;	2;	5199.99927;	97.06665304;	1.8666666666666665;	8359936.0;	156586.93333333332;	0.0;	11.933333333333334;	4.666666666666667;	0.0
1377223346;	2;	5199.99927;	272.13329513;	5.233333333333333;	8359936.0;	117439.2;	0.0;	14.466666666666667;	6.4;	0.8666666666666667
1377223646;	2;	5199.99927;	103.9999854;	2.0;	8359936.0;	173362.93333333332;	0.0;	13.933333333333334;	4.866666666666666;	0.06666666666666667
1377223946;	2;	5199.99927;	100.53331922000001;	1.9333333333333333;	8359936.0;	117438.66666666667;	0.0;	12.0;	4.8;	0.0
1377224246;	2;	5199.99927;	97.06665304;	1.8666666666666665;	8359936.0;	61515.73333333333;	0.0;	11.733333333333333;	4.666666666666667;	0.0
1377224546;	2;	5199.99927;	136.93331411;	2.6333333333333333;	8359936.0;	195733.06666666668;	0.0;	31.666666666666668;	11.733333333333333;	0.2
1377224846;	2;	5199.99927;	91.86665377;	1.7666666666666666;	8359936.0;	374690.13333333336;	0.0;	11.933333333333334;	4.666666666666667;	0.0
1377225146;	2;	5199.99927;	88.39998759;	1.7;	8359936.0;	150994.4;	0.0;	10.333333333333334;	4.066666666666666;	0.0
1377225446;	2;	5199.99927;	93.59998686;	1.8;	8359936.0;	178955.46666666667;	0.0;	5.4;	0.06666666666666667;	0.0
1377225746;	2;	5199.99927;	77.99998905000001;	1.5;	8359936.0;	117439.2;	0.0;	0.06666666666666667;	0.0;	0.0
1377226046;	2;	5199.99927;	77.99998905000001;	1.5;	8359936.0;	11184.533333333333;	0.0;	0.0;	0.0;	0.0
1377226346;	2;	5199.99927;	77.99998905000001;	1.5;	8359936.0;	0.0;	0.0;	0.06666666666666667;	0.0;	0.0
1377226646;	2;	5199.99927;	77.99998905000001;	1.5;	8359936.0;	16776.8;	0.0;	0.0;	0.0;	0.0
1377226946;	2;	5199.99927;	77.99998905000001;	1.5;	8359936.0;	27961.333333333332;	0.0;	0.8;	0.0;	0.0
1377227246;	2;	5199.99927;	69.33332360000001;	1.3333333333333335;	8359936.0;	100661.6;	0.0;	0.4;	0.0;	0.0
1377227546;	2;	5199.99927;	67.59999051000001;	1.3;	8359936.0;	83884.8;	0.0;	0.06666666666666667;	0.0;	0.0
1377227846;	2;	5199.99927;	64.13332433000001;	1.2333333333333334;	8359936.0;	33554.4;	0.0;	0.0;	0.0;	0.0
1377228146;	2;	5199.99927;	69.33332360000001;	1.3333333333333335;	8359936.0;	22369.066666666666;	0.0;	0.06666666666666667;	0.0;	0.0
1377228446;	2;	5199.99927;	72.79998977999999;	1.4;	8359936.0;	27961.333333333332;	0.0;	0.0;	0.0;	0.0
1377228746;	2;	5199.99927;	65.86665742;	1.2666666666666666;	8359936.0;	61516.0;	0.0;	0.06666666666666667;	0.0;	0.0
1377229046;	2;	5199.99927;	88.39998759;	1.7;	8359936.0;	128624.8;	0.0;	5.533333333333333;	0.06666666666666667;	0.0
1377229346;	2;	5199.99927;	67.59999051000001;	1.3;	8359936.0;	156586.13333333333;	0.0;	0.06666666666666667;	0.0;	0.0
1377229646;	2;	5199.99927;	65.86665742;	1.2666666666666666;	8359936.0;	100662.4;	0.0;	0.0;	0.0;	0.0
1377229946;	2;	5199.99927;	67.59999051000001;	1.3;	8359936.0;	67108.0;	0.0;	0.06666666666666667;	0.0;	0.0
1377230246;	2;	5199.99927;	72.79998977999999;	1.4;	8359936.0;	16776.8;	0.0;	0.0;	0.0;	0.0
1377230546;	2;	5199.99927;	67.59999051000001;	1.3;	8359936.0;	39146.666666666664;	0.0;	0.8;	0.13333333333333333;	0.0
1377230846;	2;	5199.99927;	72.79998977999999;	1.4;	8359936.0;	167772.0;	0.0;	0.4666666666666667;	0.0;	0.0
1377231146;	2;	5199.99927;	69.33332360000001;	1.3333333333333335;	8359936.0;	0.0;	0.0;	0.06666666666666667;	0.0;	0.0
1377231446;	2;	5199.99927;	65.86665742;	1.2666666666666666;	8359936.0;	50331.2;	0.0;	0.06666666666666667;	0.0;	0.0
1377231746;	2;	5199.99927;	67.59999051000001;	1.3;	8359936.0;	33553.6;	0.0;	0.06666666666666667;	0.0;	0.0
1377232046;	2;	5199.99927;	72.79998977999999;	1.4;	8359936.0;	33553.6;	0.0;	0.06666666666666667;	0.0;	0.0
1377232346;	2;	5199.99927;	77.99998905000001;	1.5;	8359936.0;	27961.333333333332;	0.0;	0.06666666666666667;	0.0;	0.0
1377232646;	2;	5199.99927;	93.59998686;	1.8;	8359936.0;	150993.6;	0.0;	5.533333333333333;	0.06666666666666667;	0.0
1377232946;	2;	5199.99927;	77.99998905000001;	1.5;	8359936.0;	156586.93333333332;	0.0;	0.06666666666666667;	0.0;	0.0
1377233246;	2;	5199.99927;	77.99998905000001;	1.5;	8359936.0;	83884.8;	0.0;	0.06666666666666667;	0.0;	0.0
1377233547;	2;	5199.99927;	77.99998905000001;	1.5;	8359936.0;	0.0;	0.0;	0.06666666666666667;	0.0;	0.0
1377233847;	2;	5199.99927;	77.99998905000001;	1.5;	8359936.0;	0.0;	0.0;	0.06666666666666667;	0.0;	0.0
1377234147;	2;	5199.99927;	77.99998905000001;	1.5;	8359936.0;	33553.6;	0.0;	0.8;	0.0;	0.0
1377234447;	2;	5199.99927;	77.99998905000001;	1.5;	8359936.0;	67108.0;	0.0;	0.9333333333333333;	0.0;	0.0
1377234747;	2;	5199.99927;	79.73332214000001;	1.5333333333333334;	8359936.0;	123031.73333333334;	0.0;	0.06666666666666667;	0.0;	0.0
1377235047;	2;	5199.99927;	77.99998905000001;	1.5;	8359936.0;	167771.2;	0.0;	0.06666666666666667;	0.0;	0.0
1377235347;	2;	5199.99927;	77.99998905000001;	1.5;	8359936.0;	44739.2;	0.0;	0.06666666666666667;	0.0;	0.0
1377235647;	2;	5199.99927;	81.46665523;	1.5666666666666667;	8359936.0;	72700.26666666666;	0.0;	0.06666666666666667;	0.0;	0.0
1377235947;	2;	5199.99927;	77.99998905000001;	1.5;	8359936.0;	72699.46666666666;	0.0;	0.06666666666666667;	0.0;	0.0
1377236247;	2;	5199.99927;	98.79998613;	1.9;	8359936.0;	123031.2;	0.0;	5.466666666666667;	0.06666666666666667;	0.0
1377236547;	2;	5199.99927;	77.99998905000001;	1.5;	8359936.0;	150994.4;	0.0;	0.13333333333333333;	0.0;	0.0
1377236847;	2;	5199.99927;	76.26665596;	1.4666666666666666;	8359936.0;	100662.13333333333;	0.0;	0.0;	0.0;	0.0
1377237147;	2;	5199.99927;	72.79998977999999;	1.4;	8359936.0;	100662.13333333333;	0.0;	0.13333333333333333;	0.0;	0.0
1377237447;	2;	5199.99927;	77.99998905000001;	1.5;	8359936.0;	89478.4;	0.0;	0.0;	0.0;	0.0
1377237747;	2;	5199.99927;	79.73332214000001;	1.5333333333333334;	8359936.0;	67108.8;	0.0;	0.8666666666666667;	0.13333333333333333;	0.0
1377238047;	2;	5199.99927;	77.99998905000001;	1.5;	8359936.0;	22369.066666666666;	0.0;	0.4666666666666667;	0.0;	0.0
1377238347;	2;	5199.99927;	77.99998905000001;	1.5;	8359936.0;	61514.933333333334;	0.0;	0.06666666666666667;	0.0;	0.0
1377238647;	2;	5199.99927;	77.99998905000001;	1.5;	8359936.0;	61515.46666666667;	0.0;	0.0;	0.0;	0.0
1377238947;	2;	5199.99927;	77.99998905000001;	1.5;	8359936.0;	55922.933333333334;	0.0;	0.06666666666666667;	0.0;	0.0
1377239247;	2;	5199.99927;	77.99998905000001;	1.5;	8359936.0;	55923.46666666667;	0.0;	0.0;	0.0;	0.0
1377239547;	2;	5199.99927;	69.33332360000001;	1.3333333333333335;	8359936.0;	33553.6;	0.0;	0.06666666666666667;	0.0;	0.0
1377239847;	2;	5199.99927;	88.39998759;	1.7;	8359936.0;	162178.4;	0.0;	5.6;	0.06666666666666667;	0.0
1377240147;	2;	5199.99927;	64.13332433000001;	1.2333333333333334;	8359936.0;	229287.2;	0.0;	0.06666666666666667;	0.0;	0.0
1377240447;	2;	5199.99927;	67.59999051000001;	1.3;	8359936.0;	16776.8;	0.0;	0.0;	0.0;	0.0
1377240747;	2;	5199.99927;	69.33332360000001;	1.3333333333333335;	8359936.0;	61514.933333333334;	0.0;	0.06666666666666667;	0.0;	0.0
1377241047;	2;	5199.99927;	67.59999051000001;	1.3;	8359936.0;	50330.4;	0.0;	0.06666666666666667;	0.0;	0.0
1377241347;	2;	5199.99927;	79.73332214000001;	1.5333333333333334;	8359936.0;	72700.53333333334;	0.0;	0.8666666666666667;	0.06666666666666667;	0.0
1377241647;	2;	5199.99927;	71.06665668999999;	1.3666666666666665;	8359936.0;	139808.0;	0.0;	0.2;	0.0;	0.0
1377241947;	2;	5199.99927;	83.19998832000002;	1.6;	8359936.0;	167771.2;	0.0;	6.866666666666666;	2.8666666666666667;	0.0
1377242247;	2;	5199.99927;	88.39998759;	1.7;	8359936.0;	134216.53333333333;	0.0;	12.0;	4.8;	0.0
1377242547;	2;	5199.99927;	98.79998613;	1.9;	8359936.0;	55923.46666666667;	0.0;	11.933333333333334;	4.866666666666666;	0.0
1377242848;	2;	5199.99927;	97.06665304;	1.8666666666666665;	8359936.0;	173363.2;	0.0;	11.933333333333334;	4.866666666666666;	0.0
1377243148;	2;	5199.99927;	98.79998613;	1.9;	8359936.0;	22369.066666666666;	0.0;	12.066666666666666;	4.866666666666666;	0.0
1377243448;	2;	5199.99927;	112.66665085000001;	2.1666666666666665;	8359936.0;	117439.2;	0.0;	17.266666666666666;	5.066666666666666;	0.0
1377243748;	2;	5199.99927;	100.53331922000001;	1.9333333333333333;	8359936.0;	134216.0;	0.0;	12.2;	4.8;	0.0
1377244048;	2;	5199.99927;	95.33331995;	1.8333333333333335;	8359936.0;	134216.26666666666;	0.0;	11.533333333333333;	4.933333333333334;	0.0
1377244347;	2;	5199.99927;	97.06665304;	1.8666666666666665;	8359936.0;	39145.86666666667;	0.0;	12.066666666666666;	4.8;	0.0
1377244647;	2;	5199.99927;	91.86665377;	1.7666666666666666;	8359936.0;	78291.73333333334;	0.0;	11.533333333333333;	4.8;	0.0
1377244947;	2;	5199.99927;	100.53331922000001;	1.9333333333333333;	8359936.0;	100661.6;	0.0;	12.6;	5.133333333333334;	0.06666666666666667
1377245247;	2;	5199.99927;	95.33331995;	1.8333333333333335;	8359936.0;	83884.8;	0.0;	12.666666666666666;	5.0;	0.0
1377245547;	2;	5199.99927;	97.06665304;	1.8666666666666665;	8359936.0;	117439.2;	0.0;	11.4;	4.6;	0.0
1377245847;	2;	5199.99927;	83.19998832000002;	1.6;	8359936.0;	156585.33333333334;	0.0;	9.8;	4.466666666666667;	0.0
1377246147;	2;	5199.99927;	88.39998759;	1.7;	8359936.0;	123032.8;	0.0;	9.933333333333334;	4.466666666666667;	0.0
1377246447;	2;	5199.99927;	86.6666545;	1.6666666666666665;	8359936.0;	83885.33333333333;	0.0;	9.8;	4.4;	0.0
1377246748;	2;	5199.99927;	81.46665523;	1.5666666666666667;	8359936.0;	234879.46666666667;	0.0;	10.066666666666666;	4.4;	0.0
1377247048;	2;	5199.99927;	109.19998467;	2.1;	8359936.0;	357912.26666666666;	0.0;	15.266666666666667;	4.533333333333333;	0.0
1377247348;	2;	5199.99927;	88.39998759;	1.7;	8359936.0;	268433.6;	0.0;	9.933333333333334;	4.333333333333333;	0.0
1377247648;	2;	5199.99927;	93.59998686;	1.8;	8359936.0;	83884.0;	0.0;	10.0;	4.4;	0.0
1377247948;	2;	5199.99927;	86.6666545;	1.6666666666666665;	8359936.0;	106254.13333333333;	0.0;	9.0;	4.133333333333334;	0.0
1377248248;	2;	5199.99927;	84.93332141;	1.6333333333333335;	8359936.0;	150992.8;	0.0;	9.666666666666666;	4.266666666666667;	0.0
1377248548;	2;	5199.99927;	95.33331995;	1.8333333333333335;	8359936.0;	134217.6;	0.0;	10.6;	4.4;	0.06666666666666667
1377248848;	2;	5199.99927;	90.13332068000001;	1.7333333333333334;	8359936.0;	100661.6;	0.0;	10.133333333333333;	4.2;	0.0
1377249148;	2;	5199.99927;	83.19998832000002;	1.6;	8359936.0;	100663.2;	0.0;	9.6;	4.266666666666667;	0.0
1377249448;	2;	5199.99927;	86.6666545;	1.6666666666666665;	8359936.0;	156586.93333333332;	0.0;	9.6;	4.266666666666667;	0.0
1377249748;	2;	5199.99927;	81.46665523;	1.5666666666666667;	8359936.0;	173362.93333333332;	0.0;	9.8;	4.2;	0.0
1377250048;	2;	5199.99927;	84.93332141;	1.6333333333333335;	8359936.0;	117439.2;	0.0;	9.8;	4.266666666666667;	0.0
1377250348;	2;	5199.99927;	86.6666545;	1.6666666666666665;	8359936.0;	33553.6;	0.0;	9.8;	4.266666666666667;	0.0
1377250648;	2;	5199.99927;	98.79998613;	1.9;	8359936.0;	150992.8;	0.0;	15.0;	4.333333333333333;	0.0
1377250948;	2;	5199.99927;	88.39998759;	1.7;	8359936.0;	134216.0;	0.0;	9.733333333333333;	4.266666666666667;	0.0
1377251248;	2;	5199.99927;	77.99998905000001;	1.5;	8359936.0;	50331.2;	0.0;	9.533333333333333;	4.333333333333333;	0.0
1377251548;	2;	5199.99927;	86.6666545;	1.6666666666666665;	8359936.0;	0.0;	0.0;	9.6;	4.2;	0.0
1377251848;	2;	5199.99927;	81.46665523;	1.5666666666666667;	8359936.0;	123032.0;	0.0;	9.733333333333333;	4.266666666666667;	0.0
1377252148;	2;	5199.99927;	84.93332141;	1.6333333333333335;	8359936.0;	117438.4;	0.0;	10.4;	4.4;	0.06666666666666667
1377252448;	2;	5199.99927;	81.46665523;	1.5666666666666667;	8359936.0;	117438.4;	0.0;	9.8;	4.333333333333333;	0.0
1377252748;	2;	5199.99927;	90.13332068000001;	1.7333333333333334;	8359936.0;	150994.4;	0.0;	9.666666666666666;	4.2;	0.0
1377253048;	2;	5199.99927;	81.46665523;	1.5666666666666667;	8359936.0;	39146.4;	0.0;	9.666666666666666;	4.266666666666667;	0.0
1377253348;	2;	5199.99927;	88.39998759;	1.7;	8359936.0;	139809.06666666668;	0.0;	9.533333333333333;	4.2;	0.0
1377253648;	2;	5199.99927;	88.39998759;	1.7;	8359936.0;	123031.73333333334;	0.0;	9.8;	4.266666666666667;	0.0
1377253948;	2;	5199.99927;	88.39998759;	1.7;	8359936.0;	61516.26666666667;	0.0;	9.666666666666666;	4.266666666666667;	0.0
1377254248;	2;	5199.99927;	100.53331922000001;	1.9333333333333333;	8359936.0;	178955.2;	0.0;	15.0;	4.333333333333333;	0.0
1377254548;	2;	5199.99927;	86.6666545;	1.6666666666666665;	8359936.0;	150993.33333333334;	0.0;	9.666666666666666;	4.2;	0.0
1377254848;	2;	5199.99927;	81.46665523;	1.5666666666666667;	8359936.0;	100661.6;	0.0;	9.466666666666667;	4.266666666666667;	0.0
1377255148;	2;	5199.99927;	88.39998759;	1.7;	8359936.0;	67107.2;	0.0;	9.4;	4.333333333333333;	0.0
1377255448;	2;	5199.99863;	147.33329451666665;	2.833333333333333;	8359936.0;	83884.0;	0.0;	8.4;	3.6;	0.0
1377255748;	2;	5199.99863;	107.46663835333332;	2.0666666666666664;	8359936.0;	83884.53333333334;	0.0;	10.333333333333334;	4.333333333333333;	0.06666666666666667
1377256048;	2;	5199.99863;	91.86664246333333;	1.7666666666666666;	8359936.0;	218102.4;	0.0;	10.6;	4.333333333333333;	0.0
1377256348;	2;	5199.99863;	93.59997534;	1.8;	8359936.0;	67107.2;	0.0;	9.733333333333333;	4.2;	0.0
1377256648;	2;	5199.99863;	83.19997808;	1.6;	8359936.0;	100661.6;	0.0;	9.4;	4.2;	0.0
1377256948;	2;	5199.99863;	84.93331095666669;	1.6333333333333335;	8359936.0;	195732.8;	0.0;	9.666666666666666;	4.2;	0.0
1377257249;	2;	5199.99863;	86.66664383333332;	1.6666666666666665;	8359936.0;	184548.0;	0.0;	9.733333333333333;	4.2;	0.0
1377257549;	2;	5199.99863;	86.66664383333332;	1.6666666666666665;	8359936.0;	67107.2;	0.0;	9.733333333333333;	4.266666666666667;	0.0
1377257849;	2;	5199.99863;	105.73330547666666;	2.033333333333333;	8359936.0;	150993.6;	0.0;	15.333333333333334;	4.333333333333333;	0.0
1377258149;	2;	5199.99863;	79.73331232666668;	1.5333333333333334;	8359936.0;	111846.93333333333;	0.0;	9.866666666666667;	4.333333333333333;	0.0
1377258449;	2;	5199.99863;	84.93331095666669;	1.6333333333333335;	8359936.0;	72700.53333333334;	0.0;	9.6;	4.266666666666667;	0.0
1377258749;	2;	5199.99863;	79.73331232666668;	1.5333333333333334;	8359936.0;	134216.0;	0.0;	9.666666666666666;	4.333333333333333;	0.0
1377259049;	2;	5199.99863;	84.93331095666669;	1.6333333333333335;	8359936.0;	117440.0;	0.0;	9.533333333333333;	4.333333333333333;	0.0
1377259349;	2;	5199.99863;	84.93331095666669;	1.6333333333333335;	8359936.0;	134216.26666666666;	0.0;	10.4;	4.333333333333333;	0.0
1377259649;	2;	5199.99863;	84.93331095666669;	1.6333333333333335;	8359936.0;	134216.8;	0.0;	10.2;	4.266666666666667;	0.0
1377259949;	2;	5199.99863;	79.73331232666668;	1.5333333333333334;	8359936.0;	134216.8;	0.0;	9.666666666666666;	4.333333333333333;	0.0
1377260249;	2;	5199.99863;	84.93331095666669;	1.6333333333333335;	8359936.0;	72700.26666666666;	0.0;	9.666666666666666;	4.266666666666667;	0.0
1377260549;	2;	5199.99863;	79.73331232666668;	1.5333333333333334;	8359936.0;	162178.66666666666;	0.0;	9.8;	4.333333333333333;	0.0
1377260849;	2;	5199.99863;	84.93331095666669;	1.6333333333333335;	8359936.0;	156585.86666666667;	0.0;	9.8;	4.333333333333333;	0.0
1377261149;	2;	5199.99863;	79.73331232666668;	1.5333333333333334;	8359936.0;	106254.93333333333;	0.0;	9.866666666666667;	4.4;	0.0
1377261449;	2;	5199.99863;	105.73330547666666;	2.033333333333333;	8359936.0;	95069.86666666667;	0.0;	15.133333333333333;	4.333333333333333;	0.0
1377261749;	2;	5199.99863;	79.73331232666668;	1.5333333333333334;	8359936.0;	139808.53333333333;	0.0;	9.8;	4.266666666666667;	0.0
1377262049;	2;	5199.99863;	84.93331095666669;	1.6333333333333335;	8359936.0;	55922.666666666664;	0.0;	9.666666666666666;	4.2;	0.0
1377262349;	2;	5199.99863;	79.73331232666668;	1.5333333333333334;	8359936.0;	67107.2;	0.0;	9.666666666666666;	4.2;	0.0
1377262649;	2;	5199.99863;	83.19997808;	1.6;	8359936.0;	100661.6;	0.0;	9.666666666666666;	4.133333333333334;	0.0
1377262949;	2;	5199.99863;	98.79997397;	1.9;	8359936.0;	100661.6;	0.0;	15.333333333333334;	4.2;	0.13333333333333333
1377263249;	2;	5199.99863;	83.19997808;	1.6;	8359936.0;	173363.46666666667;	0.0;	9.933333333333334;	4.066666666666666;	0.0
1377263549;	2;	5199.99863;	77.99997945;	1.5;	8359936.0;	184548.8;	0.0;	9.533333333333333;	4.2;	0.0
1377263849;	2;	5199.99863;	84.93331095666669;	1.6333333333333335;	8359936.0;	150994.4;	0.0;	9.666666666666666;	4.2;	0.0
1377264149;	2;	5199.99863;	84.93331095666669;	1.6333333333333335;	8359936.0;	61516.0;	0.0;	9.666666666666666;	4.266666666666667;	0.0
1377264449;	2;	5199.99863;	86.66664383333332;	1.6666666666666665;	8359936.0;	67107.2;	0.0;	9.6;	4.266666666666667;	0.0
1377264749;	2;	5199.99863;	77.99997945;	1.5;	8359936.0;	83884.8;	0.0;	9.666666666666666;	4.333333333333333;	0.0
1377265049;	2;	5199.99863;	103.9999726;	2.0;	8359936.0;	184548.26666666666;	0.0;	15.066666666666666;	4.266666666666667;	0.0
1377265349;	2;	5199.99863;	77.99997945;	1.5;	8359936.0;	206918.66666666666;	0.0;	9.6;	4.133333333333334;	0.0
1377265649;	2;	5199.99863;	83.19997808;	1.6;	8359936.0;	139809.33333333334;	0.0;	9.733333333333333;	4.266666666666667;	0.0
1377265949;	2;	5199.99863;	77.99997945;	1.5;	8359936.0;	162178.93333333332;	0.0;	9.8;	4.266666666666667;	0.0
1377266249;	2;	5199.99863;	83.19997808;	1.6;	8359936.0;	117439.46666666666;	0.0;	9.4;	4.2;	0.0
1377266549;	2;	5199.99863;	83.19997808;	1.6;	8359936.0;	167771.2;	0.0;	10.333333333333334;	4.266666666666667;	0.0
1377266849;	2;	5199.99863;	88.39997670999999;	1.7;	8359936.0;	150993.33333333334;	0.0;	10.466666666666667;	4.2;	0.0
1377267149;	2;	5199.99863;	77.99997945;	1.5;	8359936.0;	184548.8;	0.0;	9.666666666666666;	4.333333333333333;	0.0
1377267449;	2;	5199.99863;	83.19997808;	1.6;	8359936.0;	67108.53333333334;	0.0;	9.6;	4.266666666666667;	0.0
1377267749;	2;	5199.99863;	77.99997945;	1.5;	8359936.0;	61515.2;	0.0;	9.666666666666666;	4.2;	0.0
1377268049;	2;	5199.99863;	83.19997808;	1.6;	8359936.0;	150993.6;	0.0;	9.6;	4.2;	0.0
1377268349;	2;	5199.99863;	77.99997945;	1.5;	8359936.0;	128624.26666666666;	0.0;	9.6;	4.2;	0.0
1377268649;	2;	5199.99863;	103.9999726;	2.0;	8359936.0;	95070.13333333333;	0.0;	14.933333333333334;	4.266666666666667;	0.0
1377268949;	2;	5199.99863;	83.19997808;	1.6;	8359936.0;	123031.73333333334;	0.0;	9.733333333333333;	4.333333333333333;	0.0
1377269249;	2;	5199.99863;	77.99997945;	1.5;	8359936.0;	178955.46666666667;	0.0;	9.6;	4.266666666666667;	0.0
1377269549;	2;	5199.99863;	83.19997808;	1.6;	8359936.0;	78292.53333333334;	0.0;	9.8;	4.266666666666667;	0.0
1377269849;	2;	5199.99863;	77.99997945;	1.5;	8359936.0;	72699.46666666666;	0.0;	9.6;	4.266666666666667;	0.0
1377270149;	2;	5199.99863;	90.13330958666667;	1.7333333333333334;	8359936.0;	150994.13333333333;	0.0;	10.333333333333334;	4.333333333333333;	0.0
1377270449;	2;	5199.99863;	90.13330958666667;	1.7333333333333334;	8359936.0;	100661.86666666667;	0.0;	10.133333333333333;	4.333333333333333;	0.0
1377270749;	2;	5199.99863;	88.39997670999999;	1.7;	8359936.0;	44738.13333333333;	0.0;	9.6;	4.333333333333333;	0.0
1377271049;	2;	5199.99863;	86.66664383333332;	1.6666666666666665;	8359936.0;	0.0;	0.0;	9.6;	4.333333333333333;	0.0
1377271349;	2;	5199.99863;	93.59997534;	1.8;	8359936.0;	67107.2;	0.0;	9.666666666666666;	4.2;	0.0
1377271649;	2;	5199.99863;	88.39997670999999;	1.7;	8359936.0;	150994.4;	0.0;	9.733333333333333;	4.266666666666667;	0.0
1377271950;	2;	5199.99863;	88.39997670999999;	1.7;	8359936.0;	134216.0;	0.0;	9.666666666666666;	4.4;	0.0
1377272250;	2;	5199.99863;	103.9999726;	2.0;	8359936.0;	223694.93333333332;	0.0;	15.2;	4.4;	0.0
1377272550;	2;	5199.99863;	86.66664383333332;	1.6666666666666665;	8359936.0;	234880.0;	0.0;	9.6;	4.266666666666667;	0.0
1377272850;	2;	5199.99863;	84.93331095666669;	1.6333333333333335;	8359936.0;	83884.0;	0.0;	9.666666666666666;	4.2;	0.0
1377273150;	2;	5199.99863;	88.39997670999999;	1.7;	8359936.0;	162178.93333333332;	0.0;	9.6;	4.2;	0.0
1377273450;	2;	5199.99863;	84.93331095666669;	1.6333333333333335;	8359936.0;	128624.26666666666;	0.0;	9.6;	4.266666666666667;	0.0
1377273750;	2;	5199.99863;	98.79997397;	1.9;	8359936.0;	100661.6;	0.0;	10.4;	4.333333333333333;	0.0
1377274050;	2;	5199.99863;	91.86664246333333;	1.7666666666666666;	8359936.0;	167771.2;	0.0;	9.8;	4.333333333333333;	0.0
1377274350;	2;	5199.99863;	83.19997808;	1.6;	8359936.0;	27961.333333333332;	0.0;	6.466666666666667;	2.8666666666666667;	0.0
1377274650;	2;	5199.99863;	79.73331232666668;	1.5333333333333334;	8359936.0;	83884.8;	0.0;	0.0;	0.0;	0.0
1377274950;	2;	5199.99863;	77.99997945;	1.5;	8359936.0;	27961.333333333332;	0.0;	0.06666666666666667;	0.0;	0.0
1377275250;	2;	5199.99863;	77.99997945;	1.5;	8359936.0;	100662.4;	0.0;	0.0;	0.0;	0.0
1377275550;	2;	5199.99863;	79.73331232666668;	1.5333333333333334;	8359936.0;	0.0;	0.0;	0.06666666666666667;	0.0;	0.0
1377275850;	2;	5199.99863;	93.59997534;	1.8;	8359936.0;	134216.0;	0.0;	5.6;	0.06666666666666667;	0.0
1377276150;	2;	5199.99863;	77.99997945;	1.5;	8359936.0;	83885.06666666667;	0.0;	0.06666666666666667;	0.0;	0.0
1377276450;	2;	5199.99863;	77.99997945;	1.5;	8359936.0;	0.0;	0.0;	0.0;	0.0;	0.0
1377276750;	2;	5199.99863;	77.99997945;	1.5;	8359936.0;	11184.533333333333;	0.0;	0.06666666666666667;	0.0;	0.0
1377277050;	2;	5199.99863;	77.99997945;	1.5;	8359936.0;	39145.86666666667;	0.0;	0.0;	0.0;	0.0
1377277350;	2;	5199.99863;	81.46664520333334;	1.5666666666666667;	8359936.0;	33554.13333333333;	0.0;	0.8666666666666667;	0.0;	0.0
1377277650;	2;	5199.99863;	77.99997945;	1.5;	8359936.0;	117440.0;	0.0;	0.8;	0.0;	0.0
1377277950;	2;	5199.99863;	81.46664520333334;	1.5666666666666667;	8359936.0;	27961.6;	0.0;	0.06666666666666667;	0.0;	0.0
1377278250;	2;	5199.99863;	77.99997945;	1.5;	8359936.0;	83884.8;	0.0;	0.0;	0.0;	0.0
1377278550;	2;	5199.99863;	77.99997945;	1.5;	8359936.0;	0.0;	0.0;	0.06666666666666667;	0.0;	0.0
1377278850;	2;	5199.99863;	77.99997945;	1.5;	8359936.0;	11184.533333333333;	0.0;	0.06666666666666667;	0.0;	0.0
1377279150;	2;	5199.99863;	77.99997945;	1.5;	8359936.0;	27961.866666666665;	0.0;	0.06666666666666667;	0.0;	0.0
1377279450;	2;	5199.99863;	97.06664109333333;	1.8666666666666665;	8359936.0;	167770.93333333332;	0.0;	5.4;	0.06666666666666667;	0.0
1377279750;	2;	5199.99863;	81.46664520333334;	1.5666666666666667;	8359936.0;	218102.66666666666;	0.0;	0.06666666666666667;	0.0;	0.0
1377280050;	2;	5199.99863;	79.73331232666668;	1.5333333333333334;	8359936.0;	0.0;	0.0;	0.0;	0.0;	0.0
1377280350;	2;	5199.99863;	77.99997945;	1.5;	8359936.0;	0.0;	0.0;	0.06666666666666667;	0.0;	0.0
1377280650;	2;	5199.99863;	77.99997945;	1.5;	8359936.0;	11184.533333333333;	0.0;	0.0;	0.0;	0.0
1377280950;	2;	5199.99863;	76.26664657333333;	1.4666666666666666;	8359936.0;	39145.86666666667;	0.0;	0.7333333333333333;	0.06666666666666667;	0.0
1377281250;	2;	5199.99863;	77.99997945;	1.5;	8359936.0;	100661.33333333333;	0.0;	0.2;	0.0;	0.0
1377281551;	2;	5199.99863;	77.99997945;	1.5;	8359936.0;	16776.8;	0.0;	0.06666666666666667;	0.0;	0.0
1377281851;	2;	5199.99863;	77.99997945;	1.5;	8359936.0;	33554.4;	0.0;	0.0;	0.0;	0.0
1377282151;	2;	5199.99863;	79.73331232666668;	1.5333333333333334;	8359936.0;	0.0;	0.0;	0.06666666666666667;	0.0;	0.0
1377282451;	2;	5199.99863;	71.06664794333332;	1.3666666666666665;	8359936.0;	117439.2;	0.0;	0.0;	0.0;	0.0
1377282751;	2;	5199.99863;	76.26664657333333;	1.4666666666666666;	8359936.0;	0.0;	0.0;	0.06666666666666667;	0.0;	0.0
1377283051;	2;	5199.99863;	83.19997808;	1.6;	8359936.0;	78292.8;	0.0;	5.4;	0.06666666666666667;	0.0
1377283351;	2;	5199.99863;	55.466652053333334;	1.0666666666666667;	8359936.0;	123032.26666666666;	0.0;	0.06666666666666667;	0.0;	0.0
1377283651;	2;	5199.99863;	57.19998493000001;	1.1;	8359936.0;	55923.2;	0.0;	0.0;	0.0;	0.0
1377283951;	2;	5199.99863;	57.19998493000001;	1.1;	8359936.0;	16776.8;	0.0;	0.13333333333333333;	0.0;	0.0
1377284251;	2;	5199.99863;	55.466652053333334;	1.0666666666666667;	8359936.0;	0.0;	0.0;	0.06666666666666667;	0.0;	0.0
1377284551;	2;	5199.99863;	62.39998356;	1.2;	8359936.0;	11184.8;	0.0;	0.8666666666666667;	0.0;	0.0
1377284851;	2;	5199.99863;	62.39998356;	1.2;	8359936.0;	156586.4;	0.0;	0.26666666666666666;	0.0;	0.0
1377285151;	2;	5199.99863;	57.19998493000001;	1.1;	8359936.0;	50331.46666666667;	0.0;	0.13333333333333333;	0.0;	0.0
1377285451;	2;	5199.99863;	57.19998493000001;	1.1;	8359936.0;	156585.86666666667;	0.0;	0.06666666666666667;	0.0;	0.0
1377285751;	2;	5199.99863;	57.19998493000001;	1.1;	8359936.0;	83884.0;	0.0;	0.13333333333333333;	0.0;	0.0
1377286051;	2;	5199.99863;	62.39998356;	1.2;	8359936.0;	50330.666666666664;	0.0;	0.0;	0.0;	0.0
1377286351;	2;	5199.99863;	65.86664931333333;	1.2666666666666666;	8359936.0;	50331.2;	0.0;	0.06666666666666667;	0.0;	0.0
1377286651;	2;	5199.99863;	86.66664383333332;	1.6666666666666665;	8359936.0;	134216.8;	0.0;	5.466666666666667;	0.06666666666666667;	0.0
1377286951;	2;	5199.99863;	60.66665068333334;	1.1666666666666667;	8359936.0;	117439.2;	0.0;	0.06666666666666667;	0.0;	0.0
1377287251;	2;	5199.99863;	57.19998493000001;	1.1;	8359936.0;	100661.6;	0.0;	0.0;	0.0;	0.0
1377287551;	2;	5199.99863;	57.19998493000001;	1.1;	8359936.0;	123031.46666666666;	0.0;	0.06666666666666667;	0.0;	0.0
1377287851;	2;	5199.99863;	57.19998493000001;	1.1;	8359936.0;	67108.0;	0.0;	0.0;	0.0;	0.0
1377288151;	2;	5199.99863;	62.39998356;	1.2;	8359936.0;	67107.2;	0.0;	0.8;	0.0;	0.0
1377288451;	2;	5199.99863;	69.33331506666667;	1.3333333333333335;	8359936.0;	33553.6;	0.0;	0.8;	0.0;	0.0
1377288751;	2;	5199.99863;	64.13331643666668;	1.2333333333333334;	8359936.0;	100662.4;	0.0;	0.13333333333333333;	0.0;	0.0
1377289051;	2;	5199.99863;	62.39998356;	1.2;	8359936.0;	16776.8;	0.0;	0.06666666666666667;	0.0;	0.0
1377289351;	2;	5199.99863;	57.19998493000001;	1.1;	8359936.0;	173363.2;	0.0;	0.13333333333333333;	0.0;	0.0
1377289651;	2;	5199.99863;	71.06664794333332;	1.3666666666666665;	8359936.0;	218102.93333333332;	0.0;	0.06666666666666667;	0.0;	0.0
1377289951;	2;	5199.99863;	62.39998356;	1.2;	8359936.0;	83884.0;	0.0;	0.13333333333333333;	0.0;	0.0
1377290251;	2;	5199.99863;	116.13330273666666;	2.2333333333333334;	8359936.0;	123031.46666666666;	0.0;	14.933333333333334;	4.333333333333333;	0.0
1377290551;	2;	5199.99863;	79.73331232666668;	1.5333333333333334;	8359936.0;	162177.86666666667;	0.0;	9.6;	4.2;	0.0
1377290852;	2;	5199.99863;	83.19997808;	1.6;	8359936.0;	16776.8;	0.0;	9.6;	4.2;	0.0
1377291152;	2;	5199.99863;	77.99997945;	1.5;	8359936.0;	55922.666666666664;	0.0;	9.8;	4.2;	0.0
1377291452;	2;	5199.99863;	83.19997808;	1.6;	8359936.0;	117439.2;	0.0;	9.666666666666666;	4.2;	0.0
1377291752;	2;	5199.99863;	86.66664383333332;	1.6666666666666665;	8359936.0;	123031.73333333334;	0.0;	10.466666666666667;	4.333333333333333;	0.0
1377292052;	2;	5199.99863;	84.93331095666669;	1.6333333333333335;	8359936.0;	150993.86666666667;	0.0;	9.733333333333333;	4.2;	0.0
1377292352;	2;	5199.99863;	77.99997945;	1.5;	8359936.0;	95069.6;	0.0;	9.666666666666666;	4.2;	0.0
1377292652;	2;	5199.99863;	83.19997808;	1.6;	8359936.0;	83884.0;	0.0;	9.533333333333333;	4.2;	0.0
1377292952;	2;	5199.99863;	77.99997945;	1.5;	8359936.0;	83884.0;	0.0;	9.8;	4.2;	0.0
1377293251;	2;	5199.99863;	83.19997808;	1.6;	8359936.0;	156586.4;	0.0;	9.8;	4.266666666666667;	0.0
1377293551;	2;	5199.99863;	77.99997945;	1.5;	8359936.0;	117439.73333333334;	0.0;	9.933333333333334;	4.266666666666667;	0.0
1377293851;	2;	5199.99863;	109.19997123000002;	2.1;	8359936.0;	218102.93333333332;	0.0;	15.266666666666667;	4.4;	0.0
1377294151;	2;	5199.99863;	84.93331095666669;	1.6333333333333335;	8359936.0;	212510.4;	0.0;	9.666666666666666;	4.333333333333333;	0.0
1377294451;	2;	5199.99863;	83.19997808;	1.6;	8359936.0;	156586.13333333333;	0.0;	9.733333333333333;	4.2;	0.0
1377294751;	2;	5199.99863;	77.99997945;	1.5;	8359936.0;	134216.8;	0.0;	9.666666666666666;	4.266666666666667;	0.0
1377295051;	2;	5199.99863;	83.19997808;	1.6;	8359936.0;	134217.6;	0.0;	10.533333333333333;	4.333333333333333;	0.0
1377295352;	2;	5199.99863;	83.19997808;	1.6;	8359936.0;	95069.33333333333;	0.0;	10.4;	4.4;	0.0
1377295652;	2;	5199.99863;	83.19997808;	1.6;	8359936.0;	139808.53333333333;	0.0;	9.866666666666667;	4.266666666666667;	0.0
1377295952;	2;	5199.99863;	77.99997945;	1.5;	8359936.0;	106254.13333333333;	0.0;	9.733333333333333;	4.333333333333333;	0.0
1377296252;	2;	5199.99863;	86.66664383333332;	1.6666666666666665;	8359936.0;	162178.13333333333;	0.0;	9.533333333333333;	4.2;	0.0
1377296552;	2;	5199.99863;	79.73331232666668;	1.5333333333333334;	8359936.0;	184548.53333333333;	0.0;	9.466666666666667;	4.2;	0.0
1377296852;	2;	5199.99863;	83.19997808;	1.6;	8359936.0;	274027.2;	0.0;	9.666666666666666;	4.266666666666667;	0.0
1377297152;	2;	5199.99863;	79.73331232666668;	1.5333333333333334;	8359936.0;	106254.4;	0.0;	9.733333333333333;	4.266666666666667;	0.0
1377297452;	2;	5199.99863;	161.19995753;	3.1;	8359936.0;	262842.4;	0.0;	32.266666666666666;	4.933333333333334;	1.3333333333333333
1377297752;	2;	5199.99863;	77.99997945;	1.5;	8359936.0;	301989.06666666665;	0.0;	9.866666666666667;	4.466666666666667;	0.0
1377298052;	2;	5199.99863;	83.19997808;	1.6;	8359936.0;	139808.0;	0.0;	9.533333333333333;	4.266666666666667;	0.0
1377298352;	2;	5199.99863;	77.99997945;	1.5;	8359936.0;	67107.73333333334;	0.0;	9.666666666666666;	4.333333333333333;	0.0
1377298652;	2;	5199.99863;	83.19997808;	1.6;	8359936.0;	139808.26666666666;	0.0;	9.666666666666666;	4.333333333333333;	0.0
1377298952;	2;	5199.99863;	84.93331095666669;	1.6333333333333335;	8359936.0;	117438.4;	0.0;	10.133333333333333;	4.4;	0.0
1377299252;	2;	5199.99863;	86.66664383333332;	1.6666666666666665;	8359936.0;	100661.6;	0.0;	10.266666666666667;	4.333333333333333;	0.0
1377299552;	2;	5199.99863;	91.86664246333333;	1.7666666666666666;	8359936.0;	72700.53333333334;	0.0;	9.0;	4.266666666666667;	0.0
1377299852;	2;	5199.99863;	95.33330821666668;	1.8333333333333335;	8359936.0;	39146.4;	0.0;	9.733333333333333;	4.333333333333333;	0.0
1377300152;	2;	5199.99863;	81.46664520333334;	1.5666666666666667;	8359936.0;	61514.933333333334;	0.0;	9.6;	4.333333333333333;	0.0
1377300452;	2;	5199.99863;	84.93331095666669;	1.6333333333333335;	8359936.0;	134216.0;	0.0;	9.6;	4.333333333333333;	0.0
1377300752;	2;	5199.99863;	86.66664383333332;	1.6666666666666665;	8359936.0;	100661.86666666667;	0.0;	9.666666666666666;	4.333333333333333;	0.0
1377301052;	2;	5199.99863;	110.93330410666667;	2.1333333333333333;	8359936.0;	167772.0;	0.0;	14.933333333333334;	4.266666666666667;	0.0
1377301352;	2;	5199.99863;	77.99997945;	1.5;	8359936.0;	100661.6;	0.0;	9.666666666666666;	4.2;	0.0
1377301652;	2;	5199.99863;	83.19997808;	1.6;	8359936.0;	117439.2;	0.0;	9.666666666666666;	4.2;	0.0
1377301952;	2;	5199.99863;	81.46664520333334;	1.5666666666666667;	8359936.0;	117439.2;	0.0;	9.8;	4.266666666666667;	0.0
1377302252;	2;	5199.99863;	86.66664383333332;	1.6666666666666665;	8359936.0;	100662.4;	0.0;	9.533333333333333;	4.2;	0.0
1377302552;	2;	5199.99863;	86.66664383333332;	1.6666666666666665;	8359936.0;	16776.8;	0.0;	10.6;	4.266666666666667;	0.0
1377302852;	2;	5199.99863;	93.59997534;	1.8;	8359936.0;	111846.66666666667;	0.0;	10.0;	4.333333333333333;	0.0
1377303152;	2;	5199.99863;	107.46663835333332;	2.0666666666666664;	8359936.0;	167772.0;	0.0;	17.866666666666667;	4.533333333333333;	0.6666666666666666
1377303452;	2;	5199.99863;	88.39997670999999;	1.7;	8359936.0;	201325.6;	0.0;	9.533333333333333;	4.333333333333333;	0.0
1377303752;	2;	5199.99863;	77.99997945;	1.5;	8359936.0;	95070.66666666667;	0.0;	9.666666666666666;	4.333333333333333;	0.0
1377304052;	2;	5199.99863;	83.19997808;	1.6;	8359936.0;	184548.8;	0.0;	9.6;	4.2;	0.0
1377304352;	2;	5199.99863;	79.73331232666668;	1.5333333333333334;	8359936.0;	67108.0;	0.0;	9.8;	4.2;	0.0
1377304652;	2;	5199.99863;	109.19997123000002;	2.1;	8359936.0;	106254.66666666667;	0.0;	15.266666666666667;	4.266666666666667;	0.0
1377304953;	2;	5199.99863;	88.39997670999999;	1.7;	8359936.0;	89476.53333333334;	0.0;	10.0;	4.066666666666666;	0.0
1377305253;	2;	5199.99863;	93.59997534;	1.8;	8359936.0;	44738.666666666664;	0.0;	9.733333333333333;	4.2;	0.0
1377305553;	2;	5199.99863;	84.93331095666669;	1.6333333333333335;	8359936.0;	55923.73333333333;	0.0;	9.866666666666667;	4.266666666666667;	0.0
1377305853;	2;	5199.99863;	84.93331095666669;	1.6333333333333335;	8359936.0;	95070.13333333333;	0.0;	9.8;	4.4;	0.0
1377306153;	2;	5199.99863;	84.93331095666669;	1.6333333333333335;	8359936.0;	72700.53333333334;	0.0;	10.533333333333333;	4.4;	0.0
1377306453;	2;	5199.99863;	84.93331095666669;	1.6333333333333335;	8359936.0;	190140.0;	0.0;	10.066666666666666;	4.133333333333334;	0.0
1377306753;	2;	5199.99863;	77.99997945;	1.5;	8359936.0;	150993.06666666668;	0.0;	9.933333333333334;	4.266666666666667;	0.0
1377307053;	2;	5199.99863;	83.19997808;	1.6;	8359936.0;	162178.66666666666;	0.0;	9.733333333333333;	4.333333333333333;	0.0
1377307353;	2;	5199.99863;	81.46664520333334;	1.5666666666666667;	8359936.0;	111847.2;	0.0;	9.733333333333333;	4.2;	0.0
1377307653;	2;	5199.99863;	84.93331095666669;	1.6333333333333335;	8359936.0;	106254.66666666667;	0.0;	9.733333333333333;	4.333333333333333;	0.0
1377307953;	2;	5199.99863;	77.99997945;	1.5;	8359936.0;	117440.0;	0.0;	9.733333333333333;	4.4;	0.0
1377308253;	2;	5199.99863;	112.66663698333332;	2.1666666666666665;	8359936.0;	134216.26666666666;	0.0;	15.2;	4.4;	0.0
1377308553;	2;	5199.99863;	77.99997945;	1.5;	8359936.0;	173363.73333333334;	0.0;	9.666666666666666;	4.266666666666667;	0.0
1377308853;	2;	5199.99863;	83.19997808;	1.6;	8359936.0;	106253.86666666667;	0.0;	9.733333333333333;	4.333333333333333;	0.0
1377309153;	2;	5199.99863;	81.46664520333334;	1.5666666666666667;	8359936.0;	33553.6;	0.0;	9.666666666666666;	4.333333333333333;	0.0
1377309453;	2;	5199.99863;	81.46664520333334;	1.5666666666666667;	8359936.0;	33554.4;	0.0;	9.6;	4.266666666666667;	0.0
1377309753;	2;	5199.99863;	242.66660273333335;	4.666666666666667;	8359936.0;	39145.86666666667;	0.0;	12.333333333333334;	5.933333333333334;	0.8
1377310053;	2;	5199.99863;	88.39997670999999;	1.7;	8359936.0;	173363.2;	0.0;	11.8;	4.2;	0.0
1377310353;	2;	5199.99863;	97.06664109333333;	1.8666666666666665;	8359936.0;	162179.2;	0.0;	9.533333333333333;	4.2;	0.0
1377310653;	2;	5199.99863;	88.39997670999999;	1.7;	8359936.0;	100662.66666666667;	0.0;	9.6;	4.2;	0.0
1377310953;	2;	5199.99863;	88.39997670999999;	1.7;	8359936.0;	123031.73333333334;	0.0;	18.4;	11.133333333333333;	0.2
1377311253;	2;	5199.99863;	103.9999726;	2.0;	8359936.0;	268433.3333333333;	0.0;	14.8;	4.266666666666667;	0.0
1377311553;	2;	5199.99863;	79.73331232666668;	1.5333333333333334;	8359936.0;	195733.06666666668;	0.0;	9.8;	4.333333333333333;	0.0
1377311853;	2;	5199.99863;	109.19997123000002;	2.1;	8359936.0;	234880.0;	0.0;	15.266666666666667;	4.266666666666667;	0.0
1377312153;	2;	5199.99863;	79.73331232666668;	1.5333333333333334;	8359936.0;	195732.8;	0.0;	9.666666666666666;	4.133333333333334;	0.0
1377312453;	2;	5199.99863;	84.93331095666669;	1.6333333333333335;	8359936.0;	128624.8;	0.0;	9.733333333333333;	4.266666666666667;	0.0
1377312753;	2;	5199.99863;	84.93331095666669;	1.6333333333333335;	8359936.0;	167772.0;	0.0;	9.666666666666666;	4.333333333333333;	0.0
1377313053;	2;	5199.99863;	86.66664383333332;	1.6666666666666665;	8359936.0;	178956.26666666666;	0.0;	9.6;	4.333333333333333;	0.0
1377313353;	2;	5199.99863;	83.19997808;	1.6;	8359936.0;	190140.0;	0.0;	10.466666666666667;	4.466666666666667;	0.0
1377313653;	2;	5199.99863;	83.19997808;	1.6;	8359936.0;	83884.0;	0.0;	9.733333333333333;	4.266666666666667;	0.0
1377313953;	2;	5199.99863;	77.99997945;	1.5;	8359936.0;	83884.0;	0.0;	9.933333333333334;	4.2;	0.0
1377314253;	2;	5199.99863;	83.19997808;	1.6;	8359936.0;	134216.8;	0.0;	9.466666666666667;	4.266666666666667;	0.0
1377314553;	2;	5199.99863;	77.99997945;	1.5;	8359936.0;	150994.4;	0.0;	9.666666666666666;	4.266666666666667;	0.0
1377314853;	2;	5199.99863;	83.19997808;	1.6;	8359936.0;	184548.8;	0.0;	9.866666666666667;	4.266666666666667;	0.0
1377315154;	2;	5199.99863;	79.73331232666668;	1.5333333333333334;	8359936.0;	111846.4;	0.0;	9.533333333333333;	4.333333333333333;	0.0
1377315454;	2;	5199.99863;	103.9999726;	2.0;	8359936.0;	55923.46666666667;	0.0;	15.133333333333333;	4.4;	0.0
1377315754;	2;	5199.99863;	77.99997945;	1.5;	8359936.0;	201325.6;	0.0;	9.866666666666667;	4.266666666666667;	0.0
1377316054;	2;	5199.99863;	83.19997808;	1.6;	8359936.0;	128623.73333333334;	0.0;	9.533333333333333;	4.266666666666667;	0.0
1377316354;	2;	5199.99863;	77.99997945;	1.5;	8359936.0;	55922.666666666664;	0.0;	9.866666666666667;	4.266666666666667;	0.0
1377316654;	2;	5199.99863;	77.99997945;	1.5;	8359936.0;	83884.0;	0.0;	4.533333333333333;	1.9333333333333333;	0.0
1377316954;	2;	5199.99863;	69.33331506666667;	1.3333333333333335;	8359936.0;	11184.533333333333;	0.0;	0.8;	0.0;	0.0
1377317254;	2;	5199.99863;	60.66665068333334;	1.1666666666666667;	8359936.0;	100661.86666666667;	0.0;	0.2;	0.0;	0.0
1377317554;	2;	5199.99863;	62.39998356;	1.2;	8359936.0;	50330.933333333334;	0.0;	0.06666666666666667;	0.0;	0.0
1377317854;	2;	5199.99863;	67.59998219;	1.3;	8359936.0;	67108.8;	0.0;	0.0;	0.0;	0.0
1377318154;	2;	5199.99863;	57.19998493000001;	1.1;	8359936.0;	61515.46666666667;	0.0;	0.06666666666666667;	0.0;	0.0
1377318454;	2;	5199.99863;	57.19998493000001;	1.1;	8359936.0;	117439.2;	0.0;	0.0;	0.0;	0.0
1377318754;	2;	5199.99863;	58.933317806666665;	1.1333333333333333;	8359936.0;	0.0;	0.0;	0.06666666666666667;	0.0;	0.0
1377319054;	2;	5199.99863;	81.46664520333334;	1.5666666666666667;	8359936.0;	50330.4;	0.0;	5.533333333333333;	0.06666666666666667;	0.0
1377319354;	2;	5199.99863;	55.466652053333334;	1.0666666666666667;	8359936.0;	50330.4;	0.0;	0.06666666666666667;	0.0;	0.0
1377319654;	2;	5199.99863;	60.66665068333334;	1.1666666666666667;	8359936.0;	67107.2;	0.0;	0.0;	0.0;	0.0
1377319954;	2;	5199.99863;	58.933317806666665;	1.1333333333333333;	8359936.0;	39145.86666666667;	0.0;	0.06666666666666667;	0.0;	0.0
1377320254;	2;	5199.99863;	60.66665068333334;	1.1666666666666667;	8359936.0;	83884.8;	0.0;	0.0;	0.0;	0.0
1377320554;	2;	5199.99863;	62.39998356;	1.2;	8359936.0;	22369.066666666666;	0.0;	0.8;	0.06666666666666667;	0.0
1377320854;	2;	5199.99863;	69.33331506666667;	1.3333333333333335;	8359936.0;	67108.0;	0.0;	0.9333333333333333;	0.0;	0.0
1377321154;	2;	5199.99863;	58.933317806666665;	1.1333333333333333;	8359936.0;	16776.8;	0.0;	0.06666666666666667;	0.0;	0.0
1377321454;	2;	5199.99863;	57.19998493000001;	1.1;	8359936.0;	134216.0;	0.0;	0.0;	0.0;	0.0
1377321754;	2;	5199.99863;	60.66665068333334;	1.1666666666666667;	8359936.0;	83885.6;	0.0;	0.06666666666666667;	0.0;	0.0
1377322054;	2;	5199.99863;	57.19998493000001;	1.1;	8359936.0;	50330.4;	0.0;	0.0;	0.0;	0.0
1377322354;	2;	5199.99863;	55.466652053333334;	1.0666666666666667;	8359936.0;	72699.46666666666;	0.0;	0.06666666666666667;	0.0;	0.0
1377322655;	2;	5199.99863;	81.46664520333334;	1.5666666666666667;	8359936.0;	195732.8;	0.0;	5.466666666666667;	0.06666666666666667;	0.0
1377322955;	2;	5199.99863;	58.933317806666665;	1.1333333333333333;	8359936.0;	117439.2;	0.0;	0.06666666666666667;	0.0;	0.0
1377323255;	2;	5199.99863;	64.13331643666668;	1.2333333333333334;	8359936.0;	33553.6;	0.0;	0.0;	0.0;	0.0
1377323555;	2;	5199.99863;	57.19998493000001;	1.1;	8359936.0;	16776.8;	0.0;	0.06666666666666667;	0.0;	0.0
1377323855;	2;	5199.99863;	65.86664931333333;	1.2666666666666666;	8359936.0;	83884.8;	0.0;	0.0;	0.0;	0.0
1377324155;	2;	5199.99863;	65.86664931333333;	1.2666666666666666;	8359936.0;	39145.86666666667;	0.0;	0.8666666666666667;	0.0;	0.0
1377324455;	2;	5199.99863;	62.39998356;	1.2;	8359936.0;	150994.4;	0.0;	0.2;	0.0;	0.0
1377324755;	2;	5199.99863;	65.86664931333333;	1.2666666666666666;	8359936.0;	167772.0;	0.0;	0.06666666666666667;	0.0;	0.0
1377325055;	2;	5199.99863;	62.39998356;	1.2;	8359936.0;	33553.6;	0.0;	0.0;	0.0;	0.0
1377325355;	2;	5199.99863;	53.73331917666666;	1.0333333333333332;	8359936.0;	67108.0;	0.0;	0.06666666666666667;	0.0;	0.0
1377325655;	2;	5199.99863;	67.59998219;	1.3;	8359936.0;	83885.6;	0.0;	0.06666666666666667;	0.0;	0.0
1377325955;	2;	5199.99863;	58.933317806666665;	1.1333333333333333;	8359936.0;	16776.8;	0.0;	0.06666666666666667;	0.0;	0.0
1377326255;	2;	5199.99863;	83.19997808;	1.6;	8359936.0;	234880.0;	0.0;	5.466666666666667;	0.06666666666666667;	0.0
1377326554;	2;	5199.99863;	65.86664931333333;	1.2666666666666666;	8359936.0;	100661.6;	0.0;	0.06666666666666667;	0.0;	0.0
1377326854;	2;	5199.99863;	60.66665068333334;	1.1666666666666667;	8359936.0;	22369.066666666666;	0.0;	0.0;	0.0;	0.0
1377327154;	2;	5199.99863;	71.06664794333332;	1.3666666666666665;	8359936.0;	117438.93333333333;	0.0;	3.0;	1.2666666666666666;	0.0
1377327454;	2;	5199.99863;	84.93331095666669;	1.6333333333333335;	8359936.0;	145400.8;	0.0;	10.733333333333333;	4.6;	0.0
1377327755;	2;	5199.99863;	100.53330684666668;	1.9333333333333333;	8359936.0;	117439.2;	0.0;	12.666666666666666;	4.933333333333334;	0.06666666666666667
1377328055;	2;	5199.99863;	110.93330410666667;	2.1333333333333333;	8359936.0;	95069.86666666667;	0.0;	16.466666666666665;	4.533333333333333;	0.0
1377328355;	2;	5199.99863;	88.39997670999999;	1.7;	8359936.0;	89476.53333333334;	0.0;	10.333333333333334;	4.4;	0.0
1377328655;	2;	5199.99863;	84.93331095666669;	1.6333333333333335;	8359936.0;	167770.66666666666;	0.0;	10.333333333333334;	4.466666666666667;	0.0
1377328955;	2;	5199.99863;	84.93331095666669;	1.6333333333333335;	8359936.0;	128623.2;	0.0;	10.266666666666667;	4.4;	0.0
1377329255;	2;	5199.99863;	83.19997808;	1.6;	8359936.0;	111846.66666666667;	0.0;	10.333333333333334;	4.333333333333333;	0.0
1377329555;	2;	5199.99863;	86.66664383333332;	1.6666666666666665;	8359936.0;	134216.8;	0.0;	10.4;	4.4;	0.0
1377329855;	2;	5199.99863;	112.66663698333332;	2.1666666666666665;	8359936.0;	301989.3333333333;	0.0;	15.933333333333334;	4.466666666666667;	0.0
1377330155;	2;	5199.99863;	86.66664383333332;	1.6666666666666665;	8359936.0;	318765.6;	0.0;	10.466666666666667;	4.4;	0.0
1377330455;	2;	5199.99863;	84.93331095666669;	1.6333333333333335;	8359936.0;	111846.93333333333;	0.0;	10.333333333333334;	4.4;	0.0
1377330755;	2;	5199.99863;	86.66664383333332;	1.6666666666666665;	8359936.0;	128624.26666666666;	0.0;	10.266666666666667;	4.466666666666667;	0.0
1377331055;	2;	5199.99863;	83.19997808;	1.6;	8359936.0;	78292.0;	0.0;	10.4;	4.266666666666667;	0.0
1377331355;	2;	5199.99863;	88.39997670999999;	1.7;	8359936.0;	106253.6;	0.0;	11.066666666666666;	4.4;	0.0
1377331655;	2;	5199.99863;	93.59997534;	1.8;	8359936.0;	190141.06666666668;	0.0;	11.266666666666667;	4.266666666666667;	0.0
1377331955;	2;	5199.99863;	91.86664246333333;	1.7666666666666666;	8359936.0;	173362.93333333332;	0.0;	10.6;	4.4;	0.0
1377332255;	2;	5199.99863;	88.39997670999999;	1.7;	8359936.0;	117438.4;	0.0;	10.333333333333334;	4.4;	0.0
1377332555;	2;	5199.99863;	86.66664383333332;	1.6666666666666665;	8359936.0;	55923.46666666667;	0.0;	10.4;	4.333333333333333;	0.0
1377332855;	2;	5199.99863;	86.66664383333332;	1.6666666666666665;	8359936.0;	83884.53333333334;	0.0;	10.2;	4.4;	0.0
1377333155;	2;	5199.99863;	84.93331095666669;	1.6333333333333335;	8359936.0;	117438.93333333333;	0.0;	10.533333333333333;	4.266666666666667;	0.0
1377333455;	2;	5199.99863;	105.73330547666666;	2.033333333333333;	8359936.0;	111846.93333333333;	0.0;	15.533333333333333;	4.333333333333333;	0.0
1377333755;	2;	5199.99863;	86.66664383333332;	1.6666666666666665;	8359936.0;	117439.73333333334;	0.0;	10.0;	4.333333333333333;	0.0
1377334055;	2;	5199.99863;	79.73331232666668;	1.5333333333333334;	8359936.0;	156585.86666666667;	0.0;	10.0;	4.333333333333333;	0.0
1377334355;	2;	5199.99863;	84.93331095666669;	1.6333333333333335;	8359936.0;	190140.8;	0.0;	10.133333333333333;	4.333333333333333;	0.0
1377334655;	2;	5199.99863;	77.99997945;	1.5;	8359936.0;	95069.06666666667;	0.0;	10.066666666666666;	4.333333333333333;	0.0
1377334955;	2;	5199.99863;	93.59997534;	1.8;	8359936.0;	150994.13333333333;	0.0;	11.0;	4.466666666666667;	0.06666666666666667
1377335255;	2;	5199.99863;	83.19997808;	1.6;	8359936.0;	156585.6;	0.0;	10.266666666666667;	4.2;	0.0
1377335555;	2;	5199.99863;	86.66664383333332;	1.6666666666666665;	8359936.0;	117439.2;	0.0;	10.066666666666666;	4.333333333333333;	0.0
1377335855;	2;	5199.99863;	84.93331095666669;	1.6333333333333335;	8359936.0;	156586.93333333332;	0.0;	10.133333333333333;	4.333333333333333;	0.0
1377336155;	2;	5199.99863;	88.39997670999999;	1.7;	8359936.0;	139809.86666666667;	0.0;	10.266666666666667;	4.333333333333333;	0.0
1377336455;	2;	5199.99863;	100.53330684666668;	1.9333333333333333;	8359936.0;	162178.13333333333;	0.0;	10.133333333333333;	4.4;	0.0
1377336755;	2;	5199.99863;	97.06664109333333;	1.8666666666666665;	8359936.0;	145401.06666666668;	0.0;	10.133333333333333;	4.333333333333333;	0.0
1377337055;	2;	5199.99863;	110.93330410666667;	2.1333333333333333;	8359936.0;	173362.93333333332;	0.0;	15.666666666666666;	4.4;	0.0
1377337355;	2;	5199.99863;	83.19997808;	1.6;	8359936.0;	223694.66666666666;	0.0;	10.133333333333333;	4.266666666666667;	0.0
1377337655;	2;	5199.99863;	79.73331232666668;	1.5333333333333334;	8359936.0;	184547.2;	0.0;	10.133333333333333;	4.333333333333333;	0.0
1377337955;	2;	5199.99863;	83.19997808;	1.6;	8359936.0;	178954.93333333332;	0.0;	10.2;	4.333333333333333;	0.0
1377338255;	2;	5199.99863;	88.39997670999999;	1.7;	8359936.0;	61515.46666666667;	0.0;	10.133333333333333;	4.266666666666667;	0.0
1377338555;	2;	5199.99863;	95.33330821666668;	1.8333333333333335;	8359936.0;	106254.4;	0.0;	10.866666666666667;	4.333333333333333;	0.0
1377338855;	2;	5199.99863;	79.73331232666668;	1.5333333333333334;	8359936.0;	139808.26666666666;	0.0;	10.733333333333333;	4.2;	0.0
1377339156;	2;	5199.99863;	84.93331095666669;	1.6333333333333335;	8359936.0;	95069.06666666667;	0.0;	10.333333333333334;	4.4;	0.0
1377339456;	2;	5199.99863;	79.73331232666668;	1.5333333333333334;	8359936.0;	111847.46666666666;	0.0;	10.066666666666666;	4.333333333333333;	0.0
1377339756;	2;	5199.99863;	97.06664109333333;	1.8666666666666665;	8359936.0;	184547.73333333334;	0.0;	10.2;	4.4;	0.0
1377340056;	2;	5199.99863;	86.66664383333332;	1.6666666666666665;	8359936.0;	218102.4;	0.0;	10.266666666666667;	4.4;	0.0
1377340356;	2;	5199.99863;	86.66664383333332;	1.6666666666666665;	8359936.0;	201325.6;	0.0;	10.266666666666667;	4.4;	0.0
1377340656;	2;	5199.99863;	102.26663972333334;	1.9666666666666666;	8359936.0;	162177.6;	0.0;	15.533333333333333;	4.4;	0.0
1377340956;	2;	5199.99863;	86.66664383333332;	1.6666666666666665;	8359936.0;	268435.2;	0.0;	10.266666666666667;	4.333333333333333;	0.0
1377341256;	2;	5199.99863;	77.99997945;	1.5;	8359936.0;	145401.86666666667;	0.0;	10.133333333333333;	4.333333333333333;	0.0
1377341556;	2;	5199.99863;	84.93331095666669;	1.6333333333333335;	8359936.0;	134217.6;	0.0;	10.333333333333334;	4.4;	0.0
1377341856;	2;	5199.99863;	79.73331232666668;	1.5333333333333334;	8359936.0;	83884.0;	0.0;	10.0;	4.333333333333333;	0.0
1377342156;	2;	5199.99863;	91.86664246333333;	1.7666666666666666;	8359936.0;	78292.0;	0.0;	11.0;	4.266666666666667;	0.0
1377342456;	2;	5199.99863;	83.19997808;	1.6;	8359936.0;	83885.6;	0.0;	10.8;	4.533333333333333;	0.0
1377342756;	2;	5199.99863;	86.66664383333332;	1.6666666666666665;	8359936.0;	145401.33333333334;	0.0;	10.266666666666667;	4.333333333333333;	0.0
1377343056;	2;	5199.99863;	81.46664520333334;	1.5666666666666667;	8359936.0;	100661.6;	0.0;	10.133333333333333;	4.466666666666667;	0.0
1377343356;	2;	5199.99863;	88.39997670999999;	1.7;	8359936.0;	106254.66666666667;	0.0;	10.133333333333333;	4.266666666666667;	0.0
1377343656;	2;	5199.99863;	83.19997808;	1.6;	8359936.0;	95069.86666666667;	0.0;	10.133333333333333;	4.333333333333333;	0.0
1377343956;	2;	5199.99863;	86.66664383333332;	1.6666666666666665;	8359936.0;	134216.8;	0.0;	10.2;	4.4;	0.0
1377344256;	2;	5199.99863;	102.26663972333334;	1.9666666666666666;	8359936.0;	178956.26666666666;	0.0;	15.666666666666666;	4.466666666666667;	0.0
1377344556;	2;	5199.99863;	84.93331095666669;	1.6333333333333335;	8359936.0;	201325.33333333334;	0.0;	10.066666666666666;	4.333333333333333;	0.0
1377344856;	2;	5199.99863;	77.99997945;	1.5;	8359936.0;	201325.6;	0.0;	10.266666666666667;	4.2;	0.0
1377345156;	2;	5199.99863;	83.19997808;	1.6;	8359936.0;	178956.26666666666;	0.0;	10.0;	4.333333333333333;	0.0
1377345456;	2;	5199.99863;	83.19997808;	1.6;	8359936.0;	150994.4;	0.0;	10.133333333333333;	4.266666666666667;	0.0
1377345756;	2;	5199.99863;	88.39997670999999;	1.7;	8359936.0;	100661.6;	0.0;	10.933333333333334;	4.4;	0.0
1377346056;	2;	5199.99863;	77.99997945;	1.5;	8359936.0;	184548.0;	0.0;	10.466666666666667;	4.333333333333333;	0.0
1377346356;	2;	5199.99863;	84.93331095666669;	1.6333333333333335;	8359936.0;	150993.6;	0.0;	10.266666666666667;	4.2;	0.0
1377346656;	2;	5199.99863;	79.73331232666668;	1.5333333333333334;	8359936.0;	89477.06666666667;	0.0;	10.133333333333333;	4.266666666666667;	0.0
1377346956;	2;	5199.99863;	84.93331095666669;	1.6333333333333335;	8359936.0;	184548.0;	0.0;	10.333333333333334;	4.4;	0.0
1377347256;	2;	5199.99863;	81.46664520333334;	1.5666666666666667;	8359936.0;	167771.2;	0.0;	10.066666666666666;	4.4;	0.0
1377347556;	2;	5199.99863;	84.93331095666669;	1.6333333333333335;	8359936.0;	106254.13333333333;	0.0;	10.133333333333333;	4.4;	0.0
1377347856;	2;	5199.99863;	107.46663835333332;	2.0666666666666664;	8359936.0;	234878.93333333332;	0.0;	15.733333333333333;	4.4;	0.0
1377348156;	2;	5199.99863;	86.66664383333332;	1.6666666666666665;	8359936.0;	212509.6;	0.0;	10.333333333333334;	4.333333333333333;	0.0
1377348456;	2;	5199.99863;	81.46664520333334;	1.5666666666666667;	8359936.0;	89476.8;	0.0;	10.133333333333333;	4.533333333333333;	0.0
1377348757;	2;	5199.99863;	88.39997670999999;	1.7;	8359936.0;	95069.06666666667;	0.0;	10.4;	4.266666666666667;	0.0
1377349057;	2;	5199.99863;	95.33330821666668;	1.8333333333333335;	8359936.0;	218102.4;	0.0;	10.666666666666666;	4.533333333333333;	0.0
1377349357;	2;	5199.99863;	88.39997670999999;	1.7;	8359936.0;	150993.33333333334;	0.0;	11.133333333333333;	4.666666666666667;	0.0
1377349657;	2;	5199.99863;	88.39997670999999;	1.7;	8359936.0;	240472.8;	0.0;	10.8;	4.333333333333333;	0.0
1377349957;	2;	5199.99863;	83.19997808;	1.6;	8359936.0;	246064.53333333333;	0.0;	10.466666666666667;	4.333333333333333;	0.0
1377350257;	2;	5199.99863;	88.39997670999999;	1.7;	8359936.0;	195732.26666666666;	0.0;	10.266666666666667;	4.466666666666667;	0.0
1377350557;	2;	5199.99863;	79.73331232666668;	1.5333333333333334;	8359936.0;	150993.33333333334;	0.0;	10.133333333333333;	4.466666666666667;	0.0
1377350857;	2;	5199.99863;	90.13330958666667;	1.7333333333333334;	8359936.0;	128624.26666666666;	0.0;	10.533333333333333;	4.466666666666667;	0.0
1377351157;	2;	5199.99863;	91.86664246333333;	1.7666666666666666;	8359936.0;	150994.4;	0.0;	10.333333333333334;	4.533333333333333;	0.0
1377351457;	2;	5199.99863;	114.39996986000001;	2.2;	8359936.0;	195732.53333333333;	0.0;	15.933333333333334;	4.666666666666667;	0.0
1377351757;	2;	5199.99863;	81.46664520333334;	1.5666666666666667;	8359936.0;	223694.66666666666;	0.0;	10.2;	4.466666666666667;	0.0
1377352057;	2;	5199.99863;	88.39997670999999;	1.7;	8359936.0;	229287.73333333334;	0.0;	10.333333333333334;	4.466666666666667;	0.0
1377352357;	2;	5199.99863;	84.93331095666669;	1.6333333333333335;	8359936.0;	139808.53333333333;	0.0;	10.266666666666667;	4.466666666666667;	0.0
1377352657;	2;	5199.99863;	88.39997670999999;	1.7;	8359936.0;	139809.33333333334;	0.0;	10.2;	4.466666666666667;	0.0
1377352957;	2;	5199.99863;	112.66663698333332;	2.1666666666666665;	8359936.0;	184548.8;	0.0;	15.933333333333334;	4.533333333333333;	0.06666666666666667
1377353257;	2;	5199.99863;	90.13330958666667;	1.7333333333333334;	8359936.0;	195732.8;	0.0;	11.133333333333333;	4.466666666666667;	0.06666666666666667
1377353557;	2;	5199.99863;	84.93331095666669;	1.6333333333333335;	8359936.0;	145401.86666666667;	0.0;	10.333333333333334;	4.4;	0.0
1377353857;	2;	5199.99863;	90.13330958666667;	1.7333333333333334;	8359936.0;	195733.33333333334;	0.0;	10.4;	4.533333333333333;	0.0
1377354157;	2;	5199.99863;	79.73331232666668;	1.5333333333333334;	8359936.0;	167771.2;	0.0;	10.533333333333333;	4.466666666666667;	0.0
1377354457;	2;	5199.99863;	88.39997670999999;	1.7;	8359936.0;	139808.8;	0.0;	10.266666666666667;	4.466666666666667;	0.0
1377354757;	2;	5199.99863;	84.93331095666669;	1.6333333333333335;	8359936.0;	162178.4;	0.0;	10.333333333333334;	4.4;	0.0
1377355057;	2;	5199.99863;	116.13330273666666;	2.2333333333333334;	8359936.0;	184547.73333333334;	0.0;	15.733333333333333;	4.533333333333333;	0.0
1377355357;	2;	5199.99863;	83.19997808;	1.6;	8359936.0;	162178.93333333332;	0.0;	10.4;	4.4;	0.0
1377355657;	2;	5199.99863;	86.66664383333332;	1.6666666666666665;	8359936.0;	184548.53333333333;	0.0;	10.266666666666667;	4.6;	0.0
1377355957;	2;	5199.99863;	81.46664520333334;	1.5666666666666667;	8359936.0;	145402.13333333333;	0.0;	10.4;	4.4;	0.0
1377356257;	2;	5199.99863;	88.39997670999999;	1.7;	8359936.0;	195733.06666666668;	0.0;	10.333333333333334;	4.466666666666667;	0.0
1377356557;	2;	5199.99863;	86.66664383333332;	1.6666666666666665;	8359936.0;	184548.8;	0.0;	11.266666666666667;	4.4;	0.0
1377356857;	2;	5199.99863;	88.39997670999999;	1.7;	8359936.0;	100661.33333333333;	0.0;	10.6;	4.533333333333333;	0.0
1377357157;	2;	5199.99863;	83.19997808;	1.6;	8359936.0;	72699.46666666666;	0.0;	10.333333333333334;	4.466666666666667;	0.0
1377357457;	2;	5199.99863;	90.13330958666667;	1.7333333333333334;	8359936.0;	95069.33333333333;	0.0;	10.333333333333334;	4.466666666666667;	0.0
1377357757;	2;	5199.99863;	88.39997670999999;	1.7;	8359936.0;	50330.4;	0.0;	10.333333333333334;	4.466666666666667;	0.0
1377358057;	2;	5199.99863;	81.46664520333334;	1.5666666666666667;	8359936.0;	167772.0;	0.0;	10.4;	4.466666666666667;	0.0
1377358357;	2;	5199.99863;	90.13330958666667;	1.7333333333333334;	8359936.0;	111846.4;	0.0;	10.4;	4.466666666666667;	0.0
1377358658;	2;	5199.99863;	109.19997123000002;	2.1;	8359936.0;	195732.53333333333;	0.0;	15.733333333333333;	4.4;	0.0
1377358957;	2;	5199.99863;	86.66664383333332;	1.6666666666666665;	8359936.0;	184548.8;	0.0;	10.4;	4.4;	0.0
1377359257;	2;	5199.99863;	79.73331232666668;	1.5333333333333334;	8359936.0;	150994.4;	0.0;	10.2;	4.466666666666667;	0.0
1377359557;	2;	5199.99863;	88.39997670999999;	1.7;	8359936.0;	145401.6;	0.0;	10.2;	4.4;	0.0
1377359857;	2;	5199.99863;	83.19997808;	1.6;	8359936.0;	195732.8;	0.0;	10.2;	4.4;	0.0
1377360157;	2;	5199.99863;	91.86664246333333;	1.7666666666666666;	8359936.0;	173363.2;	0.0;	11.066666666666666;	4.6;	0.06666666666666667
1377360457;	2;	5199.99863;	86.66664383333332;	1.6666666666666665;	8359936.0;	167770.4;	0.0;	10.733333333333333;	4.4;	0.0
1377360757;	2;	5199.99863;	86.66664383333332;	1.6666666666666665;	8359936.0;	150992.8;	0.0;	10.466666666666667;	4.4;	0.0
1377361057;	2;	5199.99863;	83.19997808;	1.6;	8359936.0;	145401.33333333334;	0.0;	10.266666666666667;	4.466666666666667;	0.0
1377361357;	2;	5199.99863;	88.39997670999999;	1.7;	8359936.0;	178956.0;	0.0;	10.666666666666666;	4.533333333333333;	0.0
1377361657;	2;	5199.99863;	81.46664520333334;	1.5666666666666667;	8359936.0;	128624.0;	0.0;	10.4;	4.4;	0.0
1377361957;	2;	5199.99863;	90.13330958666667;	1.7333333333333334;	8359936.0;	100661.6;	0.0;	10.533333333333333;	4.533333333333333;	0.0
1377362257;	2;	5199.99863;	107.46663835333332;	2.0666666666666664;	8359936.0;	212510.93333333332;	0.0;	15.8;	4.466666666666667;	0.0
1377362557;	2;	5199.99863;	88.39997670999999;	1.7;	8359936.0;	234879.2;	0.0;	10.466666666666667;	4.4;	0.0
1377362857;	2;	5199.99863;	83.19997808;	1.6;	8359936.0;	167771.2;	0.0;	10.2;	4.333333333333333;	0.0
1377363157;	2;	5199.99863;	88.39997670999999;	1.7;	8359936.0;	184548.0;	0.0;	10.4;	4.466666666666667;	0.0
1377363457;	2;	5199.99863;	81.46664520333334;	1.5666666666666667;	8359936.0;	201324.8;	0.0;	10.266666666666667;	4.4;	0.0
1377363757;	2;	5199.99863;	93.59997534;	1.8;	8359936.0;	184548.8;	0.0;	11.066666666666666;	4.466666666666667;	0.0
1377364057;	2;	5199.99863;	84.93331095666669;	1.6333333333333335;	8359936.0;	218102.4;	0.0;	10.8;	4.333333333333333;	0.0
1377364357;	2;	5199.99863;	90.13330958666667;	1.7333333333333334;	8359936.0;	162179.46666666667;	0.0;	10.4;	4.466666666666667;	0.0
1377364657;	2;	5199.99863;	83.19997808;	1.6;	8359936.0;	218102.4;	0.0;	10.4;	4.466666666666667;	0.0
1377364957;	2;	5199.99863;	86.66664383333332;	1.6666666666666665;	8359936.0;	78293.06666666667;	0.0;	10.4;	4.4;	0.0
1377365257;	2;	5199.99863;	81.46664520333334;	1.5666666666666667;	8359936.0;	156586.13333333333;	0.0;	10.4;	4.4;	0.0
1377365558;	2;	5199.99863;	91.86664246333333;	1.7666666666666666;	8359936.0;	234879.2;	0.0;	10.333333333333334;	4.466666666666667;	0.0
1377365858;	2;	5199.99863;	105.73330547666666;	2.033333333333333;	8359936.0;	106254.13333333333;	0.0;	16.066666666666666;	4.666666666666667;	0.0
1377366158;	2;	5199.99863;	90.13330958666667;	1.7333333333333334;	8359936.0;	201325.6;	0.0;	10.533333333333333;	4.333333333333333;	0.0
1377366458;	2;	5199.99863;	83.19997808;	1.6;	8359936.0;	72700.26666666666;	0.0;	10.266666666666667;	4.533333333333333;	0.0
1377366758;	2;	5199.99863;	88.39997670999999;	1.7;	8359936.0;	67107.2;	0.0;	10.466666666666667;	4.466666666666667;	0.0
1377367058;	2;	5199.99863;	86.66664383333332;	1.6666666666666665;	8359936.0;	128624.8;	0.0;	10.4;	4.466666666666667;	0.0
1377367358;	2;	5199.99863;	93.59997534;	1.8;	8359936.0;	167770.93333333332;	0.0;	11.133333333333333;	4.6;	0.0
1377367658;	2;	5199.99863;	95.33330821666668;	1.8333333333333335;	8359936.0;	167770.4;	0.0;	10.866666666666667;	4.466666666666667;	0.0
1377367958;	2;	5199.99863;	90.13330958666667;	1.7333333333333334;	8359936.0;	201324.8;	0.0;	10.4;	4.533333333333333;	0.0
1377368258;	2;	5199.99863;	83.19997808;	1.6;	8359936.0;	229287.46666666667;	0.0;	10.266666666666667;	4.6;	0.0
1377368558;	2;	5199.99863;	88.39997670999999;	1.7;	8359936.0;	134216.8;	0.0;	10.266666666666667;	4.466666666666667;	0.0
1377368858;	2;	5199.99863;	88.39997670999999;	1.7;	8359936.0;	33553.6;	0.0;	10.266666666666667;	4.466666666666667;	0.0
1377369158;	2;	5199.99863;	88.39997670999999;	1.7;	8359936.0;	162177.6;	0.0;	10.133333333333333;	4.4;	0.0
1377369458;	2;	5199.99863;	105.73330547666666;	2.033333333333333;	8359936.0;	223695.2;	0.0;	15.8;	4.533333333333333;	0.0
1377369758;	2;	5199.99863;	84.93331095666669;	1.6333333333333335;	8359936.0;	251657.33333333334;	0.0;	10.4;	4.4;	0.0
1377370058;	2;	5199.99863;	83.19997808;	1.6;	8359936.0;	134216.26666666666;	0.0;	10.333333333333334;	4.466666666666667;	0.0
1377370358;	2;	5199.99863;	88.39997670999999;	1.7;	8359936.0;	178955.2;	0.0;	10.2;	4.4;	0.0
1377370658;	2;	5199.99863;	86.66664383333332;	1.6666666666666665;	8359936.0;	123031.73333333334;	0.0;	10.333333333333334;	4.466666666666667;	0.0
1377370958;	2;	5199.99863;	91.86664246333333;	1.7666666666666666;	8359936.0;	201325.33333333334;	0.0;	11.066666666666666;	4.6;	0.06666666666666667
1377371258;	2;	5199.99863;	84.93331095666669;	1.6333333333333335;	8359936.0;	44738.13333333333;	0.0;	10.666666666666666;	4.333333333333333;	0.0
1377371558;	2;	5199.99863;	88.39997670999999;	1.7;	8359936.0;	123031.2;	0.0;	10.266666666666667;	4.4;	0.0
1377371858;	2;	5199.99863;	84.93331095666669;	1.6333333333333335;	8359936.0;	78292.53333333334;	0.0;	10.2;	4.4;	0.0
1377372158;	2;	5199.99863;	86.66664383333332;	1.6666666666666665;	8359936.0;	178955.46666666667;	0.0;	10.4;	4.4;	0.0
1377372458;	2;	5199.99863;	83.19997808;	1.6;	8359936.0;	195732.53333333333;	0.0;	10.333333333333334;	4.466666666666667;	0.0
1377372758;	2;	5199.99863;	90.13330958666667;	1.7333333333333334;	8359936.0;	190140.26666666666;	0.0;	10.266666666666667;	4.466666666666667;	0.0
1377373058;	2;	5199.99863;	107.46663835333332;	2.0666666666666664;	8359936.0;	257250.13333333333;	0.0;	15.666666666666666;	4.466666666666667;	0.0
1377373358;	2;	5199.99863;	76.26664657333333;	1.4666666666666666;	8359936.0;	257249.6;	0.0;	3.7333333333333334;	1.5333333333333334;	0.0
1377373658;	2;	5199.99863;	65.86664931333333;	1.2666666666666666;	8359936.0;	5592.266666666666;	0.0;	0.0;	0.0;	0.0
1377373958;	2;	5199.99863;	69.33331506666667;	1.3333333333333335;	8359936.0;	16776.8;	0.0;	0.06666666666666667;	0.0;	0.0
1377374259;	2;	5199.99863;	77.99997945;	1.5;	8359936.0;	16776.8;	0.0;	0.0;	0.0;	0.0
1377374559;	2;	5199.99863;	76.26664657333333;	1.4666666666666666;	8359936.0;	67108.8;	0.0;	0.8;	0.0;	0.0
1377374859;	2;	5199.99863;	74.53331369666667;	1.4333333333333333;	8359936.0;	134216.0;	0.0;	0.8666666666666667;	0.0;	0.0
1377375159;	2;	5199.99863;	72.79998081999999;	1.4;	8359936.0;	55923.2;	0.0;	0.06666666666666667;	0.0;	0.0
1377375459;	2;	5199.99863;	67.59998219;	1.3;	8359936.0;	33553.86666666667;	0.0;	0.0;	0.0;	0.0
1377375759;	2;	5199.99863;	69.33331506666667;	1.3333333333333335;	8359936.0;	22369.066666666666;	0.0;	0.06666666666666667;	0.0;	0.0
1377376059;	2;	5199.99863;	64.13331643666668;	1.2333333333333334;	8359936.0;	22369.066666666666;	0.0;	0.0;	0.0;	0.0
1377376359;	2;	5199.99863;	71.06664794333332;	1.3666666666666665;	8359936.0;	61516.0;	0.0;	0.06666666666666667;	0.0;	0.0
1377376659;	2;	5199.99863;	90.13330958666667;	1.7333333333333334;	8359936.0;	134216.53333333333;	0.0;	5.466666666666667;	0.06666666666666667;	0.0
1377376959;	2;	5199.99863;	74.53331369666667;	1.4333333333333333;	8359936.0;	190140.0;	0.0;	0.06666666666666667;	0.0;	0.0
1377377259;	2;	5199.99863;	67.59998219;	1.3;	8359936.0;	11184.533333333333;	0.0;	0.0;	0.0;	0.0
1377377559;	2;	5199.99863;	74.53331369666667;	1.4333333333333333;	8359936.0;	72701.06666666667;	0.0;	0.06666666666666667;	0.0;	0.0
1377377859;	2;	5199.99863;	64.13331643666668;	1.2333333333333334;	8359936.0;	27961.333333333332;	0.0;	0.0;	0.0;	0.0
1377378159;	2;	5199.99863;	71.06664794333332;	1.3666666666666665;	8359936.0;	44739.2;	0.0;	0.8;	0.0;	0.0
1377378459;	2;	5199.99863;	72.79998081999999;	1.4;	8359936.0;	55923.2;	0.0;	0.4;	0.0;	0.0
1377378759;	2;	5199.99863;	65.86664931333333;	1.2666666666666666;	8359936.0;	33554.4;	0.0;	0.06666666666666667;	0.0;	0.0
1377379059;	2;	5199.99863;	60.66665068333334;	1.1666666666666667;	8359936.0;	0.0;	0.0;	0.0;	0.0;	0.0
1377379359;	2;	5199.99863;	72.79998081999999;	1.4;	8359936.0;	44739.2;	0.0;	0.06666666666666667;	0.0;	0.0
1377379659;	2;	5199.99863;	69.33331506666667;	1.3333333333333335;	8359936.0;	22369.6;	0.0;	0.0;	0.0;	0.0
1377379959;	2;	5199.99863;	71.06664794333332;	1.3666666666666665;	8359936.0;	55923.46666666667;	0.0;	0.06666666666666667;	0.0;	0.0
1377380259;	2;	5199.99863;	90.13330958666667;	1.7333333333333334;	8359936.0;	184548.26666666666;	0.0;	5.466666666666667;	0.06666666666666667;	0.0
1377380559;	2;	5199.99863;	69.33331506666667;	1.3333333333333335;	8359936.0;	173363.2;	0.0;	0.06666666666666667;	0.0;	0.0
1377380859;	2;	5199.99863;	72.79998081999999;	1.4;	8359936.0;	27961.333333333332;	0.0;	0.0;	0.0;	0.0
1377381159;	2;	5199.99863;	71.06664794333332;	1.3666666666666665;	8359936.0;	44739.2;	0.0;	0.06666666666666667;	0.0;	0.0
1377381459;	2;	5199.99863;	60.66665068333334;	1.1666666666666667;	8359936.0;	89478.4;	0.0;	0.9333333333333333;	0.0;	0.0
1377381759;	2;	5199.99863;	65.86664931333333;	1.2666666666666666;	8359936.0;	5592.266666666666;	0.0;	0.7333333333333333;	0.0;	0.0
1377382059;	2;	5199.99863;	69.33331506666667;	1.3333333333333335;	8359936.0;	83884.0;	0.0;	0.4666666666666667;	0.0;	0.0
1377382359;	2;	5199.99863;	64.13331643666668;	1.2333333333333334;	8359936.0;	39146.13333333333;	0.0;	0.06666666666666667;	0.0;	0.0
1377382659;	2;	5199.99863;	62.39998356;	1.2;	8359936.0;	128624.53333333334;	0.0;	0.0;	0.0;	0.0
1377382959;	2;	5199.99863;	67.59998219;	1.3;	8359936.0;	156585.33333333334;	0.0;	0.06666666666666667;	0.0;	0.0
1377383259;	2;	5199.99863;	74.53331369666667;	1.4333333333333333;	8359936.0;	156585.86666666667;	0.0;	0.13333333333333333;	0.0;	0.0
1377383559;	2;	5199.99863;	71.06664794333332;	1.3666666666666665;	8359936.0;	95069.06666666667;	0.0;	0.06666666666666667;	0.0;	0.0
1377383859;	2;	5199.99863;	157.73329177666668;	3.033333333333333;	8359936.0;	290804.5333333333;	0.0;	23.066666666666666;	0.7333333333333333;	2.2
1377384159;	2;	5199.99863;	69.33331506666667;	1.3333333333333335;	8359936.0;	329950.4;	0.0;	0.06666666666666667;	0.0;	0.0
1377384459;	2;	5199.99863;	65.86664931333333;	1.2666666666666666;	8359936.0;	83884.0;	0.0;	0.06666666666666667;	0.0;	0.0
1377384759;	2;	5199.99863;	71.06664794333332;	1.3666666666666665;	8359936.0;	67108.0;	0.0;	0.06666666666666667;	0.0;	0.0
1377385059;	2;	5199.99863;	72.79998081999999;	1.4;	8359936.0;	100662.4;	0.0;	0.06666666666666667;	0.0;	0.0
1377385360;	2;	5199.99863;	69.33331506666667;	1.3333333333333335;	8359936.0;	44738.13333333333;	0.0;	0.8;	0.0;	0.0
1377385660;	2;	5199.99863;	67.59998219;	1.3;	8359936.0;	67107.2;	0.0;	0.6666666666666666;	0.0;	0.0
1377385960;	2;	5199.99863;	67.59998219;	1.3;	8359936.0;	33553.6;	0.0;	0.06666666666666667;	0.0;	0.0
1377386260;	2;	5199.99863;	67.59998219;	1.3;	8359936.0;	39146.13333333333;	0.0;	0.0;	0.0;	0.0
1377386560;	2;	5199.99863;	81.46664520333334;	1.5666666666666667;	8359936.0;	39146.4;	0.0;	0.07142857142857142;	0.0;	0.0
1377386860;	2;	5199.99863;	71.06664794333332;	1.3666666666666665;	8359936.0;	167770.66666666666;	0.0;	0.0;	0.0;	0.0
1377387160;	2;	5199.99863;	67.59998219;	1.3;	8359936.0;	123031.2;	0.0;	0.06666666666666667;	0.0;	0.0
1377387460;	2;	5199.99863;	88.39997670999999;	1.7;	8359936.0;	117438.66666666667;	0.0;	5.466666666666667;	0.06666666666666667;	0.0
1377387760;	2;	5199.99863;	62.39998356;	1.2;	8359936.0;	123031.2;	0.0;	0.06666666666666667;	0.0;	0.0
1377388060;	2;	5199.99863;	72.79998081999999;	1.4;	8359936.0;	67107.2;	0.0;	0.0;	0.0;	0.0
1377388360;	2;	5199.99863;	65.86664931333333;	1.2666666666666666;	8359936.0;	67107.2;	0.0;	0.06666666666666667;	0.0;	0.0
1377388660;	2;	5199.99863;	62.39998356;	1.2;	8359936.0;	106254.4;	0.0;	0.0;	0.0;	0.0
1377388960;	2;	5199.99863;	72.79998081999999;	1.4;	8359936.0;	128624.26666666666;	0.0;	0.8;	0.0;	0.0
1377389260;	2;	5199.99863;	69.33331506666667;	1.3333333333333335;	8359936.0;	162179.46666666667;	0.0;	0.4;	0.0;	0.0
1377389560;	2;	5199.99863;	83.19997808;	1.6;	8359936.0;	100663.2;	0.0;	8.066666666666666;	0.2;	0.6666666666666666
1377389860;	2;	5199.99863;	69.33331506666667;	1.3333333333333335;	8359936.0;	16776.8;	0.0;	0.06666666666666667;	0.0;	0.0
1377390160;	2;	5199.99863;	74.53331369666667;	1.4333333333333333;	8359936.0;	50330.4;	0.0;	0.13333333333333333;	0.0;	0.0
1377390460;	2;	5199.99863;	69.33331506666667;	1.3333333333333335;	8359936.0;	27961.333333333332;	0.0;	0.06666666666666667;	0.0;	0.0
1377390760;	2;	5199.99863;	71.06664794333332;	1.3666666666666665;	8359936.0;	44738.13333333333;	0.0;	0.13333333333333333;	0.0;	0.0
1377391060;	2;	5199.99863;	100.53330684666668;	1.9333333333333333;	8359936.0;	139808.8;	0.0;	64.4;	15.0;	0.26666666666666666
1377391360;	2;	5199.99863;	62.39998356;	1.2;	8359936.0;	218102.4;	0.0;	0.13333333333333333;	0.0;	0.0
1377391660;	2;	5199.99863;	67.59998219;	1.3;	8359936.0;	78292.53333333334;	0.0;	0.06666666666666667;	0.0;	0.0
1377391961;	2;	5199.99863;	67.59998219;	1.3;	8359936.0;	67107.2;	0.0;	0.06666666666666667;	0.0;	0.0
1377392261;	2;	5199.99863;	69.33331506666667;	1.3333333333333335;	8359936.0;	39145.86666666667;	0.0;	0.0;	0.0;	0.0
1377392561;	2;	5199.99863;	76.26664657333333;	1.4666666666666666;	8359936.0;	89477.06666666667;	0.0;	0.8666666666666667;	0.0;	0.0
1377392861;	2;	5199.99863;	72.79998081999999;	1.4;	8359936.0;	173363.2;	0.0;	0.2;	0.0;	0.0
1377393161;	2;	5199.99863;	74.53331369666667;	1.4333333333333333;	8359936.0;	128624.8;	0.0;	0.06666666666666667;	0.0;	0.0
1377393461;	2;	5199.99863;	69.33331506666667;	1.3333333333333335;	8359936.0;	117440.0;	0.0;	0.0;	0.0;	0.0
1377393761;	2;	5199.99863;	65.86664931333333;	1.2666666666666666;	8359936.0;	16776.8;	0.0;	0.06666666666666667;	0.0;	0.0
1377394061;	2;	5199.99863;	71.06664794333332;	1.3666666666666665;	8359936.0;	16776.8;	0.0;	0.0;	0.0;	0.0
1377394361;	2;	5199.99863;	67.59998219;	1.3;	8359936.0;	16776.8;	0.0;	0.06666666666666667;	0.0;	0.0
1377394661;	2;	5199.99863;	93.59997534;	1.8;	8359936.0;	184548.8;	0.0;	5.466666666666667;	0.06666666666666667;	0.0
1377394961;	2;	5199.99863;	62.39998356;	1.2;	8359936.0;	184548.0;	0.0;	0.06666666666666667;	0.0;	0.0
1377395261;	2;	5199.99863;	71.06664794333332;	1.3666666666666665;	8359936.0;	150993.6;	0.0;	0.0;	0.0;	0.0
1377395561;	2;	5199.99863;	74.53331369666667;	1.4333333333333333;	8359936.0;	67108.0;	0.0;	0.06666666666666667;	0.0;	0.0
1377395861;	2;	5199.99863;	71.06664794333332;	1.3666666666666665;	8359936.0;	33554.4;	0.0;	0.0;	0.0;	0.0
1377396161;	2;	5199.99863;	242.66660273333335;	4.666666666666667;	8359936.0;	156585.86666666667;	0.0;	2.933333333333333;	1.5333333333333334;	0.8
1377396461;	2;	5199.99863;	103.9999726;	2.0;	8359936.0;	397059.2;	0.0;	16.0;	6.866666666666666;	0.2
1377396761;	2;	5199.99863;	72.79998081999999;	1.4;	8359936.0;	106254.13333333333;	0.0;	0.13333333333333333;	0.0;	0.0
1377397061;	2;	5199.99863;	74.53331369666667;	1.4333333333333333;	8359936.0;	83884.0;	0.0;	0.06666666666666667;	0.0;	0.0
1377397361;	2;	5199.99863;	235.73327122666666;	4.533333333333333;	8359936.0;	100661.6;	0.0;	8.0;	0.0;	0.0
1377397661;	2;	5199.99863;	221.86660821333334;	4.266666666666667;	8359936.0;	234880.0;	0.0;	0.06666666666666667;	0.0;	0.0
1377397961;	2;	5199.99863;	77.99997945;	1.5;	8359936.0;	89477.06666666667;	0.0;	0.13333333333333333;	0.0;	0.0
1377398261;	2;	5199.99863;	93.59997534;	1.8;	8359936.0;	156586.4;	0.0;	5.6;	0.06666666666666667;	0.0
1377398561;	2;	5199.99863;	76.26664657333333;	1.4666666666666666;	8359936.0;	173362.93333333332;	0.0;	0.13333333333333333;	0.0;	0.0
1377398861;	2;	5199.99863;	74.53331369666667;	1.4333333333333333;	8359936.0;	106253.86666666667;	0.0;	0.06666666666666667;	0.0;	0.0
1377399161;	2;	5199.99863;	77.99997945;	1.5;	8359936.0;	33554.4;	0.0;	0.13333333333333333;	0.0;	0.0
1377399461;	2;	5199.99863;	77.99997945;	1.5;	8359936.0;	72699.46666666666;	0.0;	0.0;	0.0;	0.0
1377399761;	2;	5199.99863;	76.26664657333333;	1.4666666666666666;	8359936.0;	95069.86666666667;	0.0;	0.8666666666666667;	0.0;	0.0
1377400061;	2;	5199.99863;	77.99997945;	1.5;	8359936.0;	123032.53333333334;	0.0;	0.4;	0.0;	0.0
1377400362;	2;	5199.99863;	72.79998081999999;	1.4;	8359936.0;	39145.86666666667;	0.0;	0.06666666666666667;	0.0;	0.0
1377400662;	2;	5199.99863;	76.26664657333333;	1.4666666666666666;	8359936.0;	100662.4;	0.0;	0.0;	0.0;	0.0
1377400962;	2;	5199.99863;	69.33331506666667;	1.3333333333333335;	8359936.0;	50330.4;	0.0;	0.13333333333333333;	0.0;	0.0
1377401262;	2;	5199.99863;	77.99997945;	1.5;	8359936.0;	67107.2;	0.0;	0.06666666666666667;	0.0;	0.0
1377401562;	2;	5199.99863;	77.99997945;	1.5;	8359936.0;	0.0;	0.0;	0.13333333333333333;	0.0;	0.0
1377401862;	2;	5199.99863;	98.79997397;	1.9;	8359936.0;	223694.4;	0.0;	5.6;	0.06666666666666667;	0.0
1377402162;	2;	5199.99863;	74.53331369666667;	1.4333333333333333;	8359936.0;	201325.06666666668;	0.0;	0.13333333333333333;	0.0;	0.0
1377402462;	2;	5199.99863;	72.79998081999999;	1.4;	8359936.0;	134216.26666666666;	0.0;	0.06666666666666667;	0.0;	0.0
1377402762;	2;	5199.99863;	76.26664657333333;	1.4666666666666666;	8359936.0;	145401.6;	0.0;	0.13333333333333333;	0.0;	0.0
1377403062;	2;	5199.99863;	77.99997945;	1.5;	8359936.0;	16776.8;	0.0;	0.06666666666666667;	0.0;	0.0
1377403362;	2;	5199.99863;	77.99997945;	1.5;	8359936.0;	89477.86666666667;	0.0;	0.8666666666666667;	0.06666666666666667;	0.0
1377403662;	2;	5199.99863;	72.79998081999999;	1.4;	8359936.0;	117439.2;	0.0;	0.5333333333333333;	0.0;	0.0
1377403962;	2;	5199.99863;	74.53331369666667;	1.4333333333333333;	8359936.0;	16776.8;	0.0;	0.13333333333333333;	0.0;	0.0
1377404262;	2;	5199.99863;	77.99997945;	1.5;	8359936.0;	50331.2;	0.0;	0.06666666666666667;	0.0;	0.0
1377404562;	2;	5199.99863;	76.26664657333333;	1.4666666666666666;	8359936.0;	39146.666666666664;	0.0;	0.13333333333333333;	0.0;	0.0
1377404862;	2;	5199.99863;	77.99997945;	1.5;	8359936.0;	95069.33333333333;	0.0;	0.13333333333333333;	0.0;	0.0
1377405162;	2;	5199.99863;	77.99997945;	1.5;	8359936.0;	95070.4;	0.0;	0.13333333333333333;	0.0;	0.0
1377405462;	2;	5199.99863;	93.59997534;	1.8;	8359936.0;	195733.33333333334;	0.0;	5.4;	0.06666666666666667;	0.0
1377405762;	2;	5199.99863;	72.79998081999999;	1.4;	8359936.0;	162177.86666666667;	0.0;	0.06666666666666667;	0.0;	0.0
1377406062;	2;	5199.99863;	76.26664657333333;	1.4666666666666666;	8359936.0;	78292.53333333334;	0.0;	0.0;	0.0;	0.0
1377406362;	2;	5199.99863;	77.99997945;	1.5;	8359936.0;	72700.26666666666;	0.0;	0.06666666666666667;	0.0;	0.0
1377406662;	2;	5199.99863;	77.99997945;	1.5;	8359936.0;	50330.4;	0.0;	0.0;	0.0;	0.0
1377406962;	2;	5199.99863;	74.53331369666667;	1.4333333333333333;	8359936.0;	33553.6;	0.0;	0.8;	0.0;	0.0
1377407262;	2;	5199.99863;	74.53331369666667;	1.4333333333333333;	8359936.0;	184548.0;	0.0;	0.7333333333333333;	0.0;	0.0
1377407562;	2;	5199.99863;	72.79998081999999;	1.4;	8359936.0;	44738.13333333333;	0.0;	0.06666666666666667;	0.0;	0.0
1377407862;	2;	5199.99863;	67.59998219;	1.3;	8359936.0;	89477.06666666667;	0.0;	0.0;	0.0;	0.0
1377408162;	2;	5199.99863;	77.99997945;	1.5;	8359936.0;	11184.533333333333;	0.0;	0.06666666666666667;	0.0;	0.0
1377408462;	2;	5199.99863;	71.06664794333332;	1.3666666666666665;	8359936.0;	33553.6;	0.0;	0.0;	0.0;	0.0
1377408762;	2;	5199.99863;	65.86664931333333;	1.2666666666666666;	8359936.0;	72700.26666666666;	0.0;	0.06666666666666667;	0.0;	0.0
1377409062;	2;	5199.99863;	90.13330958666667;	1.7333333333333334;	8359936.0;	184548.26666666666;	0.0;	5.4;	0.06666666666666667;	0.0
1377409362;	2;	5199.99863;	71.06664794333332;	1.3666666666666665;	8359936.0;	128624.26666666666;	0.0;	0.06666666666666667;	0.0;	0.0
1377409662;	2;	5199.99863;	72.79998081999999;	1.4;	8359936.0;	78293.33333333333;	0.0;	0.0;	0.0;	0.0
1377409962;	2;	5199.99863;	74.53331369666667;	1.4333333333333333;	8359936.0;	67107.73333333334;	0.0;	0.13333333333333333;	0.0;	0.0
1377410262;	2;	5199.99863;	72.79998081999999;	1.4;	8359936.0;	67107.2;	0.0;	0.06666666666666667;	0.0;	0.0
1377410562;	2;	5199.99863;	72.79998081999999;	1.4;	8359936.0;	55922.666666666664;	0.0;	0.8666666666666667;	0.06666666666666667;	0.0
1377410862;	2;	5199.99863;	77.99997945;	1.5;	8359936.0;	83884.8;	0.0;	0.4666666666666667;	0.0;	0.0
1377411162;	2;	5199.99863;	84.93331095666669;	1.6333333333333335;	8359936.0;	111846.66666666667;	0.0;	8.6;	3.6666666666666665;	0.0
1377411462;	2;	5199.99863;	79.73331232666668;	1.5333333333333334;	8359936.0;	167772.0;	0.0;	10.133333333333333;	4.4;	0.0
1377411763;	2;	5199.99863;	86.66664383333332;	1.6666666666666665;	8359936.0;	134217.6;	0.0;	10.2;	4.333333333333333;	0.0
1377412063;	2;	5199.99863;	81.46664520333334;	1.5666666666666667;	8359936.0;	201325.6;	0.0;	9.933333333333334;	4.4;	0.0
1377412363;	2;	5199.99863;	86.66664383333332;	1.6666666666666665;	8359936.0;	167772.0;	0.0;	10.2;	4.466666666666667;	0.0
1377412663;	2;	5199.99863;	103.9999726;	2.0;	8359936.0;	218101.6;	0.0;	15.6;	4.4;	0.0
1377412963;	2;	5199.99863;	84.93331095666669;	1.6333333333333335;	8359936.0;	201325.6;	0.0;	10.266666666666667;	4.266666666666667;	0.0
1377413263;	2;	5199.99863;	77.99997945;	1.5;	8359936.0;	150994.4;	0.0;	10.0;	4.4;	0.0
1377413563;	2;	5199.99863;	84.93331095666669;	1.6333333333333335;	8359936.0;	50330.4;	0.0;	10.066666666666666;	4.333333333333333;	0.0
1377413863;	2;	5199.99863;	83.19997808;	1.6;	8359936.0;	100661.6;	0.0;	10.266666666666667;	4.4;	0.0
1377414163;	2;	5199.99863;	90.13330958666667;	1.7333333333333334;	8359936.0;	117439.2;	0.0;	10.733333333333333;	4.4;	0.0
1377414463;	2;	5199.99863;	83.19997808;	1.6;	8359936.0;	83884.0;	0.0;	10.4;	4.4;	0.0
1377414763;	2;	5199.99863;	86.66664383333332;	1.6666666666666665;	8359936.0;	67107.2;	0.0;	10.133333333333333;	4.266666666666667;	0.0
1377415063;	2;	5199.99863;	77.99997945;	1.5;	8359936.0;	100661.6;	0.0;	9.6;	4.266666666666667;	0.0
1377415363;	2;	5199.99863;	83.19997808;	1.6;	8359936.0;	184548.0;	0.0;	9.933333333333334;	4.333333333333333;	0.0
1377415663;	2;	5199.99863;	77.99997945;	1.5;	8359936.0;	106254.13333333333;	0.0;	9.866666666666667;	4.4;	0.0
1377415963;	2;	5199.99863;	83.19997808;	1.6;	8359936.0;	184548.0;	0.0;	9.8;	4.333333333333333;	0.0
1377416263;	2;	5199.99863;	102.26663972333334;	1.9666666666666666;	8359936.0;	234879.2;	0.0;	15.2;	4.4;	0.0
1377416563;	2;	5199.99863;	83.19997808;	1.6;	8359936.0;	218103.2;	0.0;	9.8;	4.333333333333333;	0.0
1377416863;	2;	5199.99863;	77.99997945;	1.5;	8359936.0;	195733.06666666668;	0.0;	9.8;	4.4;	0.0
1377417163;	2;	5199.99863;	84.93331095666669;	1.6333333333333335;	8359936.0;	162178.66666666666;	0.0;	9.8;	4.266666666666667;	0.0
1377417463;	2;	5199.99863;	77.99997945;	1.5;	8359936.0;	162178.13333333333;	0.0;	9.466666666666667;	4.333333333333333;	0.0
1377417763;	2;	5199.99863;	88.39997670999999;	1.7;	8359936.0;	134216.0;	0.0;	10.466666666666667;	4.466666666666667;	0.0
1377418063;	2;	5199.99863;	86.66664383333332;	1.6666666666666665;	8359936.0;	145400.8;	0.0;	10.333333333333334;	4.333333333333333;	0.0
1377418363;	2;	5199.99863;	84.93331095666669;	1.6333333333333335;	8359936.0;	134216.0;	0.0;	9.8;	4.266666666666667;	0.0
1377418663;	2;	5199.99863;	77.99997945;	1.5;	8359936.0;	106253.86666666667;	0.0;	9.933333333333334;	4.266666666666667;	0.0
1377418963;	2;	5199.99863;	83.19997808;	1.6;	8359936.0;	156586.4;	0.0;	10.066666666666666;	4.066666666666666;	0.0
1377419263;	2;	5199.99863;	77.99997945;	1.5;	8359936.0;	100661.33333333333;	0.0;	9.8;	4.266666666666667;	0.0
1377419564;	2;	5199.99863;	83.19997808;	1.6;	8359936.0;	117440.26666666666;	0.0;	10.0;	4.2;	0.0
1377419864;	2;	5199.99863;	102.26663972333334;	1.9666666666666666;	8359936.0;	251657.6;	0.0;	15.466666666666667;	4.333333333333333;	0.0
1377420164;	2;	5199.99863;	83.19997808;	1.6;	8359936.0;	307580.8;	0.0;	9.866666666666667;	4.2;	0.0
1377420464;	2;	5199.99863;	81.46664520333334;	1.5666666666666667;	8359936.0;	173363.73333333334;	0.0;	9.8;	4.133333333333334;	0.0
1377420764;	2;	5199.99863;	100.53330684666668;	1.9333333333333333;	8359936.0;	106253.86666666667;	0.0;	14.866666666666667;	4.333333333333333;	0.0
1377421064;	2;	5199.99863;	77.99997945;	1.5;	8359936.0;	240471.46666666667;	0.0;	9.933333333333334;	4.4;	0.0
1377421364;	2;	5199.99863;	88.39997670999999;	1.7;	8359936.0;	117440.0;	0.0;	10.533333333333333;	4.4;	0.0
1377421664;	2;	5199.99863;	81.46664520333334;	1.5666666666666667;	8359936.0;	190140.53333333333;	0.0;	10.2;	4.4;	0.0
1377421964;	2;	5199.99863;	83.19997808;	1.6;	8359936.0;	134216.8;	0.0;	9.666666666666666;	4.133333333333334;	0.0
1377422264;	2;	5199.99863;	77.99997945;	1.5;	8359936.0;	134216.8;	0.0;	9.933333333333334;	4.333333333333333;	0.0
1377422564;	2;	5199.99863;	83.19997808;	1.6;	8359936.0;	162178.66666666666;	0.0;	9.933333333333334;	4.333333333333333;	0.0
1377422864;	2;	5199.99863;	77.99997945;	1.5;	8359936.0;	145401.86666666667;	0.0;	9.733333333333333;	4.4;	0.0
1377423164;	2;	5199.99863;	83.19997808;	1.6;	8359936.0;	212509.33333333334;	0.0;	9.733333333333333;	4.333333333333333;	0.0
1377423464;	2;	5199.99863;	103.9999726;	2.0;	8359936.0;	212509.86666666667;	0.0;	15.266666666666667;	4.4;	0.0
1377424064;	2;	5199.99863;	77.99997945;	1.5;	8359936.0;	139809.33333333334;	0.0;	9.8;	4.2;	0.0
1377424364;	2;	5199.99863;	84.93331095666669;	1.6333333333333335;	8359936.0;	229286.93333333332;	0.0;	9.866666666666667;	4.266666666666667;	0.0
1377424663;	2;	5199.99863;	81.46664520333334;	1.5666666666666667;	8359936.0;	178956.0;	0.0;	9.8;	4.333333333333333;	0.0
1377424963;	2;	5199.99863;	90.13330958666667;	1.7333333333333334;	8359936.0;	95069.86666666667;	0.0;	10.466666666666667;	4.266666666666667;	0.06666666666666667
1377425263;	2;	5199.99863;	83.19997808;	1.6;	8359936.0;	167771.2;	0.0;	10.0;	4.133333333333334;	0.0
1377425563;	2;	5199.99863;	83.19997808;	1.6;	8359936.0;	134216.8;	0.0;	9.8;	4.4;	0.0
1377425863;	2;	5199.99863;	77.99997945;	1.5;	8359936.0;	184547.73333333334;	0.0;	9.666666666666666;	4.466666666666667;	0.0
1377426163;	2;	5199.99863;	83.19997808;	1.6;	8359936.0;	134216.0;	0.0;	9.533333333333333;	4.333333333333333;	0.0
1377426463;	2;	5199.99863;	81.46664520333334;	1.5666666666666667;	8359936.0;	173362.66666666666;	0.0;	9.8;	4.266666666666667;	0.0
1377426763;	2;	5199.99863;	83.19997808;	1.6;	8359936.0;	106254.13333333333;	0.0;	9.733333333333333;	4.266666666666667;	0.0
1377427063;	2;	5199.99863;	100.53330684666668;	1.9333333333333333;	8359936.0;	262841.3333333333;	0.0;	15.2;	4.466666666666667;	0.0
1377427363;	2;	5199.99863;	83.19997808;	1.6;	8359936.0;	201325.6;	0.0;	10.0;	4.466666666666667;	0.0
1377427663;	2;	5199.99863;	77.99997945;	1.5;	8359936.0;	162178.66666666666;	0.0;	9.8;	4.4;	0.0
1377427963;	2;	5199.99863;	83.19997808;	1.6;	8359936.0;	240471.73333333334;	0.0;	9.8;	4.333333333333333;	0.0
1377428263;	2;	5199.99863;	77.99997945;	1.5;	8359936.0;	212509.6;	0.0;	9.733333333333333;	4.333333333333333;	0.0
1377428563;	2;	5199.99863;	88.39997670999999;	1.7;	8359936.0;	139809.06666666668;	0.0;	10.533333333333333;	4.4;	0.06666666666666667
1377428863;	2;	5199.99863;	86.66664383333332;	1.6666666666666665;	8359936.0;	100661.6;	0.0;	10.6;	4.466666666666667;	0.06666666666666667
1377429163;	2;	5199.99863;	84.93331095666669;	1.6333333333333335;	8359936.0;	100662.4;	0.0;	9.8;	4.266666666666667;	0.0
1377429463;	2;	5199.99863;	77.99997945;	1.5;	8359936.0;	83884.0;	0.0;	9.733333333333333;	4.2;	0.0
1377429763;	2;	5199.99863;	83.19997808;	1.6;	8359936.0;	83884.0;	0.0;	9.866666666666667;	4.133333333333334;	0.0
1377430063;	2;	5199.99863;	77.99997945;	1.5;	8359936.0;	150993.6;	0.0;	9.8;	4.266666666666667;	0.0
1377430363;	2;	5199.99863;	83.19997808;	1.6;	8359936.0;	78291.73333333334;	0.0;	9.8;	4.333333333333333;	0.0
1377430664;	2;	5199.99863;	98.79997397;	1.9;	8359936.0;	145402.4;	0.0;	15.266666666666667;	4.333333333333333;	0.0
1377430964;	2;	5199.99863;	83.19997808;	1.6;	8359936.0;	123031.46666666666;	0.0;	9.8;	4.4;	0.0
1377431264;	2;	5199.99863;	77.99997945;	1.5;	8359936.0;	117438.93333333333;	0.0;	9.666666666666666;	4.333333333333333;	0.0
1377431564;	2;	5199.99863;	83.19997808;	1.6;	8359936.0;	262841.86666666664;	0.0;	9.6;	4.333333333333333;	0.0
1377431864;	2;	5199.99863;	77.99997945;	1.5;	8359936.0;	156586.4;	0.0;	9.666666666666666;	4.4;	0.0
1377432164;	2;	5199.99863;	95.33330821666668;	1.8333333333333335;	8359936.0;	95069.6;	0.0;	10.466666666666667;	4.466666666666667;	0.0
1377432464;	2;	5199.99863;	79.73331232666668;	1.5333333333333334;	8359936.0;	83884.8;	0.0;	9.733333333333333;	4.333333333333333;	0.0
1377432764;	2;	5199.99863;	83.19997808;	1.6;	8359936.0;	134216.8;	0.0;	9.933333333333334;	4.266666666666667;	0.0
1377433064;	2;	5199.99863;	77.99997945;	1.5;	8359936.0;	156587.2;	0.0;	9.733333333333333;	4.333333333333333;	0.0
1377433364;	2;	5199.99863;	83.19997808;	1.6;	8359936.0;	117440.26666666666;	0.0;	9.666666666666666;	4.266666666666667;	0.0
1377433664;	2;	5199.99863;	77.99997945;	1.5;	8359936.0;	89478.4;	0.0;	9.866666666666667;	4.333333333333333;	0.0
1377433964;	2;	5199.99863;	83.19997808;	1.6;	8359936.0;	150993.86666666667;	0.0;	9.933333333333334;	4.2;	0.0
1377434264;	2;	5199.99863;	100.53330684666668;	1.9333333333333333;	8359936.0;	145402.4;	0.0;	15.266666666666667;	4.266666666666667;	0.0
1377434564;	2;	5199.99863;	83.19997808;	1.6;	8359936.0;	178956.26666666666;	0.0;	9.8;	4.333333333333333;	0.0
1377434864;	2;	5199.99863;	77.99997945;	1.5;	8359936.0;	150992.8;	0.0;	9.733333333333333;	4.266666666666667;	0.0
1377435164;	2;	5199.99863;	83.19997808;	1.6;	8359936.0;	33553.6;	0.0;	9.733333333333333;	4.266666666666667;	0.0
1377435464;	2;	5199.99863;	77.99997945;	1.5;	8359936.0;	0.0;	0.0;	9.8;	4.2;	0.0
1377435764;	2;	5199.99863;	88.39997670999999;	1.7;	8359936.0;	55922.666666666664;	0.0;	10.666666666666666;	4.266666666666667;	0.0
1377436064;	2;	5199.99863;	83.19997808;	1.6;	8359936.0;	145401.86666666667;	0.0;	9.933333333333334;	4.266666666666667;	0.0
1377436364;	2;	5199.99863;	83.19997808;	1.6;	8359936.0;	150994.4;	0.0;	9.733333333333333;	4.266666666666667;	0.0
1377436664;	2;	5199.99863;	77.99997945;	1.5;	8359936.0;	134216.8;	0.0;	9.866666666666667;	4.333333333333333;	0.0
1377436964;	2;	5199.99863;	81.46664520333334;	1.5666666666666667;	8359936.0;	117438.4;	0.0;	5.666666666666667;	2.2666666666666666;	0.0
1377437264;	2;	5199.99863;	69.33331506666667;	1.3333333333333335;	8359936.0;	50331.2;	0.0;	0.06666666666666667;	0.0;	0.0
1377437564;	2;	5199.99863;	74.53331369666667;	1.4333333333333333;	8359936.0;	67108.8;	0.0;	0.13333333333333333;	0.0;	0.0
1377437864;	2;	5199.99863;	81.46664520333334;	1.5666666666666667;	8359936.0;	100663.2;	0.0;	5.733333333333333;	0.06666666666666667;	0.0
1377438164;	2;	5199.99863;	72.79998081999999;	1.4;	8359936.0;	72700.26666666666;	0.0;	0.13333333333333333;	0.0;	0.0
1377438464;	2;	5199.99863;	67.59998219;	1.3;	8359936.0;	67108.0;	0.0;	0.06666666666666667;	0.0;	0.0
1377438764;	2;	5199.99863;	76.26664657333333;	1.4666666666666666;	8359936.0;	150993.6;	0.0;	0.13333333333333333;	0.0;	0.0
1377439064;	2;	5199.99863;	71.06664794333332;	1.3666666666666665;	8359936.0;	33554.4;	0.0;	0.13333333333333333;	0.0;	0.0
1377439364;	2;	5199.99863;	71.06664794333332;	1.3666666666666665;	8359936.0;	67107.2;	0.0;	0.8666666666666667;	0.0;	0.0
1377439664;	2;	5199.99863;	76.26664657333333;	1.4666666666666666;	8359936.0;	218102.13333333333;	0.0;	6.266666666666667;	2.4;	0.0
1377439964;	2;	5199.99863;	83.19997808;	1.6;	8359936.0;	201325.6;	0.0;	9.466666666666667;	4.066666666666666;	0.0
1377440264;	2;	5199.99863;	77.99997945;	1.5;	8359936.0;	117439.2;	0.0;	9.6;	4.266666666666667;	0.0
1377440564;	2;	5199.99863;	83.19997808;	1.6;	8359936.0;	83885.6;	0.0;	9.733333333333333;	4.2;	0.0
1377440864;	2;	5199.99863;	91.86664246333333;	1.7666666666666666;	8359936.0;	50331.2;	0.0;	9.8;	4.266666666666667;	0.0
1377441164;	2;	5199.99863;	77.99997945;	1.5;	8359936.0;	67107.2;	0.0;	9.733333333333333;	4.266666666666667;	0.0
1377441464;	2;	5199.99863;	105.73330547666666;	2.033333333333333;	8359936.0;	134216.0;	0.0;	14.933333333333334;	4.4;	0.0
1377441764;	2;	5199.99863;	79.73331232666668;	1.5333333333333334;	8359936.0;	134216.8;	0.0;	9.666666666666666;	4.266666666666667;	0.0
1377442064;	2;	5199.99863;	83.19997808;	1.6;	8359936.0;	61515.73333333333;	0.0;	9.733333333333333;	4.266666666666667;	0.0
1377442364;	2;	5199.99863;	77.99997945;	1.5;	8359936.0;	123031.73333333334;	0.0;	9.666666666666666;	4.2;	0.0
1377442665;	2;	5199.99863;	86.66664383333332;	1.6666666666666665;	8359936.0;	139808.53333333333;	0.0;	9.733333333333333;	4.2;	0.0
1377442965;	2;	5199.99863;	98.79997397;	1.9;	8359936.0;	22369.066666666666;	0.0;	15.266666666666667;	4.2;	0.13333333333333333
1377443265;	2;	5199.99863;	90.13330958666667;	1.7333333333333334;	8359936.0;	173364.0;	0.0;	10.2;	4.133333333333334;	0.0
1377443565;	2;	5199.99863;	90.13330958666667;	1.7333333333333334;	8359936.0;	290803.73333333334;	0.0;	14.933333333333334;	4.066666666666666;	0.0
1377443865;	2;	5199.99863;	83.19997808;	1.6;	8359936.0;	100661.6;	0.0;	9.666666666666666;	4.2;	0.0
1377444165;	2;	5199.99863;	77.99997945;	1.5;	8359936.0;	55922.666666666664;	0.0;	9.6;	4.2;	0.0
1377444465;	2;	5199.99863;	83.19997808;	1.6;	8359936.0;	95069.33333333333;	0.0;	9.466666666666667;	4.2;	0.0
1377444765;	2;	5199.99863;	77.99997945;	1.5;	8359936.0;	44738.666666666664;	0.0;	9.866666666666667;	4.2;	0.0
1377445065;	2;	5199.99863;	102.26663972333334;	1.9666666666666666;	8359936.0;	268434.13333333336;	0.0;	15.2;	4.266666666666667;	0.0
1377445365;	2;	5199.99863;	77.99997945;	1.5;	8359936.0;	251657.33333333334;	0.0;	9.733333333333333;	4.266666666666667;	0.0
1377445665;	2;	5199.99863;	83.19997808;	1.6;	8359936.0;	67107.2;	0.0;	9.6;	4.266666666666667;	0.0
1377445965;	2;	5199.99863;	77.99997945;	1.5;	8359936.0;	55922.666666666664;	0.0;	9.466666666666667;	4.333333333333333;	0.0
1377446265;	2;	5199.99863;	83.19997808;	1.6;	8359936.0;	67107.2;	0.0;	9.466666666666667;	4.066666666666666;	0.0
1377446565;	2;	5199.99863;	88.39997670999999;	1.7;	8359936.0;	195732.53333333333;	0.0;	10.933333333333334;	4.4;	0.0
1377446865;	2;	5199.99863;	86.66664383333332;	1.6666666666666665;	8359936.0;	274026.13333333336;	0.0;	10.333333333333334;	4.266666666666667;	0.0
1377447165;	2;	5199.99863;	83.19997808;	1.6;	8359936.0;	128624.0;	0.0;	10.266666666666667;	4.4;	0.0
1377447465;	2;	5199.99863;	90.13330958666667;	1.7333333333333334;	8359936.0;	134217.06666666668;	0.0;	10.4;	4.466666666666667;	0.0
1377447765;	2;	5199.99863;	97.06664109333333;	1.8666666666666665;	8359936.0;	156586.93333333332;	0.0;	10.8;	4.466666666666667;	0.0
1377448065;	2;	5199.99863;	81.46664520333334;	1.5666666666666667;	8359936.0;	150993.6;	0.0;	10.066666666666666;	4.4;	0.0
1377448365;	2;	5199.99863;	83.19997808;	1.6;	8359936.0;	117439.2;	0.0;	9.533333333333333;	4.2;	0.0
1377448665;	2;	5199.99863;	103.9999726;	2.0;	8359936.0;	246064.53333333333;	0.0;	15.866666666666667;	4.533333333333333;	0.0
1377448965;	2;	5199.99863;	86.66664383333332;	1.6666666666666665;	8359936.0;	212509.6;	0.0;	10.466666666666667;	4.333333333333333;	0.0
1377449265;	2;	5199.99863;	81.46664520333334;	1.5666666666666667;	8359936.0;	195732.26666666666;	0.0;	10.466666666666667;	4.4;	0.0
1377449565;	2;	5199.99863;	88.39997670999999;	1.7;	8359936.0;	229286.93333333332;	0.0;	10.533333333333333;	4.4;	0.0
1377449865;	2;	5199.99863;	83.19997808;	1.6;	8359936.0;	184548.53333333333;	0.0;	10.4;	4.4;	0.0
1377450165;	2;	5199.99863;	88.39997670999999;	1.7;	8359936.0;	178955.46666666667;	0.0;	11.133333333333333;	4.4;	0.0
1377450465;	2;	5199.99863;	86.66664383333332;	1.6666666666666665;	8359936.0;	117438.93333333333;	0.0;	10.933333333333334;	4.4;	0.0
1377450765;	2;	5199.99863;	86.66664383333332;	1.6666666666666665;	8359936.0;	106253.6;	0.0;	10.533333333333333;	4.533333333333333;	0.0
1377451065;	2;	5199.99863;	86.66664383333332;	1.6666666666666665;	8359936.0;	223695.46666666667;	0.0;	10.666666666666666;	4.533333333333333;	0.0
1377451365;	2;	5199.99863;	90.13330958666667;	1.7333333333333334;	8359936.0;	195733.06666666668;	0.0;	11.133333333333333;	4.6;	0.0
1377451665;	2;	5199.99863;	100.53330684666668;	1.9333333333333333;	8359936.0;	139808.0;	0.0;	11.4;	4.666666666666667;	0.0
1377451965;	2;	5199.99863;	91.86664246333333;	1.7666666666666666;	8359936.0;	150994.66666666666;	0.0;	11.2;	4.533333333333333;	0.0
1377452265;	2;	5199.99863;	116.13330273666666;	2.2333333333333334;	8359936.0;	162179.46666666667;	0.0;	16.733333333333334;	4.6;	0.0
1377452566;	2;	5199.99863;	98.79997397;	1.9;	8359936.0;	195733.06666666668;	0.0;	11.733333333333333;	4.666666666666667;	0.0
1377452866;	2;	5199.99863;	98.79997397;	1.9;	8359936.0;	150993.86666666667;	0.0;	11.533333333333333;	4.733333333333333;	0.0
1377453166;	2;	5199.99863;	98.79997397;	1.9;	8359936.0;	83884.0;	0.0;	11.6;	4.8;	0.0
1377453466;	2;	5199.99863;	95.33330821666668;	1.8333333333333335;	8359936.0;	195733.06666666668;	0.0;	11.533333333333333;	4.8;	0.0
1377453766;	2;	5199.99863;	102.26663972333334;	1.9666666666666666;	8359936.0;	223695.46666666667;	0.0;	12.333333333333334;	4.866666666666666;	0.06666666666666667
1377454066;	2;	5199.99863;	95.33330821666668;	1.8333333333333335;	8359936.0;	167771.46666666667;	0.0;	11.2;	4.666666666666667;	0.0
1377454366;	2;	5199.99863;	84.93331095666669;	1.6333333333333335;	8359936.0;	150993.6;	0.0;	10.733333333333333;	4.533333333333333;	0.0
1377454666;	2;	5199.99863;	86.66664383333332;	1.6666666666666665;	8359936.0;	111846.66666666667;	0.0;	10.6;	4.6;	0.0
1377454966;	2;	5199.99863;	95.33330821666668;	1.8333333333333335;	8359936.0;	173363.46666666667;	0.0;	10.666666666666666;	4.466666666666667;	0.0
1377455266;	2;	5199.99863;	103.9999726;	2.0;	8359936.0;	156585.6;	0.0;	10.666666666666666;	4.6;	0.0
1377455566;	2;	5199.99863;	95.33330821666668;	1.8333333333333335;	8359936.0;	111846.66666666667;	0.0;	10.666666666666666;	4.466666666666667;	0.0
1377455866;	2;	5199.99863;	109.19997123000002;	2.1;	8359936.0;	195733.33333333334;	0.0;	16.2;	4.6;	0.0
1377456166;	2;	5199.99863;	86.66664383333332;	1.6666666666666665;	8359936.0;	184548.26666666666;	0.0;	10.666666666666666;	4.6;	0.0
1377456466;	2;	5199.99863;	95.33330821666668;	1.8333333333333335;	8359936.0;	234879.2;	0.0;	10.666666666666666;	4.466666666666667;	0.0
1377456766;	2;	5199.99863;	90.13330958666667;	1.7333333333333334;	8359936.0;	134216.0;	0.0;	10.533333333333333;	4.6;	0.0
1377457066;	2;	5199.99863;	91.86664246333333;	1.7666666666666666;	8359936.0;	156585.6;	0.0;	10.733333333333333;	4.466666666666667;	0.0
1377457366;	2;	5199.99863;	95.33330821666668;	1.8333333333333335;	8359936.0;	201325.6;	0.0;	11.4;	4.6;	0.06666666666666667
1377457666;	2;	5199.99863;	91.86664246333333;	1.7666666666666666;	8359936.0;	162179.46666666667;	0.0;	10.733333333333333;	4.533333333333333;	0.0
1377457966;	2;	5199.99863;	91.86664246333333;	1.7666666666666666;	8359936.0;	167770.4;	0.0;	10.866666666666667;	4.4;	0.0
1377458266;	2;	5199.99863;	86.66664383333332;	1.6666666666666665;	8359936.0;	100662.4;	0.0;	10.6;	4.4;	0.0
1377458566;	2;	5199.99863;	88.39997670999999;	1.7;	8359936.0;	61514.933333333334;	0.0;	10.733333333333333;	4.533333333333333;	0.0
1377458866;	2;	5199.99863;	93.59997534;	1.8;	8359936.0;	100662.4;	0.0;	10.733333333333333;	4.466666666666667;	0.0
1377459166;	2;	5199.99863;	90.13330958666667;	1.7333333333333334;	8359936.0;	234878.93333333332;	0.0;	10.733333333333333;	4.533333333333333;	0.0
1377459466;	2;	5199.99863;	109.19997123000002;	2.1;	8359936.0;	318765.6;	0.0;	16.0;	4.533333333333333;	0.0
1377459766;	2;	5199.99863;	91.86664246333333;	1.7666666666666666;	8359936.0;	201324.8;	0.0;	10.666666666666666;	4.466666666666667;	0.0
1377460066;	2;	5199.99863;	98.79997397;	1.9;	8359936.0;	100661.6;	0.0;	10.666666666666666;	4.4;	0.0
1377460366;	2;	5199.99863;	93.59997534;	1.8;	8359936.0;	50330.4;	0.0;	10.666666666666666;	4.466666666666667;	0.0
1377460666;	2;	5199.99863;	103.9999726;	2.0;	8359936.0;	83884.0;	0.0;	10.533333333333333;	4.4;	0.0
1377460966;	2;	5199.99863;	91.86664246333333;	1.7666666666666666;	8359936.0;	150994.13333333333;	0.0;	11.6;	4.666666666666667;	0.0
1377461266;	2;	5199.99863;	93.59997534;	1.8;	8359936.0;	190140.0;	0.0;	11.6;	4.666666666666667;	0.06666666666666667
1377461566;	2;	5199.99863;	88.39997670999999;	1.7;	8359936.0;	72700.26666666666;	0.0;	10.533333333333333;	4.466666666666667;	0.0
1377461866;	2;	5199.99863;	91.86664246333333;	1.7666666666666666;	8359936.0;	117439.2;	0.0;	10.8;	4.4;	0.0
1377462166;	2;	5199.99863;	91.86664246333333;	1.7666666666666666;	8359936.0;	195733.33333333334;	0.0;	10.666666666666666;	4.466666666666667;	0.0
1377462466;	2;	5199.99863;	91.86664246333333;	1.7666666666666666;	8359936.0;	201326.4;	0.0;	10.666666666666666;	4.466666666666667;	0.0
1377462766;	2;	5199.99863;	88.39997670999999;	1.7;	8359936.0;	100662.4;	0.0;	10.733333333333333;	4.4;	0.0
1377463066;	2;	5199.99863;	110.93330410666667;	2.1333333333333333;	8359936.0;	139809.6;	0.0;	16.066666666666666;	4.533333333333333;	0.0
1377463366;	2;	5199.99863;	90.13330958666667;	1.7333333333333334;	8359936.0;	234879.2;	0.0;	10.733333333333333;	4.466666666666667;	0.0
1377463666;	2;	5199.99863;	97.06664109333333;	1.8666666666666665;	8359936.0;	167772.0;	0.0;	10.8;	4.466666666666667;	0.0
1377463966;	2;	5199.99863;	90.13330958666667;	1.7333333333333334;	8359936.0;	123031.73333333334;	0.0;	10.666666666666666;	4.4;	0.0
1377464266;	2;	5199.99863;	88.39997670999999;	1.7;	8359936.0;	139808.0;	0.0;	10.6;	4.4;	0.0
1377464566;	2;	5199.99863;	93.59997534;	1.8;	8359936.0;	184547.73333333334;	0.0;	11.6;	4.466666666666667;	0.0
1377464866;	2;	5199.99863;	93.59997534;	1.8;	8359936.0;	201325.33333333334;	0.0;	10.933333333333334;	4.333333333333333;	0.0
1377465167;	2;	5199.99863;	88.39997670999999;	1.7;	8359936.0;	156586.13333333333;	0.0;	10.6;	4.466666666666667;	0.0
1377465467;	2;	5199.99863;	88.39997670999999;	1.7;	8359936.0;	156586.13333333333;	0.0;	10.666666666666666;	4.4;	0.0
1377465767;	2;	5199.99863;	93.59997534;	1.8;	8359936.0;	83884.0;	0.0;	10.666666666666666;	4.466666666666667;	0.0
1377466067;	2;	5199.99863;	102.26663972333334;	1.9666666666666666;	8359936.0;	100661.33333333333;	0.0;	10.733333333333333;	4.666666666666667;	0.0
1377466367;	2;	5199.99863;	86.66664383333332;	1.6666666666666665;	8359936.0;	173362.66666666666;	0.0;	10.6;	4.533333333333333;	0.0
1377466667;	2;	5199.99863;	110.93330410666667;	2.1333333333333333;	8359936.0;	229287.73333333334;	0.0;	16.2;	4.533333333333333;	0.0
1377466967;	2;	5199.99863;	93.59997534;	1.8;	8359936.0;	262842.4;	0.0;	10.666666666666666;	4.466666666666667;	0.0
1377467267;	2;	5199.99863;	90.13330958666667;	1.7333333333333334;	8359936.0;	195733.33333333334;	0.0;	10.666666666666666;	4.533333333333333;	0.0
1377467567;	2;	5199.99863;	84.93331095666669;	1.6333333333333335;	8359936.0;	128623.2;	0.0;	10.666666666666666;	4.533333333333333;	0.0
1377467867;	2;	5199.99863;	93.59997534;	1.8;	8359936.0;	100661.6;	0.0;	11.533333333333333;	4.533333333333333;	0.0
1377468167;	2;	5199.99863;	90.13330958666667;	1.7333333333333334;	8359936.0;	83884.0;	0.0;	11.4;	4.6;	0.0
1377468467;	2;	5199.99863;	93.59997534;	1.8;	8359936.0;	156586.93333333332;	0.0;	10.8;	4.533333333333333;	0.0
1377468767;	2;	5199.99863;	90.13330958666667;	1.7333333333333334;	8359936.0;	167772.0;	0.0;	10.466666666666667;	4.533333333333333;	0.0
1377469067;	2;	5199.99863;	90.13330958666667;	1.7333333333333334;	8359936.0;	111848.0;	0.0;	10.666666666666666;	4.533333333333333;	0.0
1377469367;	2;	5199.99863;	88.39997670999999;	1.7;	8359936.0;	67107.73333333334;	0.0;	10.666666666666666;	4.466666666666667;	0.0
1377469667;	2;	5199.99863;	88.39997670999999;	1.7;	8359936.0;	139809.33333333334;	0.0;	10.6;	4.466666666666667;	0.0
1377469967;	2;	5199.99863;	83.19997808;	1.6;	8359936.0;	190140.53333333333;	0.0;	10.666666666666666;	4.466666666666667;	0.0
1377470267;	2;	5199.99863;	178.53328629666666;	3.433333333333333;	8359936.0;	318765.3333333333;	0.0;	41.06666666666667;	5.333333333333333;	2.1333333333333333
1377470567;	2;	5199.99863;	86.66664383333332;	1.6666666666666665;	8359936.0;	380281.6;	0.0;	10.733333333333333;	4.533333333333333;	0.0
1377470867;	2;	5199.99863;	90.13330958666667;	1.7333333333333334;	8359936.0;	123031.2;	0.0;	10.666666666666666;	4.6;	0.0
1377471167;	2;	5199.99863;	84.93331095666669;	1.6333333333333335;	8359936.0;	234880.26666666666;	0.0;	10.8;	4.4;	0.0
1377471467;	2;	5199.99863;	83.19997808;	1.6;	8359936.0;	156587.2;	0.0;	10.466666666666667;	4.466666666666667;	0.0
1377471767;	2;	5199.99863;	91.86664246333333;	1.7666666666666666;	8359936.0;	218103.46666666667;	0.0;	11.6;	4.4;	0.06666666666666667
1377472067;	2;	5199.99863;	93.59997534;	1.8;	8359936.0;	268434.6666666667;	0.0;	11.333333333333334;	4.4;	0.06666666666666667
1377472367;	2;	5199.99863;	91.86664246333333;	1.7666666666666666;	8359936.0;	156586.66666666666;	0.0;	10.8;	4.466666666666667;	0.0
1377472667;	2;	5199.99863;	105.73330547666666;	2.033333333333333;	8359936.0;	145400.53333333333;	0.0;	10.785714285714286;	4.4;	0.0
1377472967;	2;	5199.99863;	93.59997534;	1.8;	8359936.0;	139809.6;	0.0;	10.357142857142858;	4.466666666666667;	0.06666666666666667
1377473267;	2;	5199.99863;	86.66664383333332;	1.6666666666666665;	8359936.0;	89477.06666666667;	0.0;	10.6;	4.466666666666667;	0.0
1377473567;	2;	5199.99863;	90.13330958666667;	1.7333333333333334;	8359936.0;	145401.86666666667;	0.0;	10.733333333333333;	4.4;	0.0
1377473867;	2;	5199.99863;	110.93330410666667;	2.1333333333333333;	8359936.0;	162178.4;	0.0;	16.4;	4.6;	0.0
1377474167;	2;	5199.99863;	86.66664383333332;	1.6666666666666665;	8359936.0;	218103.2;	0.0;	10.733333333333333;	4.466666666666667;	0.0
1377474467;	2;	5199.99863;	84.93331095666669;	1.6333333333333335;	8359936.0;	162179.46666666667;	0.0;	10.666666666666666;	4.6;	0.0
1377474767;	2;	5199.99863;	86.66664383333332;	1.6666666666666665;	8359936.0;	201325.6;	0.0;	10.6;	4.466666666666667;	0.0
1377475067;	2;	5199.99863;	86.66664383333332;	1.6666666666666665;	8359936.0;	78292.26666666666;	0.0;	10.666666666666666;	4.466666666666667;	0.0
1377475367;	2;	5199.99863;	91.86664246333333;	1.7666666666666666;	8359936.0;	128623.46666666666;	0.0;	11.4;	4.533333333333333;	0.0
1377475667;	2;	5199.99863;	98.79997397;	1.9;	8359936.0;	223694.66666666666;	0.0;	14.6;	4.666666666666667;	0.6666666666666666
1377475967;	2;	5199.99863;	102.26663972333334;	1.9666666666666666;	8359936.0;	206917.33333333334;	0.0;	15.266666666666667;	4.466666666666667;	0.0
1377476267;	2;	5199.99863;	84.93331095666669;	1.6333333333333335;	8359936.0;	111847.2;	0.0;	10.666666666666666;	4.466666666666667;	0.0
1377476567;	2;	5199.99863;	90.13330958666667;	1.7333333333333334;	8359936.0;	173362.66666666666;	0.0;	10.866666666666667;	4.6;	0.0
1377476867;	2;	5199.99863;	88.39997670999999;	1.7;	8359936.0;	156585.6;	0.0;	10.6;	4.666666666666667;	0.0
1377477168;	2;	5199.99863;	86.66664383333332;	1.6666666666666665;	8359936.0;	139808.26666666666;	0.0;	10.666666666666666;	4.533333333333333;	0.0
1377477468;	2;	5199.99863;	112.66663698333332;	2.1666666666666665;	8359936.0;	257249.86666666667;	0.0;	16.2;	4.6;	0.06666666666666667
1377477768;	2;	5199.99863;	91.86664246333333;	1.7666666666666666;	8359936.0;	117439.2;	0.0;	10.733333333333333;	4.466666666666667;	0.0
1377478068;	2;	5199.99863;	90.13330958666667;	1.7333333333333334;	8359936.0;	134216.0;	0.0;	10.6;	4.4;	0.0
1377478368;	2;	5199.99863;	90.13330958666667;	1.7333333333333334;	8359936.0;	83884.0;	0.0;	10.666666666666666;	4.533333333333333;	0.0
1377478668;	2;	5199.99863;	90.13330958666667;	1.7333333333333334;	8359936.0;	106254.13333333333;	0.0;	10.666666666666666;	4.466666666666667;	0.0
1377478968;	2;	5199.99863;	93.59997534;	1.8;	8359936.0;	195733.33333333334;	0.0;	11.333333333333334;	4.333333333333333;	0.06666666666666667
1377479268;	2;	5199.99863;	86.66664383333332;	1.6666666666666665;	8359936.0;	184548.8;	0.0;	11.066666666666666;	4.4;	0.0
1377479568;	2;	5199.99863;	84.93331095666669;	1.6333333333333335;	8359936.0;	100662.4;	0.0;	10.866666666666667;	4.466666666666667;	0.0
1377479868;	2;	5199.99863;	91.86664246333333;	1.7666666666666666;	8359936.0;	128623.73333333334;	0.0;	10.533333333333333;	4.6;	0.0
1377480168;	2;	5199.99863;	100.53330684666668;	1.9333333333333333;	8359936.0;	134216.0;	0.0;	10.8;	4.533333333333333;	0.0
1377480468;	2;	5199.99863;	84.93331095666669;	1.6333333333333335;	8359936.0;	128625.06666666667;	0.0;	10.733333333333333;	4.4;	0.0
1377480768;	2;	5199.99863;	91.86664246333333;	1.7666666666666666;	8359936.0;	162178.13333333333;	0.0;	10.666666666666666;	4.466666666666667;	0.0
1377481068;	2;	5199.99863;	116.13330273666666;	2.2333333333333334;	8359936.0;	223694.4;	0.0;	16.133333333333333;	4.466666666666667;	0.0
1377481368;	2;	5199.99863;	90.13330958666667;	1.7333333333333334;	8359936.0;	268434.4;	0.0;	10.733333333333333;	4.4;	0.0
1377481668;	2;	5199.99863;	88.39997670999999;	1.7;	8359936.0;	173363.2;	0.0;	10.733333333333333;	4.466666666666667;	0.0
1377481968;	2;	5199.99863;	100.53330684666668;	1.9333333333333333;	8359936.0;	134216.0;	0.0;	10.666666666666666;	4.466666666666667;	0.0
1377482268;	2;	5199.99863;	88.39997670999999;	1.7;	8359936.0;	134216.8;	0.0;	10.6;	4.533333333333333;	0.0
1377482568;	2;	5199.99863;	249.59993424;	4.8;	8359936.0;	128624.26666666666;	0.0;	13.6;	6.133333333333334;	0.8
1377482868;	2;	5199.99863;	93.59997534;	1.8;	8359936.0;	150993.6;	0.0;	12.333333333333334;	4.466666666666667;	0.06666666666666667
1377483168;	2;	5199.99863;	91.86664246333333;	1.7666666666666666;	8359936.0;	201325.6;	0.0;	10.6;	4.533333333333333;	0.0
1377483468;	2;	5199.99863;	90.13330958666667;	1.7333333333333334;	8359936.0;	246063.73333333334;	0.0;	10.666666666666666;	4.333333333333333;	0.0
1377483768;	2;	5199.99863;	98.79997397;	1.9;	8359936.0;	178955.46666666667;	0.0;	10.666666666666666;	4.466666666666667;	0.0
1377484068;	2;	5199.99863;	128.26663287333335;	2.466666666666667;	8359936.0;	492130.4;	0.0;	24.666666666666668;	11.466666666666667;	0.13333333333333333
1377484368;	2;	5199.99863;	88.39997670999999;	1.7;	8359936.0;	167771.2;	0.0;	10.733333333333333;	4.4;	0.0
1377484668;	2;	5199.99863;	116.13330273666666;	2.2333333333333334;	8359936.0;	285212.0;	0.0;	16.266666666666666;	4.666666666666667;	0.06666666666666667
1377484968;	2;	5199.99863;	95.33330821666668;	1.8333333333333335;	8359936.0;	150994.4;	0.0;	10.4;	4.4;	0.0
1377485268;	2;	5199.99863;	88.39997670999999;	1.7;	8359936.0;	111846.66666666667;	0.0;	10.666666666666666;	4.533333333333333;	0.0
1377485568;	2;	5199.99863;	90.13330958666667;	1.7333333333333334;	8359936.0;	139809.86666666667;	0.0;	10.666666666666666;	4.466666666666667;	0.0
1377485868;	2;	5199.99863;	88.39997670999999;	1.7;	8359936.0;	251656.8;	0.0;	10.6;	4.533333333333333;	0.0
1377486168;	2;	5199.99863;	90.13330958666667;	1.7333333333333334;	8359936.0;	128624.0;	0.0;	11.333333333333334;	4.466666666666667;	0.0
1377486468;	2;	5199.99863;	93.59997534;	1.8;	8359936.0;	89477.06666666667;	0.0;	11.0;	4.4;	0.0
1377486768;	2;	5199.99863;	90.13330958666667;	1.7333333333333334;	8359936.0;	111846.93333333333;	0.0;	10.533333333333333;	4.533333333333333;	0.0
1377487068;	2;	5199.99863;	84.93331095666669;	1.6333333333333335;	8359936.0;	240471.46666666667;	0.0;	10.666666666666666;	4.466666666666667;	0.0
1377487368;	2;	5199.99863;	84.93331095666669;	1.6333333333333335;	8359936.0;	262840.8;	0.0;	10.733333333333333;	4.6;	0.0
1377487668;	2;	5199.99863;	98.79997397;	1.9;	8359936.0;	240472.8;	0.0;	10.666666666666666;	4.466666666666667;	0.0
1377487968;	2;	5199.99863;	90.13330958666667;	1.7333333333333334;	8359936.0;	150993.6;	0.0;	10.733333333333333;	4.533333333333333;	0.0
1377488269;	2;	5199.99863;	109.19997123000002;	2.1;	8359936.0;	195733.6;	0.0;	15.866666666666667;	4.6;	0.06666666666666667
1377488569;	2;	5199.99863;	90.13330958666667;	1.7333333333333334;	8359936.0;	329949.6;	0.0;	10.533333333333333;	4.466666666666667;	0.0
1377488869;	2;	5199.99863;	90.13330958666667;	1.7333333333333334;	8359936.0;	206917.86666666667;	0.0;	10.666666666666666;	4.533333333333333;	0.0
1377489169;	2;	5199.99863;	86.66664383333332;	1.6666666666666665;	8359936.0;	156586.93333333332;	0.0;	10.533333333333333;	4.466666666666667;	0.0
1377489469;	2;	5199.99863;	86.66664383333332;	1.6666666666666665;	8359936.0;	178955.46666666667;	0.0;	10.666666666666666;	4.466666666666667;	0.0
1377489769;	2;	5199.99863;	88.39997670999999;	1.7;	8359936.0;	156586.93333333332;	0.0;	11.333333333333334;	4.666666666666667;	0.0
1377490068;	2;	5199.99863;	91.86664246333333;	1.7666666666666666;	8359936.0;	173362.93333333332;	0.0;	10.866666666666667;	4.466666666666667;	0.0
1377490368;	2;	5199.99863;	91.86664246333333;	1.7666666666666666;	8359936.0;	150992.8;	0.0;	10.8;	4.466666666666667;	0.0
1377490668;	2;	5199.99863;	86.66664383333332;	1.6666666666666665;	8359936.0;	229286.4;	0.0;	10.6;	4.466666666666667;	0.0
1377490968;	2;	5199.99863;	90.13330958666667;	1.7333333333333334;	8359936.0;	156586.93333333332;	0.0;	10.666666666666666;	4.4;	0.0
1377491268;	2;	5199.99863;	91.86664246333333;	1.7666666666666666;	8359936.0;	139809.33333333334;	0.0;	10.6;	4.533333333333333;	0.0
1377491568;	2;	5199.99863;	91.86664246333333;	1.7666666666666666;	8359936.0;	139809.33333333334;	0.0;	10.6;	4.4;	0.0
1377491868;	2;	5199.99863;	110.93330410666667;	2.1333333333333333;	8359936.0;	206918.13333333333;	0.0;	16.4;	4.733333333333333;	0.06666666666666667
1377492168;	2;	5199.99863;	86.66664383333332;	1.6666666666666665;	8359936.0;	139808.26666666666;	0.0;	10.533333333333333;	4.466666666666667;	0.0
1377492468;	2;	5199.99863;	90.13330958666667;	1.7333333333333334;	8359936.0;	139809.33333333334;	0.0;	10.6;	4.533333333333333;	0.0
1377492768;	2;	5199.99863;	93.59997534;	1.8;	8359936.0;	128623.46666666666;	0.0;	10.733333333333333;	4.533333333333333;	0.0
1377493068;	2;	5199.99863;	84.93331095666669;	1.6333333333333335;	8359936.0;	111846.66666666667;	0.0;	10.666666666666666;	4.466666666666667;	0.0
1377493368;	2;	5199.99863;	90.13330958666667;	1.7333333333333334;	8359936.0;	139809.33333333334;	0.0;	11.333333333333334;	4.6;	0.06666666666666667
1377493668;	2;	5199.99863;	93.59997534;	1.8;	8359936.0;	190140.8;	0.0;	11.333333333333334;	4.533333333333333;	0.0
1377493968;	2;	5199.99863;	90.13330958666667;	1.7333333333333334;	8359936.0;	223695.46666666667;	0.0;	10.733333333333333;	4.6;	0.0
1377494268;	2;	5199.99863;	91.86664246333333;	1.7666666666666666;	8359936.0;	173364.0;	0.0;	10.466666666666667;	4.466666666666667;	0.0
1377494569;	2;	5199.99863;	90.13330958666667;	1.7333333333333334;	8359936.0;	83884.8;	0.0;	10.666666666666666;	4.466666666666667;	0.0
1377494869;	2;	5199.99863;	91.86664246333333;	1.7666666666666666;	8359936.0;	139809.33333333334;	0.0;	10.733333333333333;	4.6;	0.0
1377495169;	2;	5199.99863;	93.59997534;	1.8;	8359936.0;	123031.46666666666;	0.0;	10.533333333333333;	4.533333333333333;	0.0
1377495469;	2;	5199.99863;	112.66663698333332;	2.1666666666666665;	8359936.0;	190140.8;	0.0;	16.133333333333333;	4.666666666666667;	0.0
1377495769;	2;	5199.99863;	88.39997670999999;	1.7;	8359936.0;	206917.6;	0.0;	10.666666666666666;	4.6;	0.0
1377496069;	2;	5199.99863;	93.59997534;	1.8;	8359936.0;	279618.6666666667;	0.0;	10.533333333333333;	4.466666666666667;	0.0
1377496369;	2;	5199.99863;	86.66664383333332;	1.6666666666666665;	8359936.0;	134216.53333333333;	0.0;	10.6;	4.533333333333333;	0.0
1377496669;	2;	5199.99863;	93.59997534;	1.8;	8359936.0;	100662.4;	0.0;	10.533333333333333;	4.533333333333333;	0.0
1377496969;	2;	5199.99863;	91.86664246333333;	1.7666666666666666;	8359936.0;	218102.66666666666;	0.0;	11.266666666666667;	4.466666666666667;	0.06666666666666667
1377497269;	2;	5199.99863;	91.86664246333333;	1.7666666666666666;	8359936.0;	156586.4;	0.0;	10.666666666666666;	4.533333333333333;	0.0
1377497569;	2;	5199.99863;	88.39997670999999;	1.7;	8359936.0;	134216.8;	0.0;	10.733333333333333;	4.6;	0.0
1377497869;	2;	5199.99863;	102.26663972333334;	1.9666666666666666;	8359936.0;	83885.33333333333;	0.0;	10.6;	4.4;	0.0
1377498169;	2;	5199.99863;	91.86664246333333;	1.7666666666666666;	8359936.0;	184548.53333333333;	0.0;	10.6;	4.466666666666667;	0.0
1377498469;	2;	5199.99863;	97.06664109333333;	1.8666666666666665;	8359936.0;	201325.06666666668;	0.0;	10.6;	4.333333333333333;	0.0
1377498769;	2;	5199.99863;	93.59997534;	1.8;	8359936.0;	134216.53333333333;	0.0;	10.533333333333333;	4.466666666666667;	0.0
1377499069;	2;	5199.99863;	110.93330410666667;	2.1333333333333333;	8359936.0;	190140.0;	0.0;	16.066666666666666;	4.533333333333333;	0.0
1377499369;	2;	5199.99863;	88.39997670999999;	1.7;	8359936.0;	218101.86666666667;	0.0;	10.733333333333333;	4.533333333333333;	0.0
1377499669;	2;	5199.99863;	88.39997670999999;	1.7;	8359936.0;	95068.8;	0.0;	10.6;	4.466666666666667;	0.0
1377499969;	2;	5199.99863;	88.39997670999999;	1.7;	8359936.0;	229286.66666666666;	0.0;	10.8;	4.533333333333333;	0.0
1377500269;	2;	5199.99863;	91.86664246333333;	1.7666666666666666;	8359936.0;	50331.2;	0.0;	10.466666666666667;	4.4;	0.0
1377500569;	2;	5199.99863;	97.06664109333333;	1.8666666666666665;	8359936.0;	128624.8;	0.0;	11.333333333333334;	4.666666666666667;	0.06666666666666667
1377500869;	2;	5199.99863;	90.13330958666667;	1.7333333333333334;	8359936.0;	184548.8;	0.0;	10.666666666666666;	4.466666666666667;	0.0
1377501169;	2;	5199.99863;	83.19997808;	1.6;	8359936.0;	95069.33333333333;	0.0;	10.866666666666667;	4.533333333333333;	0.0
1377501470;	2;	5199.99863;	88.39997670999999;	1.7;	8359936.0;	234880.0;	0.0;	10.6;	4.6;	0.0
1377501770;	2;	5199.99863;	100.53330684666668;	1.9333333333333333;	8359936.0;	173362.66666666666;	0.0;	10.8;	4.466666666666667;	0.0
1377502070;	2;	5199.99863;	88.39997670999999;	1.7;	8359936.0;	285211.2;	0.0;	10.666666666666666;	4.533333333333333;	0.0
1377502370;	2;	5199.99863;	88.39997670999999;	1.7;	8359936.0;	134216.8;	0.0;	10.533333333333333;	4.533333333333333;	0.0
1377502670;	2;	5199.99863;	117.86663561333333;	2.2666666666666666;	8359936.0;	150993.6;	0.0;	15.933333333333334;	4.6;	0.06666666666666667
1377502970;	2;	5199.99863;	88.39997670999999;	1.7;	8359936.0;	167771.2;	0.0;	10.466666666666667;	4.533333333333333;	0.0
1377503270;	2;	5199.99863;	84.93331095666669;	1.6333333333333335;	8359936.0;	100661.6;	0.0;	10.866666666666667;	4.4;	0.0
1377503570;	2;	5199.99863;	86.66664383333332;	1.6666666666666665;	8359936.0;	218103.46666666667;	0.0;	10.866666666666667;	4.4;	0.0
1377503870;	2;	5199.99863;	88.39997670999999;	1.7;	8359936.0;	184548.8;	0.0;	10.6;	4.533333333333333;	0.0
1377504170;	2;	5199.99863;	105.73330547666666;	2.033333333333333;	8359936.0;	134216.0;	0.0;	11.333333333333334;	4.466666666666667;	0.0
1377504470;	2;	5199.99863;	90.13330958666667;	1.7333333333333334;	8359936.0;	201324.8;	0.0;	11.4;	4.533333333333333;	0.0
1377504770;	2;	5199.99863;	86.66664383333332;	1.6666666666666665;	8359936.0;	184548.0;	0.0;	10.6;	4.533333333333333;	0.0
1377505070;	2;	5199.99863;	86.66664383333332;	1.6666666666666665;	8359936.0;	117439.46666666666;	0.0;	10.533333333333333;	4.466666666666667;	0.0
1377505370;	2;	5199.99863;	88.39997670999999;	1.7;	8359936.0;	150994.4;	0.0;	10.733333333333333;	4.466666666666667;	0.0
1377505670;	2;	5199.99863;	84.93331095666669;	1.6333333333333335;	8359936.0;	167772.0;	0.0;	10.733333333333333;	4.466666666666667;	0.0
1377505970;	2;	5199.99863;	88.39997670999999;	1.7;	8359936.0;	123032.26666666666;	0.0;	10.666666666666666;	4.466666666666667;	0.0
1377506270;	2;	5199.99863;	110.93330410666667;	2.1333333333333333;	8359936.0;	206917.86666666667;	0.0;	16.133333333333333;	4.666666666666667;	0.06666666666666667
1377506570;	2;	5199.99863;	88.39997670999999;	1.7;	8359936.0;	206917.6;	0.0;	10.533333333333333;	4.466666666666667;	0.0
1377506870;	2;	5199.99863;	100.53330684666668;	1.9333333333333333;	8359936.0;	145400.53333333333;	0.0;	10.666666666666666;	4.533333333333333;	0.0
1377507170;	2;	5199.99863;	90.13330958666667;	1.7333333333333334;	8359936.0;	257249.6;	0.0;	10.733333333333333;	4.4;	0.0
1377507470;	2;	5199.99863;	88.39997670999999;	1.7;	8359936.0;	195732.0;	0.0;	10.6;	4.466666666666667;	0.0
1377507770;	2;	5199.99863;	86.66664383333332;	1.6666666666666665;	8359936.0;	139808.0;	0.0;	11.466666666666667;	4.666666666666667;	0.0
1377508070;	2;	5199.99863;	90.13330958666667;	1.7333333333333334;	8359936.0;	78292.53333333334;	0.0;	11.133333333333333;	4.533333333333333;	0.0
1377508370;	2;	5199.99863;	88.39997670999999;	1.7;	8359936.0;	296396.8;	0.0;	10.733333333333333;	4.533333333333333;	0.0
1377508670;	2;	5199.99863;	90.13330958666667;	1.7333333333333334;	8359936.0;	111846.66666666667;	0.0;	10.733333333333333;	4.533333333333333;	0.0
1377508970;	2;	5199.99863;	88.39997670999999;	1.7;	8359936.0;	184548.8;	0.0;	10.8;	4.6;	0.0
1377509270;	2;	5199.99863;	90.13330958666667;	1.7333333333333334;	8359936.0;	246063.73333333334;	0.0;	10.6;	4.4;	0.0
1377509570;	2;	5199.99863;	86.66664383333332;	1.6666666666666665;	8359936.0;	95068.8;	0.0;	10.6;	4.333333333333333;	0.0
1377509870;	2;	5199.99863;	109.19997123000002;	2.1;	8359936.0;	173363.2;	0.0;	16.2;	4.466666666666667;	0.06666666666666667
1377510170;	2;	5199.99863;	90.13330958666667;	1.7333333333333334;	8359936.0;	234879.2;	0.0;	10.6;	4.4;	0.0
1377510470;	2;	5199.99863;	86.66664383333332;	1.6666666666666665;	8359936.0;	190141.06666666668;	0.0;	10.8;	4.466666666666667;	0.0
1377510771;	2;	5199.99863;	88.39997670999999;	1.7;	8359936.0;	190141.06666666668;	0.0;	10.6;	4.466666666666667;	0.0
1377511071;	2;	5199.99863;	88.39997670999999;	1.7;	8359936.0;	184548.8;	0.0;	10.6;	4.533333333333333;	0.0
1377511371;	2;	5199.99863;	90.13330958666667;	1.7333333333333334;	8359936.0;	150994.4;	0.0;	11.533333333333333;	4.533333333333333;	0.0
1377511671;	2;	5199.99863;	93.59997534;	1.8;	8359936.0;	212510.93333333332;	0.0;	11.333333333333334;	4.533333333333333;	0.0
1377511971;	2;	5199.99863;	90.13330958666667;	1.7333333333333334;	8359936.0;	201325.33333333334;	0.0;	10.666666666666666;	4.4;	0.0
1377512271;	2;	5199.99863;	90.13330958666667;	1.7333333333333334;	8359936.0;	178955.46666666667;	0.0;	10.6;	4.466666666666667;	0.0
1377512571;	2;	5199.99863;	88.39997670999999;	1.7;	8359936.0;	117440.0;	0.0;	10.933333333333334;	4.533333333333333;	0.0
1377512871;	2;	5199.99863;	95.33330821666668;	1.8333333333333335;	8359936.0;	123030.93333333333;	0.0;	11.133333333333333;	4.733333333333333;	0.06666666666666667
1377513171;	2;	5199.99863;	88.39997670999999;	1.7;	8359936.0;	117439.46666666666;	0.0;	11.266666666666667;	4.666666666666667;	0.0
1377513471;	2;	5199.99863;	110.93330410666667;	2.1333333333333333;	8359936.0;	212510.93333333332;	0.0;	16.133333333333333;	4.533333333333333;	0.06666666666666667
1377513771;	2;	5199.99863;	93.59997534;	1.8;	8359936.0;	195732.8;	0.0;	10.8;	4.466666666666667;	0.0
1377514071;	2;	5199.99863;	86.66664383333332;	1.6666666666666665;	8359936.0;	173362.4;	0.0;	10.6;	4.533333333333333;	0.0
1377515571;	2;	5199.99863;	90.13330958666667;	1.7333333333333334;	8359936.0;	134216.26666666666;	0.0;	10.8;	4.533333333333333;	0.0
1377515871;	2;	5199.99863;	90.13330958666667;	1.7333333333333334;	8359936.0;	134216.26666666666;	0.0;	10.666666666666666;	4.6;	0.0
1377516171;	2;	5199.99863;	91.86664246333333;	1.7666666666666666;	8359936.0;	128624.26666666666;	0.0;	10.933333333333334;	4.533333333333333;	0.0
1377516471;	2;	5199.99863;	497.46653560333334;	9.566666666666666;	8359936.0;	397059.2;	3.333333333333333;	34.4;	6.933333333333334;	2.066666666666667
1377516771;	2;	5199.99863;	83.19997808;	1.6;	8359936.0;	397059.2;	0.0;	10.933333333333334;	4.4;	0.0
1377517071;	2;	5199.99863;	105.73330547666666;	2.033333333333333;	8359936.0;	190140.26666666666;	0.0;	16.2;	4.466666666666667;	0.0
1377517371;	2;	5199.99863;	81.46664520333334;	1.5666666666666667;	8359936.0;	156586.4;	0.0;	10.8;	4.533333333333333;	0.0
1377517671;	2;	5199.99863;	83.19997808;	1.6;	8359936.0;	279618.6666666667;	0.0;	10.6;	4.466666666666667;	0.0
1377517971;	2;	5199.99863;	83.19997808;	1.6;	8359936.0;	167770.93333333332;	0.0;	10.733333333333333;	4.4;	0.0
1377518271;	2;	5199.99863;	84.93331095666669;	1.6333333333333335;	8359936.0;	234880.53333333333;	0.0;	10.533333333333333;	4.533333333333333;	0.0
1377518571;	2;	5199.99863;	90.13330958666667;	1.7333333333333334;	8359936.0;	145401.6;	0.0;	11.466666666666667;	4.533333333333333;	0.06666666666666667
1377518871;	2;	5199.99863;	83.19997808;	1.6;	8359936.0;	106253.6;	0.0;	10.666666666666666;	4.533333333333333;	0.0
1377519171;	2;	5199.99863;	97.06664109333333;	1.8666666666666665;	8359936.0;	83884.0;	0.0;	10.666666666666666;	4.466666666666667;	0.0
1377519472;	2;	5199.99863;	107.46663835333332;	2.0666666666666664;	8359936.0;	128623.46666666666;	0.0;	10.733333333333333;	4.466666666666667;	0.0
1377519772;	2;	5199.99863;	95.33330821666668;	1.8333333333333335;	8359936.0;	150994.13333333333;	0.0;	10.666666666666666;	4.533333333333333;	0.0
1377520072;	2;	5199.99863;	100.53330684666668;	1.9333333333333333;	8359936.0;	128624.26666666666;	0.0;	10.6;	4.4;	0.0
1377520372;	2;	5199.99863;	93.59997534;	1.8;	8359936.0;	184548.26666666666;	0.0;	10.733333333333333;	4.4;	0.0
1377520672;	2;	5199.99863;	117.86663561333333;	2.2666666666666666;	8359936.0;	307580.5333333333;	0.0;	16.133333333333333;	4.466666666666667;	0.0
1377520972;	2;	5199.99863;	88.39997670999999;	1.7;	8359936.0;	234879.2;	0.0;	10.733333333333333;	4.533333333333333;	0.0
1377521272;	2;	5199.99863;	100.53330684666668;	1.9333333333333333;	8359936.0;	134216.8;	0.0;	10.866666666666667;	4.4;	0.0
1377521572;	2;	5199.99863;	90.13330958666667;	1.7333333333333334;	8359936.0;	78292.53333333334;	0.0;	10.8;	4.333333333333333;	0.0
1377521872;	2;	5199.99863;	83.19997808;	1.6;	8359936.0;	83884.0;	0.0;	10.666666666666666;	4.4;	0.0
1377522172;	2;	5199.99863;	88.39997670999999;	1.7;	8359936.0;	83884.0;	0.0;	11.4;	4.6;	0.06666666666666667
1377522472;	2;	5199.99863;	83.19997808;	1.6;	8359936.0;	83884.0;	0.0;	10.733333333333333;	4.4;	0.0
1377522771;	2;	5199.99863;	83.19997808;	1.6;	8359936.0;	128624.26666666666;	0.0;	10.6;	4.466666666666667;	0.0
1377523071;	2;	5199.99863;	90.13330958666667;	1.7333333333333334;	8359936.0;	184548.8;	0.0;	10.8;	4.466666666666667;	0.0
1377523371;	2;	5199.99863;	88.39997670999999;	1.7;	8359936.0;	145402.13333333333;	0.0;	10.866666666666667;	4.4;	0.0
1377523671;	2;	5199.99863;	81.46664520333334;	1.5666666666666667;	8359936.0;	150992.8;	0.0;	10.733333333333333;	4.533333333333333;	0.0
1377523971;	2;	5199.99863;	91.86664246333333;	1.7666666666666666;	8359936.0;	117439.2;	0.0;	10.6;	4.466666666666667;	0.0
1377524271;	2;	5199.99863;	109.19997123000002;	2.1;	8359936.0;	234880.0;	0.0;	16.133333333333333;	4.6;	0.0
1377524571;	2;	5199.99863;	93.59997534;	1.8;	8359936.0;	184548.0;	0.0;	10.6;	4.6;	0.0
1377524871;	2;	5199.99863;	93.59997534;	1.8;	8359936.0;	167770.4;	0.0;	10.533333333333333;	4.466666666666667;	0.0
1377525171;	2;	5199.99863;	102.26663972333334;	1.9666666666666666;	8359936.0;	184548.0;	0.0;	10.8;	4.466666666666667;	0.0
1377525471;	2;	5199.99863;	102.26663972333334;	1.9666666666666666;	8359936.0;	100661.6;	0.0;	10.4;	4.533333333333333;	0.0
1377525771;	2;	5199.99863;	105.73330547666666;	2.033333333333333;	8359936.0;	61514.933333333334;	0.0;	11.533333333333333;	4.533333333333333;	0.0
1377526071;	2;	5199.99863;	100.53330684666668;	1.9333333333333333;	8359936.0;	145401.33333333334;	0.0;	11.2;	4.466666666666667;	0.0
1377526371;	2;	5199.99863;	97.06664109333333;	1.8666666666666665;	8359936.0;	206918.4;	0.0;	10.666666666666666;	4.466666666666667;	0.0
1377526671;	2;	5199.99863;	100.53330684666668;	1.9333333333333333;	8359936.0;	123032.0;	0.0;	10.6;	4.533333333333333;	0.0
1377526971;	2;	5199.99863;	98.79997397;	1.9;	8359936.0;	134216.8;	0.0;	10.6;	4.466666666666667;	0.0
1377527271;	2;	5199.99863;	100.53330684666668;	1.9333333333333333;	8359936.0;	162178.66666666666;	0.0;	10.533333333333333;	4.4;	0.0
1377527571;	2;	5199.99863;	83.19997808;	1.6;	8359936.0;	173363.73333333334;	0.0;	10.6;	4.533333333333333;	0.0
1377527871;	2;	5199.99863;	105.73330547666666;	2.033333333333333;	8359936.0;	240472.0;	0.0;	16.533333333333335;	4.666666666666667;	0.0
1377528171;	2;	5199.99863;	83.19997808;	1.6;	8359936.0;	195733.06666666668;	0.0;	10.666666666666666;	4.466666666666667;	0.0
1377528472;	2;	5199.99863;	83.19997808;	1.6;	8359936.0;	139809.33333333334;	0.0;	10.533333333333333;	4.533333333333333;	0.0
1377528772;	2;	5199.99863;	83.19997808;	1.6;	8359936.0;	67107.2;	0.0;	10.933333333333334;	4.466666666666667;	0.0
1377529072;	2;	5199.99863;	97.06664109333333;	1.8666666666666665;	8359936.0;	95069.86666666667;	0.0;	10.6;	4.666666666666667;	0.0
1377529372;	2;	5199.99863;	88.39997670999999;	1.7;	8359936.0;	123031.73333333334;	0.0;	11.333333333333334;	4.4;	0.0
1377529672;	2;	5199.99863;	98.79997397;	1.9;	8359936.0;	100661.6;	0.0;	10.933333333333334;	4.4;	0.0
1377529972;	2;	5199.99863;	97.06664109333333;	1.8666666666666665;	8359936.0;	139808.53333333333;	0.0;	10.733333333333333;	4.533333333333333;	0.0
1377530272;	2;	5199.99863;	93.59997534;	1.8;	8359936.0;	139809.33333333334;	0.0;	10.733333333333333;	4.533333333333333;	0.0
1377530572;	2;	5199.99863;	95.33330821666668;	1.8333333333333335;	8359936.0;	212510.13333333333;	0.0;	10.733333333333333;	4.533333333333333;	0.0
1377530872;	2;	5199.99863;	95.33330821666668;	1.8333333333333335;	8359936.0;	190140.53333333333;	0.0;	10.466666666666667;	4.533333333333333;	0.0
1377531172;	2;	5199.99863;	98.79997397;	1.9;	8359936.0;	145401.6;	0.0;	10.733333333333333;	4.466666666666667;	0.0
1377531472;	2;	5199.99863;	110.93330410666667;	2.1333333333333333;	8359936.0;	341134.93333333335;	0.0;	16.133333333333333;	4.6;	0.0
1377531772;	2;	5199.99863;	93.59997534;	1.8;	8359936.0;	240471.73333333334;	0.0;	10.733333333333333;	4.466666666666667;	0.0
1377532072;	2;	5199.99863;	97.06664109333333;	1.8666666666666665;	8359936.0;	184548.0;	0.0;	10.533333333333333;	4.466666666666667;	0.0
1377532372;	2;	5199.99863;	100.53330684666668;	1.9333333333333333;	8359936.0;	173364.0;	0.0;	10.666666666666666;	4.466666666666667;	0.0
1377532672;	2;	5199.99863;	98.79997397;	1.9;	8359936.0;	139808.0;	0.0;	10.733333333333333;	4.4;	0.0
1377532972;	2;	5199.99863;	105.73330547666666;	2.033333333333333;	8359936.0;	167770.4;	0.0;	11.733333333333333;	4.466666666666667;	0.06666666666666667
1377533272;	2;	5199.99863;	114.83330307916667;	2.2083333333333335;	8359936.0;	230686.0;	0.0;	19.416666666666668;	5.416666666666667;	0.08333333333333333
1377533572;	2;	5199.99863;	98.79997397;	1.9;	8359936.0;	190140.26666666666;	0.0;	10.8;	4.533333333333333;	0.0
1377533872;	2;	5199.99863;	95.33330821666668;	1.8333333333333335;	8359936.0;	190140.8;	0.0;	10.666666666666666;	4.466666666666667;	0.0
1377534172;	2;	5199.99863;	93.59997534;	1.8;	8359936.0;	117439.2;	0.0;	10.733333333333333;	4.4;	0.0
1377534472;	2;	5199.99863;	93.59997534;	1.8;	8359936.0;	95069.06666666667;	0.0;	10.533333333333333;	4.4;	0.0
1377534772;	2;	5199.99863;	95.33330821666668;	1.8333333333333335;	8359936.0;	145401.86666666667;	0.0;	10.466666666666667;	4.4;	0.0
1377535072;	2;	5199.99863;	112.66663698333332;	2.1666666666666665;	8359936.0;	223695.2;	0.0;	16.0;	4.533333333333333;	0.0
1377535372;	2;	5199.99863;	93.59997534;	1.8;	8359936.0;	218102.13333333333;	0.0;	10.466666666666667;	4.333333333333333;	0.0
1377535672;	2;	5199.99863;	95.33330821666668;	1.8333333333333335;	8359936.0;	22369.066666666666;	0.0;	10.466666666666667;	4.466666666666667;	0.0
1377535972;	2;	5199.99863;	98.79997397;	1.9;	8359936.0;	134216.8;	0.0;	10.4;	4.4;	0.0
1377536272;	2;	5199.99863;	98.79997397;	1.9;	8359936.0;	89476.53333333334;	0.0;	10.533333333333333;	4.4;	0.0
1377536572;	2;	5199.99863;	103.9999726;	2.0;	8359936.0;	145400.8;	0.0;	11.133333333333333;	4.666666666666667;	0.0
1377536872;	2;	5199.99863;	95.33330821666668;	1.8333333333333335;	8359936.0;	139808.53333333333;	0.0;	11.066666666666666;	4.533333333333333;	0.0
1377537172;	2;	5199.99863;	97.06664109333333;	1.8666666666666665;	8359936.0;	111846.66666666667;	0.0;	10.533333333333333;	4.466666666666667;	0.0
1377537472;	2;	5199.99863;	93.59997534;	1.8;	8359936.0;	61514.933333333334;	0.0;	10.333333333333334;	4.466666666666667;	0.0
1377537772;	2;	5199.99863;	88.39997670999999;	1.7;	8359936.0;	83884.0;	0.0;	10.466666666666667;	4.6;	0.0
1377538072;	2;	5199.99863;	91.86664246333333;	1.7666666666666666;	8359936.0;	246063.73333333334;	0.0;	10.466666666666667;	4.466666666666667;	0.0
1377538372;	2;	5199.99863;	93.59997534;	1.8;	8359936.0;	167770.4;	0.0;	10.466666666666667;	4.4;	0.0
1377538672;	2;	5199.99863;	112.66663698333332;	2.1666666666666665;	8359936.0;	134216.8;	0.0;	15.8;	4.533333333333333;	0.0
1377538972;	2;	5199.99863;	91.86664246333333;	1.7666666666666666;	8359936.0;	184548.8;	0.0;	10.4;	4.533333333333333;	0.0
1377539272;	2;	5199.99863;	91.86664246333333;	1.7666666666666666;	8359936.0;	150993.6;	0.0;	10.2;	4.333333333333333;	0.0
1377539572;	2;	5199.99863;	97.06664109333333;	1.8666666666666665;	8359936.0;	106253.6;	0.0;	10.4;	4.466666666666667;	0.0
1377539873;	2;	5199.99863;	102.26663972333334;	1.9666666666666666;	8359936.0;	184548.0;	0.0;	10.333333333333334;	4.466666666666667;	0.0
1377540173;	2;	5199.99863;	105.73330547666666;	2.033333333333333;	8359936.0;	111846.66666666667;	0.0;	11.2;	4.533333333333333;	0.0
1377540473;	2;	5199.99863;	97.06664109333333;	1.8666666666666665;	8359936.0;	190141.33333333334;	0.0;	10.866666666666667;	4.4;	0.0
1377540773;	2;	5199.99863;	97.06664109333333;	1.8666666666666665;	8359936.0;	201325.6;	0.0;	10.466666666666667;	4.4;	0.0
1377541073;	2;	5199.99863;	98.79997397;	1.9;	8359936.0;	123031.73333333334;	0.0;	10.333333333333334;	4.466666666666667;	0.0
1377541373;	2;	5199.99863;	97.06664109333333;	1.8666666666666665;	8359936.0;	162178.66666666666;	0.0;	10.466666666666667;	4.533333333333333;	0.06666666666666667
1377541673;	2;	5199.99863;	100.53330684666668;	1.9333333333333333;	8359936.0;	201325.06666666668;	0.0;	10.466666666666667;	4.466666666666667;	0.0
1377541973;	2;	5199.99927;	181.99997445;	3.5;	8359936.0;	0.0;	0.0;	9.5;	4.25;	0.0
1377542273;	2;	5199.99927;	128.26664866000002;	2.466666666666667;	8359936.0;	218102.4;	0.0;	15.933333333333334;	4.466666666666667;	0.0
1377542573;	2;	5199.99927;	109.19998467;	2.1;	8359936.0;	190141.06666666668;	0.0;	10.4;	4.4;	0.0
1377542873;	2;	5199.99927;	103.9999854;	2.0;	8359936.0;	83884.0;	0.0;	10.4;	4.4;	0.0
1377543173;	2;	5199.99927;	105.73331849;	2.033333333333333;	8359936.0;	55922.933333333334;	0.0;	10.333333333333334;	4.4;	0.0
1377543473;	2;	5199.99927;	97.06665304;	1.8666666666666665;	8359936.0;	139809.06666666668;	0.0;	10.466666666666667;	4.466666666666667;	0.0
1377543773;	2;	5199.99927;	98.79998613;	1.9;	8359936.0;	190140.26666666666;	0.0;	11.133333333333333;	4.533333333333333;	0.0
1377544073;	2;	5199.99927;	102.26665231000001;	1.9666666666666666;	8359936.0;	223695.2;	0.0;	10.6;	4.266666666666667;	0.0
1377544373;	2;	5199.99927;	100.53331922000001;	1.9333333333333333;	8359936.0;	234880.8;	0.0;	10.4;	4.266666666666667;	0.0
1377544673;	2;	5199.99927;	98.79998613;	1.9;	8359936.0;	111846.66666666667;	0.0;	10.533333333333333;	4.466666666666667;	0.0
1377544973;	2;	5199.99927;	100.53331922000001;	1.9333333333333333;	8359936.0;	95069.86666666667;	0.0;	10.333333333333334;	4.4;	0.0
1377545273;	2;	5199.99927;	95.33331995;	1.8333333333333335;	8359936.0;	117439.2;	0.0;	10.666666666666666;	4.333333333333333;	0.0
1377545573;	2;	5199.99927;	93.59998686;	1.8;	8359936.0;	128624.26666666666;	0.0;	10.4;	4.4;	0.0
1377545873;	2;	5199.99927;	110.93331776000001;	2.1333333333333333;	8359936.0;	201325.6;	0.0;	16.2;	4.6;	0.0
1377546173;	2;	5199.99927;	90.13332068000001;	1.7333333333333334;	8359936.0;	95069.86666666667;	0.0;	10.4;	4.533333333333333;	0.0
1377546473;	2;	5199.99927;	91.86665377;	1.7666666666666666;	8359936.0;	78291.73333333334;	0.0;	10.533333333333333;	4.533333333333333;	0.0
1377546773;	2;	5199.99927;	88.39998759;	1.7;	8359936.0;	111846.66666666667;	0.0;	10.466666666666667;	4.533333333333333;	0.0
1377547073;	2;	5199.99927;	91.86665377;	1.7666666666666666;	8359936.0;	206917.06666666668;	0.0;	10.333333333333334;	4.4;	0.0
1377547373;	2;	5199.99927;	97.06665304;	1.8666666666666665;	8359936.0;	212509.33333333334;	0.0;	11.133333333333333;	4.533333333333333;	0.0
1377547673;	2;	5199.99927;	93.59998686;	1.8;	8359936.0;	150993.6;	0.0;	11.533333333333333;	4.533333333333333;	0.0
1377547973;	2;	5199.99927;	90.13332068000001;	1.7333333333333334;	8359936.0;	139809.06666666668;	0.0;	10.4;	4.333333333333333;	0.0
1377548273;	2;	5199.99927;	88.39998759;	1.7;	8359936.0;	234880.26666666666;	0.0;	10.466666666666667;	4.466666666666667;	0.0
1377548573;	2;	5199.99927;	90.13332068000001;	1.7333333333333334;	8359936.0;	234880.0;	0.0;	10.466666666666667;	4.533333333333333;	0.0
1377548873;	2;	5199.99927;	93.59998686;	1.8;	8359936.0;	117439.2;	0.0;	10.4;	4.4;	0.0
1377549173;	2;	5199.99927;	93.59998686;	1.8;	8359936.0;	111847.46666666666;	0.0;	10.666666666666666;	4.4;	0.0
1377549473;	2;	5199.99927;	107.46665158;	2.0666666666666664;	8359936.0;	279618.93333333335;	0.0;	15.933333333333334;	4.666666666666667;	0.0
1377549774;	2;	5199.99927;	97.06665304;	1.8666666666666665;	8359936.0;	251657.6;	0.0;	10.466666666666667;	4.466666666666667;	0.0
1377550074;	2;	5199.99927;	93.59998686;	1.8;	8359936.0;	156585.6;	0.0;	10.333333333333334;	4.333333333333333;	0.0
1377550374;	2;	5199.99927;	95.33331995;	1.8333333333333335;	8359936.0;	134216.0;	0.0;	10.466666666666667;	4.533333333333333;	0.0
1377550674;	2;	5199.99927;	97.06665304;	1.8666666666666665;	8359936.0;	111846.66666666667;	0.0;	10.266666666666667;	4.466666666666667;	0.0
1377550974;	2;	5199.99927;	103.9999854;	2.0;	8359936.0;	134216.0;	0.0;	11.133333333333333;	4.466666666666667;	0.06666666666666667
1377551274;	2;	5199.99927;	95.33331995;	1.8333333333333335;	8359936.0;	150994.4;	0.0;	10.8;	4.466666666666667;	0.0
1377551574;	2;	5199.99927;	91.86665377;	1.7666666666666666;	8359936.0;	150994.4;	0.0;	10.4;	4.466666666666667;	0.0
1377551874;	2;	5199.99927;	93.59998686;	1.8;	8359936.0;	145401.86666666667;	0.0;	10.266666666666667;	4.466666666666667;	0.0
1377552174;	2;	5199.99927;	95.33331995;	1.8333333333333335;	8359936.0;	123031.73333333334;	0.0;	10.4;	4.333333333333333;	0.0
1377552474;	2;	5199.99927;	88.39998759;	1.7;	8359936.0;	134216.8;	0.0;	10.333333333333334;	4.4;	0.0
1377552774;	2;	5199.99927;	91.86665377;	1.7666666666666666;	8359936.0;	184548.8;	0.0;	10.333333333333334;	4.466666666666667;	0.0
1377553074;	2;	5199.99927;	109.19998467;	2.1;	8359936.0;	296396.0;	0.0;	15.8;	4.6;	0.0
1377553374;	2;	5199.99927;	98.79998613;	1.9;	8359936.0;	279619.4666666667;	0.0;	10.333333333333334;	4.466666666666667;	0.0
1377553674;	2;	5199.99927;	100.53331922000001;	1.9333333333333333;	8359936.0;	83885.6;	0.0;	10.466666666666667;	4.533333333333333;	0.0
1377553974;	2;	5199.99927;	91.86665377;	1.7666666666666666;	8359936.0;	33553.6;	0.0;	10.466666666666667;	4.466666666666667;	0.0
1377554274;	2;	5199.99927;	142.99997992500002;	2.75;	8359936.0;	132818.33333333334;	0.0;	13.5;	5.416666666666667;	0.08333333333333333
1377554574;	2;	5199.99927;	161.19997737000003;	3.1;	8359936.0;	167770.4;	0.0;	11.2;	4.466666666666667;	0.0
1377554874;	2;	5199.99927;	154.26664501000002;	2.966666666666667;	8359936.0;	218102.4;	0.0;	10.533333333333333;	4.466666666666667;	0.0
1377555174;	2;	5199.99927;	161.19997737000003;	3.1;	8359936.0;	156586.66666666666;	0.0;	10.4;	4.333333333333333;	0.0
1377555474;	2;	5199.99927;	155.99997810000002;	3.0;	8359936.0;	167772.0;	0.0;	10.466666666666667;	4.333333333333333;	0.0
1377555774;	2;	5199.99927;	155.99997810000002;	3.0;	8359936.0;	156586.93333333332;	0.0;	10.466666666666667;	4.4;	0.0
1377556074;	2;	5199.99927;	154.26664501000002;	2.966666666666667;	8359936.0;	123031.46666666666;	0.0;	10.466666666666667;	4.333333333333333;	0.0
1377556374;	2;	5199.99927;	151.66664537500003;	2.916666666666667;	8359936.0;	104856.66666666667;	0.0;	10.416666666666666;	4.25;	0.0
1377556674;	2;	5199.99927;	204.28568560714285;	3.9285714285714284;	8359936.0;	287608.0;	0.0;	41.214285714285715;	5.357142857142857;	2.2142857142857144
1377556974;	2;	5199.99927;	190.6666399;	3.666666666666667;	8359936.0;	408244.26666666666;	0.0;	16.2;	4.333333333333333;	0.0
1377557274;	2;	5199.99927;	155.99997810000002;	3.0;	8359936.0;	139809.33333333334;	0.0;	10.6;	4.333333333333333;	0.0
1377557574;	2;	5199.99927;	154.26664501000002;	2.966666666666667;	8359936.0;	117439.2;	0.0;	10.466666666666667;	4.333333333333333;	0.0
1377557874;	2;	5199.99927;	155.99997810000002;	3.0;	8359936.0;	229287.2;	0.0;	10.2;	4.466666666666667;	0.0
1377558174;	2;	5199.99927;	161.19997737000003;	3.1;	8359936.0;	134215.73333333334;	0.0;	11.333333333333334;	4.533333333333333;	0.0
1377558474;	2;	5199.99927;	145.59997955999998;	2.8;	8359936.0;	106255.46666666666;	0.0;	11.466666666666667;	4.4;	0.0
1377558774;	2;	5199.99927;	138.66664720000003;	2.666666666666667;	8359936.0;	111847.46666666666;	0.0;	10.333333333333334;	4.4;	0.0
1377559074;	2;	5199.99927;	143.86664647000003;	2.766666666666667;	8359936.0;	167772.0;	0.0;	10.357142857142858;	4.6;	0.0
1377559374;	2;	5199.99927;	152.53331192;	2.933333333333333;	8359936.0;	111846.66666666667;	0.0;	10.428571428571429;	4.4;	0.0
1377559674;	2;	5199.99927;	138.66664720000003;	2.666666666666667;	8359936.0;	83884.0;	0.0;	10.266666666666667;	4.466666666666667;	0.0
1377559974;	2;	5199.99927;	136.93331411;	2.6333333333333333;	8359936.0;	95069.86666666667;	0.0;	10.466666666666667;	4.4;	0.0
1377560274;	2;	5199.99927;	152.53331192;	2.933333333333333;	8359936.0;	274026.6666666667;	0.0;	15.666666666666666;	4.466666666666667;	0.0
1377560574;	2;	5199.99927;	135.19998102000002;	2.6;	8359936.0;	195733.06666666668;	0.0;	10.533333333333333;	4.466666666666667;	0.0
1377560874;	2;	5199.99927;	129.99998175000002;	2.5;	8359936.0;	134216.26666666666;	0.0;	10.2;	4.533333333333333;	0.0
1377561174;	2;	5199.99927;	135.19998102000002;	2.6;	8359936.0;	190140.8;	0.0;	10.333333333333334;	4.533333333333333;	0.0
1377561474;	2;	5199.99927;	129.99998175000002;	2.5;	8359936.0;	173362.4;	0.0;	10.466666666666667;	4.333333333333333;	0.0
1377561774;	2;	5199.99927;	142.13331337999998;	2.733333333333333;	8359936.0;	139809.33333333334;	0.0;	11.2;	4.333333333333333;	0.0
1377562074;	2;	5199.99927;	142.13331337999998;	2.733333333333333;	8359936.0;	178955.46666666667;	0.0;	10.933333333333334;	4.466666666666667;	0.0
1377562374;	2;	5199.99927;	206.26663771000003;	3.966666666666667;	8359936.0;	251657.33333333334;	0.0;	74.93333333333334;	7.8;	190.46666666666667
1377562674;	2;	5199.99927;	613.5999138600001;	11.8;	8359936.0;	341135.2;	0.0;	83.06666666666666;	10.066666666666666;	48.6
1377562974;	2;	5199.99927;	135.19998102000002;	2.6;	8359936.0;	335543.2;	0.0;	11.6;	4.533333333333333;	0.0
1377563274;	2;	5199.99927;	129.99998175000002;	2.5;	8359936.0;	139809.33333333334;	0.0;	10.4;	4.4;	0.0
1377563574;	2;	5199.99927;	135.19998102000002;	2.6;	8359936.0;	117439.2;	0.0;	10.333333333333334;	4.4;	0.0
1377563874;	2;	5199.99927;	157.73331119;	3.033333333333333;	8359936.0;	251657.86666666667;	0.0;	75.06666666666666;	19.4;	0.2
1377564174;	2;	5199.99927;	135.19998102000002;	2.6;	8359936.0;	301989.6;	0.0;	10.466666666666667;	4.6;	0.0
1377564474;	2;	5199.99927;	129.99998175000002;	2.5;	8359936.0;	218103.2;	0.0;	10.466666666666667;	4.4;	0.0
1377564774;	2;	5199.99927;	133.46664793000002;	2.566666666666667;	8359936.0;	167772.0;	0.0;	10.6;	4.4;	0.0
1377565074;	2;	5199.99927;	129.99998175000002;	2.5;	8359936.0;	139808.53333333333;	0.0;	10.266666666666667;	4.466666666666667;	0.0
1377565374;	2;	5199.99927;	135.19998102000002;	2.6;	8359936.0;	195732.53333333333;	0.0;	11.133333333333333;	4.466666666666667;	0.06666666666666667
1377565674;	2;	5199.99927;	129.99998175000002;	2.5;	8359936.0;	128623.46666666666;	0.0;	10.8;	4.533333333333333;	0.0
1377565974;	2;	5199.99927;	135.19998102000002;	2.6;	8359936.0;	212509.33333333334;	0.0;	10.4;	4.4;	0.0
1377566274;	2;	5199.99927;	129.99998175000002;	2.5;	8359936.0;	117439.2;	0.0;	10.333333333333334;	4.466666666666667;	0.0
1377566574;	2;	5199.99927;	133.46664793000002;	2.566666666666667;	8359936.0;	139809.33333333334;	0.0;	10.4;	4.466666666666667;	0.0
1377566874;	2;	5199.99927;	129.99998175000002;	2.5;	8359936.0;	100662.4;	0.0;	10.466666666666667;	4.533333333333333;	0.0
1377567175;	2;	5199.99927;	135.19998102000002;	2.6;	8359936.0;	145400.8;	0.0;	10.533333333333333;	4.266666666666667;	0.0
1377567475;	2;	5199.99927;	147.33331264999998;	2.833333333333333;	8359936.0;	218103.2;	0.0;	15.733333333333333;	4.533333333333333;	0.0
1377567775;	2;	5199.99927;	133.46664793000002;	2.566666666666667;	8359936.0;	223695.73333333334;	0.0;	10.466666666666667;	4.4;	0.0
1377568075;	2;	5199.99927;	129.99998175000002;	2.5;	8359936.0;	111847.46666666666;	0.0;	10.266666666666667;	4.466666666666667;	0.0
1377568375;	2;	5199.99927;	135.19998102000002;	2.6;	8359936.0;	156586.93333333332;	0.0;	10.333333333333334;	4.466666666666667;	0.0
1377568675;	2;	5199.99927;	129.99998175000002;	2.5;	8359936.0;	139808.53333333333;	0.0;	10.466666666666667;	4.533333333333333;	0.0
1377568975;	2;	5199.99927;	291.19995911999996;	5.6;	8359936.0;	123030.93333333333;	0.0;	13.066666666666666;	6.0;	0.8666666666666667
1377569275;	2;	5199.99927;	166.39997664000003;	3.2;	8359936.0;	234880.26666666666;	0.0;	30.133333333333333;	11.466666666666667;	0.2
1377569575;	2;	5199.99927;	135.19998102000002;	2.6;	8359936.0;	301988.5333333333;	0.0;	10.466666666666667;	4.466666666666667;	0.0
1377569875;	2;	5199.99927;	129.99998175000002;	2.5;	8359936.0;	83884.8;	0.0;	10.4;	4.466666666666667;	0.0
1377570175;	2;	5199.99927;	135.19998102000002;	2.6;	8359936.0;	106254.4;	0.0;	10.466666666666667;	4.4;	0.0
1377570475;	2;	5199.99927;	129.99998175000002;	2.5;	8359936.0;	128623.2;	0.0;	10.333333333333334;	4.466666666666667;	0.0
1377570775;	2;	5199.99927;	135.19998102000002;	2.6;	8359936.0;	78291.73333333334;	0.0;	10.466666666666667;	4.466666666666667;	0.0
1377571075;	2;	5199.99927;	150.79997883;	2.9;	8359936.0;	178955.46666666667;	0.0;	15.933333333333334;	4.533333333333333;	0.0
1377571375;	2;	5199.99927;	135.19998102000002;	2.6;	8359936.0;	223694.93333333332;	0.0;	10.533333333333333;	4.333333333333333;	0.0
1377571675;	2;	5199.99927;	129.99998175000002;	2.5;	8359936.0;	139809.33333333334;	0.0;	10.4;	4.266666666666667;	0.0
1377571975;	2;	5199.99927;	135.19998102000002;	2.6;	8359936.0;	95069.06666666667;	0.0;	10.533333333333333;	4.333333333333333;	0.0
1377572275;	2;	5199.99927;	129.99998175000002;	2.5;	8359936.0;	100662.13333333333;	0.0;	10.266666666666667;	4.533333333333333;	0.0
1377572575;	2;	5199.99927;	136.93331411;	2.6333333333333333;	8359936.0;	167770.93333333332;	0.0;	11.4;	4.533333333333333;	0.06666666666666667
1377572875;	2;	5199.99927;	131.73331484;	2.533333333333333;	8359936.0;	156586.13333333333;	0.0;	10.866666666666667;	4.466666666666667;	0.0
1377573175;	2;	5199.99927;	133.46664793000002;	2.566666666666667;	8359936.0;	123032.26666666666;	0.0;	10.333333333333334;	4.466666666666667;	0.0
1377573475;	2;	5199.99927;	128.26664866000002;	2.466666666666667;	8359936.0;	150994.4;	0.0;	10.333333333333334;	4.466666666666667;	0.0
1377573776;	2;	5199.99927;	126.53331557000001;	2.4333333333333336;	8359936.0;	178955.46666666667;	0.0;	10.466666666666667;	4.6;	0.0
1377574076;	2;	5199.99927;	126.53331557000001;	2.4333333333333336;	8359936.0;	100661.6;	0.0;	10.4;	4.6;	0.0
1377574376;	2;	5199.99927;	128.26664866000002;	2.466666666666667;	8359936.0;	44738.13333333333;	0.0;	10.6;	4.466666666666667;	0.0
1377574676;	2;	5199.99927;	143.86664647000003;	2.766666666666667;	8359936.0;	218101.6;	0.0;	16.0;	4.666666666666667;	0.0
1377574976;	2;	5199.99927;	128.26664866000002;	2.466666666666667;	8359936.0;	145400.8;	0.0;	10.533333333333333;	4.466666666666667;	0.0
1377575276;	2;	5199.99927;	126.53331557000001;	2.4333333333333336;	8359936.0;	134216.8;	0.0;	10.4;	4.333333333333333;	0.0
1377575576;	2;	5199.99927;	126.53331557000001;	2.4333333333333336;	8359936.0;	106254.13333333333;	0.0;	10.333333333333334;	4.4;	0.0
1377575876;	2;	5199.99927;	117.86665011999999;	2.2666666666666666;	8359936.0;	150993.86666666667;	0.0;	10.466666666666667;	4.533333333333333;	0.0
1377576176;	2;	5199.99927;	129.99998175000002;	2.5;	8359936.0;	223694.93333333332;	0.0;	11.133333333333333;	4.466666666666667;	0.06666666666666667
1377576476;	2;	5199.99927;	129.99998175000002;	2.5;	8359936.0;	240471.73333333334;	0.0;	10.8;	4.333333333333333;	0.0
1377576776;	2;	5199.99927;	131.73331484;	2.533333333333333;	8359936.0;	162178.13333333333;	0.0;	10.666666666666666;	4.333333333333333;	0.0
1377577076;	2;	5199.99927;	126.53331557000001;	2.4333333333333336;	8359936.0;	251657.06666666668;	0.0;	10.2;	4.333333333333333;	0.0
1377577376;	2;	5199.99927;	117.86665011999999;	2.2666666666666666;	8359936.0;	139808.8;	0.0;	10.6;	4.4;	0.0
1377577676;	2;	5199.99927;	129.99998175000002;	2.5;	8359936.0;	167772.0;	0.0;	10.533333333333333;	4.333333333333333;	0.0
1377577976;	2;	5199.99927;	135.19998102000002;	2.6;	8359936.0;	162179.46666666667;	0.0;	10.4;	4.4;	0.0
1377578276;	2;	5199.99927;	149.06664574;	2.8666666666666667;	8359936.0;	234880.26666666666;	0.0;	16.133333333333333;	4.533333333333333;	0.0
1377578576;	2;	5199.99927;	126.53331557000001;	2.4333333333333336;	8359936.0;	318765.6;	0.0;	10.333333333333334;	4.4;	0.0
1377578876;	2;	5199.99927;	119.59998320999999;	2.3;	8359936.0;	117439.2;	0.0;	10.533333333333333;	4.333333333333333;	0.0
1377579176;	2;	5199.99927;	109.19998467;	2.1;	8359936.0;	139808.26666666666;	0.0;	10.4;	4.4;	0.0
1377579476;	2;	5199.99927;	103.9999854;	2.0;	8359936.0;	100661.6;	0.0;	10.466666666666667;	4.533333333333333;	0.0
1377579776;	2;	5199.99927;	110.93331776000001;	2.1333333333333333;	8359936.0;	134217.33333333334;	0.0;	11.266666666666667;	4.4;	0.0
1377580076;	2;	5199.99927;	109.19998467;	2.1;	8359936.0;	162178.13333333333;	0.0;	11.266666666666667;	4.4;	0.0
1377580376;	2;	5199.99927;	109.19998467;	2.1;	8359936.0;	184548.8;	0.0;	10.6;	4.466666666666667;	0.0
1377580676;	2;	5199.99927;	105.73331849;	2.033333333333333;	8359936.0;	223694.66666666666;	0.0;	10.333333333333334;	4.333333333333333;	0.0
1377580976;	2;	5199.99927;	109.19998467;	2.1;	8359936.0;	167770.13333333333;	0.0;	10.533333333333333;	4.333333333333333;	0.0
1377581276;	2;	5199.99927;	107.46665158;	2.0666666666666664;	8359936.0;	167770.4;	0.0;	10.4;	4.4;	0.0
1377581576;	2;	5199.99927;	109.19998467;	2.1;	8359936.0;	89476.8;	0.0;	10.6;	4.333333333333333;	0.0
1377581876;	2;	5199.99927;	119.59998320999999;	2.3;	8359936.0;	313173.6;	0.0;	15.933333333333334;	4.6;	0.0
1377582176;	2;	5199.99927;	107.46665158;	2.0666666666666664;	8359936.0;	318765.6;	0.0;	10.533333333333333;	4.4;	0.0
1377582476;	2;	5199.99927;	103.9999854;	2.0;	8359936.0;	218103.2;	0.0;	10.466666666666667;	4.466666666666667;	0.0
1377582776;	2;	5199.99927;	109.19998467;	2.1;	8359936.0;	178955.73333333334;	0.0;	10.4;	4.4;	0.0
1377583077;	2;	5199.99927;	105.73331849;	2.033333333333333;	8359936.0;	145401.06666666668;	0.0;	10.333333333333334;	4.6;	0.0
1377583377;	2;	5199.99927;	109.19998467;	2.1;	8359936.0;	156586.93333333332;	0.0;	11.066666666666666;	4.666666666666667;	0.06666666666666667
1377583677;	2;	5199.99927;	103.9999854;	2.0;	8359936.0;	145401.86666666667;	0.0;	10.666666666666666;	4.6;	0.0
1377583977;	2;	5199.99927;	100.53331922000001;	1.9333333333333333;	8359936.0;	184548.8;	0.0;	10.4;	4.533333333333333;	0.0
1377584277;	2;	5199.99927;	102.26665231000001;	1.9666666666666666;	8359936.0;	89476.53333333334;	0.0;	10.333333333333334;	4.466666666666667;	0.0
1377584577;	2;	5199.99927;	102.26665231000001;	1.9666666666666666;	8359936.0;	72701.06666666667;	0.0;	10.4;	4.533333333333333;	0.0
1377584877;	2;	5199.99927;	102.26665231000001;	1.9666666666666666;	8359936.0;	134215.73333333334;	0.0;	10.533333333333333;	4.466666666666667;	0.0
1377585177;	2;	5199.99927;	103.9999854;	2.0;	8359936.0;	218102.4;	0.0;	10.466666666666667;	4.333333333333333;	0.0
1377585477;	2;	5199.99927;	119.59998320999999;	2.3;	8359936.0;	279619.4666666667;	0.0;	15.866666666666667;	4.533333333333333;	0.0
1377585777;	2;	5199.99927;	100.53331922000001;	1.9333333333333333;	8359936.0;	251656.26666666666;	0.0;	10.4;	4.466666666666667;	0.0
1377586077;	2;	5199.99927;	103.9999854;	2.0;	8359936.0;	234879.2;	0.0;	10.466666666666667;	4.533333333333333;	0.0
1377586377;	2;	5199.99927;	102.26665231000001;	1.9666666666666666;	8359936.0;	195732.8;	0.0;	10.266666666666667;	4.466666666666667;	0.0
1377586677;	2;	5199.99927;	103.9999854;	2.0;	8359936.0;	134216.8;	0.0;	10.4;	4.466666666666667;	0.0
1377586977;	2;	5199.99927;	107.46665158;	2.0666666666666664;	8359936.0;	139809.33333333334;	0.0;	11.2;	4.6;	0.0
1377587277;	2;	5199.99927;	103.9999854;	2.0;	8359936.0;	100661.6;	0.0;	10.666666666666666;	4.4;	0.0
1377587577;	2;	5199.99927;	100.53331922000001;	1.9333333333333333;	8359936.0;	173362.66666666666;	0.0;	10.533333333333333;	4.466666666666667;	0.0
1377587877;	2;	5199.99927;	103.9999854;	2.0;	8359936.0;	234880.26666666666;	0.0;	10.333333333333334;	4.466666666666667;	0.0
1377588177;	2;	5199.99927;	103.9999854;	2.0;	8359936.0;	167770.66666666666;	0.0;	10.466666666666667;	4.533333333333333;	0.0
1377588477;	2;	5199.99927;	100.53331922000001;	1.9333333333333333;	8359936.0;	173364.26666666666;	0.0;	10.333333333333334;	4.533333333333333;	0.0
1377588776;	2;	5199.99927;	103.9999854;	2.0;	8359936.0;	178956.26666666666;	0.0;	10.666666666666666;	4.533333333333333;	0.0
1377589076;	2;	5199.99927;	119.59998320999999;	2.3;	8359936.0;	218102.66666666666;	0.0;	15.933333333333334;	4.6;	0.0
1377589376;	2;	5199.99927;	105.73331849;	2.033333333333333;	8359936.0;	201325.06666666668;	0.0;	10.466666666666667;	4.466666666666667;	0.0
1377589676;	2;	5199.99927;	103.9999854;	2.0;	8359936.0;	67107.2;	0.0;	10.333333333333334;	4.466666666666667;	0.0
1377589976;	2;	5199.99927;	103.9999854;	2.0;	8359936.0;	50330.4;	0.0;	10.4;	4.4;	0.0
1377590277;	2;	5199.99927;	103.9999854;	2.0;	8359936.0;	100661.6;	0.0;	10.2;	4.533333333333333;	0.0
1377590577;	2;	5199.99927;	105.73331849;	2.033333333333333;	8359936.0;	117440.0;	0.0;	11.333333333333334;	4.666666666666667;	0.0
1377590877;	2;	5199.99927;	103.9999854;	2.0;	8359936.0;	184548.0;	0.0;	11.0;	4.466666666666667;	0.06666666666666667
1377591177;	2;	5199.99927;	105.73331849;	2.033333333333333;	8359936.0;	95069.6;	0.0;	10.6;	4.533333333333333;	0.0
1377591477;	2;	5199.99927;	103.9999854;	2.0;	8359936.0;	22369.066666666666;	0.0;	10.4;	4.533333333333333;	0.0
1377591777;	2;	5199.99927;	103.9999854;	2.0;	8359936.0;	139809.33333333334;	0.0;	10.466666666666667;	4.4;	0.0
1377592077;	2;	5199.99927;	102.26665231000001;	1.9666666666666666;	8359936.0;	89477.6;	0.0;	10.666666666666666;	4.4;	0.0
1377592377;	2;	5199.99927;	105.73331849;	2.033333333333333;	8359936.0;	111846.93333333333;	0.0;	10.466666666666667;	4.533333333333333;	0.0
1377592677;	2;	5199.99927;	119.59998320999999;	2.3;	8359936.0;	212511.2;	0.0;	15.8;	4.533333333333333;	0.0
1377592977;	2;	5199.99927;	107.46665158;	2.0666666666666664;	8359936.0;	201325.06666666668;	0.0;	10.466666666666667;	4.533333333333333;	0.0
1377593277;	2;	5199.99927;	103.9999854;	2.0;	8359936.0;	150992.8;	0.0;	10.466666666666667;	4.533333333333333;	0.0
1377593577;	2;	5199.99927;	103.9999854;	2.0;	8359936.0;	162178.4;	0.0;	10.333333333333334;	4.466666666666667;	0.0
1377593877;	2;	5199.99927;	103.9999854;	2.0;	8359936.0;	162178.93333333332;	0.0;	10.2;	4.333333333333333;	0.0
1377594177;	2;	5199.99927;	107.46665158;	2.0666666666666664;	8359936.0;	173363.73333333334;	0.0;	11.2;	4.533333333333333;	0.0
1377594477;	2;	5199.99927;	91.86665377;	1.7666666666666666;	8359936.0;	212510.13333333333;	0.0;	5.6;	2.066666666666667;	0.0
1377594777;	2;	5199.99927;	79.73332214000001;	1.5333333333333334;	8359936.0;	117439.2;	0.0;	0.06666666666666667;	0.0;	0.0
1377595077;	2;	5199.99927;	77.99998905000001;	1.5;	8359936.0;	83884.8;	0.0;	0.8666666666666667;	0.5333333333333333;	0.0
1377595377;	2;	5199.99927;	103.9999854;	2.0;	8359936.0;	117439.2;	0.0;	10.533333333333333;	4.266666666666667;	0.0
1377595677;	2;	5199.99927;	103.9999854;	2.0;	8359936.0;	100661.6;	0.0;	10.333333333333334;	4.533333333333333;	0.0
1377595977;	2;	5199.99927;	98.79998613;	1.9;	8359936.0;	229288.26666666666;	0.0;	10.466666666666667;	4.4;	0.0
1377596277;	2;	5199.99927;	114.39998394000003;	2.2;	8359936.0;	246065.06666666668;	0.0;	15.933333333333334;	4.466666666666667;	0.0
1377596577;	2;	5199.99927;	102.26665231000001;	1.9666666666666666;	8359936.0;	167771.2;	0.0;	10.266666666666667;	4.4;	0.0
1377596877;	2;	5199.99927;	102.26665231000001;	1.9666666666666666;	8359936.0;	83884.8;	0.0;	10.266666666666667;	4.4;	0.0
1377597177;	2;	5199.99927;	102.26665231000001;	1.9666666666666666;	8359936.0;	134216.0;	0.0;	10.4;	4.4;	0.0
1377597477;	2;	5199.99927;	100.53331922000001;	1.9333333333333333;	8359936.0;	190141.06666666668;	0.0;	10.466666666666667;	4.466666666666667;	0.0
1377597777;	2;	5199.99927;	102.26665231000001;	1.9666666666666666;	8359936.0;	223694.66666666666;	0.0;	11.2;	4.666666666666667;	0.0
1377598077;	2;	5199.99927;	100.53331922000001;	1.9333333333333333;	8359936.0;	184548.0;	0.0;	10.866666666666667;	4.466666666666667;	0.0
1377598377;	2;	5199.99927;	102.26665231000001;	1.9666666666666666;	8359936.0;	184548.0;	0.0;	10.533333333333333;	4.533333333333333;	0.0
1377598677;	2;	5199.99927;	102.26665231000001;	1.9666666666666666;	8359936.0;	117440.0;	0.0;	10.266666666666667;	4.6;	0.0
1377598977;	2;	5199.99927;	103.9999854;	2.0;	8359936.0;	128624.26666666666;	0.0;	10.533333333333333;	4.333333333333333;	0.0
1377599277;	2;	5199.99927;	103.9999854;	2.0;	8359936.0;	184548.26666666666;	0.0;	10.6;	4.466666666666667;	0.0
1377599577;	2;	5199.99927;	102.26665231000001;	1.9666666666666666;	8359936.0;	173363.46666666667;	0.0;	10.533333333333333;	4.466666666666667;	0.0
1377599877;	2;	5199.99927;	116.13331703000001;	2.2333333333333334;	8359936.0;	246064.26666666666;	0.0;	16.266666666666666;	4.4;	0.0
1377600177;	2;	5199.99927;	103.9999854;	2.0;	8359936.0;	251656.8;	0.0;	10.333333333333334;	4.4;	0.0
1377600477;	2;	5199.99927;	102.26665231000001;	1.9666666666666666;	8359936.0;	134216.8;	0.0;	10.4;	4.466666666666667;	0.0
1377600777;	2;	5199.99927;	102.26665231000001;	1.9666666666666666;	8359936.0;	134217.06666666668;	0.0;	10.6;	4.4;	0.0
1377601077;	2;	5199.99927;	100.53331922000001;	1.9333333333333333;	8359936.0;	117439.46666666666;	0.0;	10.266666666666667;	4.533333333333333;	0.0
1377601377;	2;	5199.99927;	103.9999854;	2.0;	8359936.0;	150993.6;	0.0;	11.133333333333333;	4.533333333333333;	0.0
1377601677;	2;	5199.99927;	100.53331922000001;	1.9333333333333333;	8359936.0;	201326.4;	0.0;	11.133333333333333;	4.333333333333333;	0.0
1377601977;	2;	5199.99927;	102.26665231000001;	1.9666666666666666;	8359936.0;	206918.4;	0.0;	10.466666666666667;	4.466666666666667;	0.0
1377602278;	2;	5199.99927;	103.9999854;	2.0;	8359936.0;	184547.73333333334;	0.0;	10.333333333333334;	4.466666666666667;	0.0
1377602578;	2;	5199.99927;	98.79998613;	1.9;	8359936.0;	83884.0;	0.0;	10.533333333333333;	4.4;	0.0
1377602878;	2;	5199.99927;	103.9999854;	2.0;	8359936.0;	128623.2;	0.0;	10.6;	4.333333333333333;	0.0
1377603178;	2;	5199.99927;	102.26665231000001;	1.9666666666666666;	8359936.0;	117438.4;	0.0;	10.666666666666666;	4.466666666666667;	0.0
1377603478;	2;	5199.99927;	119.59998320999999;	2.3;	8359936.0;	123031.73333333334;	0.0;	15.8;	4.6;	0.0
1377603778;	2;	5199.99927;	103.9999854;	2.0;	8359936.0;	156586.93333333332;	0.0;	10.466666666666667;	4.466666666666667;	0.0
1377604078;	2;	5199.99927;	102.26665231000001;	1.9666666666666666;	8359936.0;	150994.4;	0.0;	10.466666666666667;	4.466666666666667;	0.0
1377604378;	2;	5199.99927;	103.9999854;	2.0;	8359936.0;	150993.06666666668;	0.0;	10.666666666666666;	4.533333333333333;	0.0
1377604678;	2;	5199.99927;	103.9999854;	2.0;	8359936.0;	123031.73333333334;	0.0;	10.466666666666667;	4.4;	0.0
1377604978;	2;	5199.99927;	103.9999854;	2.0;	8359936.0;	178956.26666666666;	0.0;	11.2;	4.533333333333333;	0.06666666666666667
1377605278;	2;	5199.99927;	100.53331922000001;	1.9333333333333333;	8359936.0;	234880.0;	0.0;	10.6;	4.333333333333333;	0.0
1377605578;	2;	5199.99927;	102.26665231000001;	1.9666666666666666;	8359936.0;	117439.2;	0.0;	10.533333333333333;	4.466666666666667;	0.0
1377605878;	2;	5199.99927;	103.9999854;	2.0;	8359936.0;	134216.8;	0.0;	10.466666666666667;	4.466666666666667;	0.0
1377606178;	2;	5199.99927;	103.9999854;	2.0;	8359936.0;	100662.4;	0.0;	10.466666666666667;	4.533333333333333;	0.0
1377606478;	2;	5199.99927;	103.9999854;	2.0;	8359936.0;	173362.66666666666;	0.0;	10.333333333333334;	4.466666666666667;	0.0
1377606778;	2;	5199.99927;	102.26665231000001;	1.9666666666666666;	8359936.0;	61515.46666666667;	0.0;	10.4;	4.533333333333333;	0.0
1377607378;	2;	5199.99927;	102.26665231000001;	1.9666666666666666;	8359936.0;	257249.86666666667;	0.0;	10.533333333333333;	4.4;	0.0
1377607678;	2;	5199.99927;	103.9999854;	2.0;	8359936.0;	156586.93333333332;	0.0;	10.4;	4.333333333333333;	0.0
1377607978;	2;	5199.99927;	103.9999854;	2.0;	8359936.0;	212509.86666666667;	0.0;	10.533333333333333;	4.333333333333333;	0.0
1377608278;	2;	5199.99927;	102.26665231000001;	1.9666666666666666;	8359936.0;	262842.13333333336;	0.0;	10.466666666666667;	4.466666666666667;	0.0
1377608578;	2;	5199.99927;	105.73331849;	2.033333333333333;	8359936.0;	162179.2;	0.0;	11.333333333333334;	4.466666666666667;	0.0
1377608878;	2;	5199.99927;	103.9999854;	2.0;	8359936.0;	201324.53333333333;	0.0;	10.6;	4.4;	0.0
1377609178;	2;	5199.99927;	102.26665231000001;	1.9666666666666666;	8359936.0;	167770.4;	0.0;	10.466666666666667;	4.4;	0.0
1377609478;	2;	5199.99927;	102.26665231000001;	1.9666666666666666;	8359936.0;	167770.4;	0.0;	10.333333333333334;	4.466666666666667;	0.0
1377609778;	2;	5199.99927;	103.9999854;	2.0;	8359936.0;	195732.53333333333;	0.0;	10.466666666666667;	4.6;	0.0
1377610078;	2;	5199.99927;	103.9999854;	2.0;	8359936.0;	162179.46666666667;	0.0;	10.333333333333334;	4.466666666666667;	0.0
1377610378;	2;	5199.99927;	109.19998467;	2.1;	8359936.0;	184548.0;	0.0;	10.466666666666667;	4.4;	0.0
1377610678;	2;	5199.99927;	123.06664939000001;	2.3666666666666667;	8359936.0;	246064.53333333333;	0.0;	15.8;	4.6;	0.0
1377610978;	2;	5199.99927;	103.9999854;	2.0;	8359936.0;	184547.46666666667;	0.0;	10.333333333333334;	4.533333333333333;	0.0
1377611278;	2;	5199.99927;	103.9999854;	2.0;	8359936.0;	229287.2;	0.0;	10.333333333333334;	4.4;	0.0
1377611578;	2;	5199.99927;	103.9999854;	2.0;	8359936.0;	279618.93333333335;	0.0;	10.466666666666667;	4.466666666666667;	0.0
1377611878;	2;	5199.99927;	103.9999854;	2.0;	8359936.0;	111846.66666666667;	0.0;	10.4;	4.466666666666667;	0.0
1377612178;	2;	5199.99927;	105.73331849;	2.033333333333333;	8359936.0;	184547.46666666667;	0.0;	11.2;	4.533333333333333;	0.0
1377612478;	2;	5199.99927;	102.26665231000001;	1.9666666666666666;	8359936.0;	240472.0;	0.0;	11.2;	4.466666666666667;	0.0
1377612778;	2;	5199.99927;	103.9999854;	2.0;	8359936.0;	27961.333333333332;	0.0;	10.333333333333334;	4.4;	0.0
1377613078;	2;	5199.99927;	103.9999854;	2.0;	8359936.0;	78291.73333333334;	0.0;	10.4;	4.333333333333333;	0.0
1377613378;	2;	5199.99927;	103.9999854;	2.0;	8359936.0;	128623.2;	0.0;	10.4;	4.466666666666667;	0.0
1377613678;	2;	5199.99927;	102.26665231000001;	1.9666666666666666;	8359936.0;	184548.26666666666;	0.0;	10.466666666666667;	4.533333333333333;	0.0
1377613978;	2;	5199.99927;	103.9999854;	2.0;	8359936.0;	61514.933333333334;	0.0;	10.4;	4.466666666666667;	0.0
1377614279;	2;	5199.99927;	116.13331703000001;	2.2333333333333334;	8359936.0;	234880.26666666666;	0.0;	16.0;	4.4;	0.0
1377614579;	2;	5199.99927;	103.9999854;	2.0;	8359936.0;	352320.0;	0.0;	10.333333333333334;	4.333333333333333;	0.0
1377614879;	2;	5199.99927;	102.26665231000001;	1.9666666666666666;	8359936.0;	150994.4;	0.0;	10.333333333333334;	4.4;	0.0
1377615179;	2;	5199.99927;	102.26665231000001;	1.9666666666666666;	8359936.0;	100661.6;	0.0;	10.933333333333334;	4.466666666666667;	0.0
1377615479;	2;	5199.99927;	102.26665231000001;	1.9666666666666666;	8359936.0;	83884.0;	0.0;	10.266666666666667;	4.4;	0.0
1377615779;	2;	5199.99927;	110.93331776000001;	2.1333333333333333;	8359936.0;	61514.933333333334;	0.0;	11.2;	4.6;	0.06666666666666667
1377616079;	2;	5199.99927;	110.93331776000001;	2.1333333333333333;	8359936.0;	83884.0;	0.0;	11.0;	4.6;	0.0
1377616379;	2;	5199.99927;	116.13331703000001;	2.2333333333333334;	8359936.0;	178956.26666666666;	0.0;	10.533333333333333;	4.533333333333333;	0.0
1377616679;	2;	5199.99927;	110.93331776000001;	2.1333333333333333;	8359936.0;	184548.0;	0.0;	10.2;	4.466666666666667;	0.0
1377616979;	2;	5199.99927;	109.19998467;	2.1;	8359936.0;	134216.8;	0.0;	10.4;	4.466666666666667;	0.0
1377617279;	2;	5199.99927;	110.93331776000001;	2.1333333333333333;	8359936.0;	134216.0;	0.0;	10.133333333333333;	4.4;	0.0
1377617579;	2;	5199.99927;	128.26664866000002;	2.466666666666667;	8359936.0;	212510.13333333333;	0.0;	10.266666666666667;	4.266666666666667;	0.0
1377617879;	2;	5199.99927;	126.53331557000001;	2.4333333333333336;	8359936.0;	285211.4666666667;	0.0;	16.066666666666666;	4.466666666666667;	0.0
1377618179;	2;	5199.99927;	117.86665011999999;	2.2666666666666666;	8359936.0;	218103.2;	0.0;	10.533333333333333;	4.333333333333333;	0.0
1377618479;	2;	5199.99927;	103.9999854;	2.0;	8359936.0;	156586.13333333333;	0.0;	10.4;	4.4;	0.0
1377618779;	2;	5199.99927;	103.9999854;	2.0;	8359936.0;	206917.86666666667;	0.0;	10.533333333333333;	4.333333333333333;	0.0
1377619079;	2;	5199.99927;	102.26665231000001;	1.9666666666666666;	8359936.0;	67108.0;	0.0;	10.533333333333333;	4.466666666666667;	0.0
1377619379;	2;	5199.99927;	107.46665158;	2.0666666666666664;	8359936.0;	246064.53333333333;	0.0;	11.066666666666666;	4.4;	0.0
1377619679;	2;	5199.99927;	109.19998467;	2.1;	8359936.0;	257249.86666666667;	0.0;	10.6;	4.333333333333333;	0.0
1377619979;	2;	5199.99927;	107.46665158;	2.0666666666666664;	8359936.0;	234880.0;	0.0;	10.266666666666667;	4.266666666666667;	0.0
1377620279;	2;	5199.99927;	107.46665158;	2.0666666666666664;	8359936.0;	190140.53333333333;	0.0;	10.4;	4.333333333333333;	0.0
1377620579;	2;	5199.99927;	103.9999854;	2.0;	8359936.0;	150993.6;	0.0;	10.533333333333333;	4.4;	0.0
1377620879;	2;	5199.99927;	103.9999854;	2.0;	8359936.0;	72700.26666666666;	0.0;	10.333333333333334;	4.466666666666667;	0.0
1377621179;	2;	5199.99927;	105.73331849;	2.033333333333333;	8359936.0;	173362.66666666666;	0.0;	10.533333333333333;	4.4;	0.0
1377621479;	2;	5199.99927;	121.3333163;	2.3333333333333335;	8359936.0;	173362.66666666666;	0.0;	15.866666666666667;	4.4;	0.0
1377621779;	2;	5199.99927;	102.26665231000001;	1.9666666666666666;	8359936.0;	162178.4;	0.0;	10.466666666666667;	4.4;	0.0
1377622079;	2;	5199.99927;	103.9999854;	2.0;	8359936.0;	106253.6;	0.0;	10.4;	4.4;	0.0
1377622379;	2;	5199.99927;	100.53331922000001;	1.9333333333333333;	8359936.0;	218101.6;	0.0;	10.6;	4.466666666666667;	0.0
1377622679;	2;	5199.99927;	102.26665231000001;	1.9666666666666666;	8359936.0;	173364.26666666666;	0.0;	10.266666666666667;	4.4;	0.0
1377622979;	2;	5199.99927;	107.46665158;	2.0666666666666664;	8359936.0;	128624.53333333334;	0.0;	11.466666666666667;	4.4;	0.13333333333333333
1377623279;	2;	5199.99927;	116.13331703000001;	2.2333333333333334;	8359936.0;	274026.6666666667;	0.0;	15.866666666666667;	4.6;	0.0
1377623579;	2;	5199.99927;	103.9999854;	2.0;	8359936.0;	117440.26666666666;	0.0;	10.4;	4.466666666666667;	0.0
1377623879;	2;	5199.99927;	103.9999854;	2.0;	8359936.0;	123030.93333333333;	0.0;	10.533333333333333;	4.333333333333333;	0.0
1377624179;	2;	5199.99927;	103.9999854;	2.0;	8359936.0;	150994.13333333333;	0.0;	10.466666666666667;	4.4;	0.0
1377624479;	2;	5199.99927;	100.53331922000001;	1.9333333333333333;	8359936.0;	184547.73333333334;	0.0;	10.466666666666667;	4.533333333333333;	0.0
1377624779;	2;	5199.99927;	102.26665231000001;	1.9666666666666666;	8359936.0;	229288.0;	0.0;	10.333333333333334;	4.466666666666667;	0.0
1377625079;	2;	5199.99927;	110.93331776000001;	2.1333333333333333;	8359936.0;	173362.93333333332;	0.0;	16.0;	4.533333333333333;	0.0
1377625379;	2;	5199.99927;	88.39998759;	1.7;	8359936.0;	279618.93333333335;	0.0;	10.6;	4.333333333333333;	0.0
1377625679;	2;	5199.99927;	81.46665523;	1.5666666666666667;	8359936.0;	206917.6;	0.0;	10.4;	4.333333333333333;	0.0
1377625979;	2;	5199.99927;	93.59998686;	1.8;	8359936.0;	190140.0;	0.0;	10.666666666666666;	4.533333333333333;	0.0
1377626279;	2;	5199.99927;	91.86665377;	1.7666666666666666;	8359936.0;	150993.33333333334;	0.0;	10.466666666666667;	4.466666666666667;	0.0
1377626579;	2;	5199.99927;	90.13332068000001;	1.7333333333333334;	8359936.0;	184548.8;	0.0;	11.333333333333334;	4.4;	0.0
1377626879;	2;	5199.99927;	88.39998759;	1.7;	8359936.0;	111846.66666666667;	0.0;	10.866666666666667;	4.4;	0.0
1377627179;	2;	5199.99927;	88.39998759;	1.7;	8359936.0;	61514.933333333334;	0.0;	10.533333333333333;	4.533333333333333;	0.0
1377627479;	2;	5199.99927;	88.39998759;	1.7;	8359936.0;	55923.46666666667;	0.0;	10.533333333333333;	4.4;	0.0
1377627779;	2;	5199.99927;	88.39998759;	1.7;	8359936.0;	150993.6;	0.0;	10.666666666666666;	4.466666666666667;	0.0
1377628079;	2;	5199.99927;	88.39998759;	1.7;	8359936.0;	139808.0;	0.0;	10.4;	4.4;	0.0
1377628379;	2;	5199.99927;	86.6666545;	1.6666666666666665;	8359936.0;	173363.2;	0.0;	10.533333333333333;	4.466666666666667;	0.0
1377628679;	2;	5199.99927;	107.46665158;	2.0666666666666664;	8359936.0;	234879.46666666667;	0.0;	15.866666666666667;	4.466666666666667;	0.0
1377628979;	2;	5199.99927;	88.39998759;	1.7;	8359936.0;	218103.2;	0.0;	10.4;	4.4;	0.0
1377629279;	2;	5199.99927;	86.6666545;	1.6666666666666665;	8359936.0;	167772.0;	0.0;	10.333333333333334;	4.533333333333333;	0.0
1377629580;	2;	5199.99927;	90.13332068000001;	1.7333333333333334;	8359936.0;	218102.4;	0.0;	10.533333333333333;	4.4;	0.0
1377629880;	2;	5199.99927;	88.39998759;	1.7;	8359936.0;	145400.8;	0.0;	10.6;	4.4;	0.0
1377630180;	2;	5199.99927;	93.59998686;	1.8;	8359936.0;	111846.13333333333;	0.0;	11.066666666666666;	4.466666666666667;	0.0
1377630480;	2;	5199.99927;	88.39998759;	1.7;	8359936.0;	167770.93333333332;	0.0;	10.6;	4.4;	0.0
1377630780;	2;	5199.99927;	86.6666545;	1.6666666666666665;	8359936.0;	178955.46666666667;	0.0;	10.466666666666667;	4.466666666666667;	0.0
1377631080;	2;	5199.99927;	84.93332141;	1.6333333333333335;	8359936.0;	184548.0;	0.0;	10.333333333333334;	4.333333333333333;	0.0
1377631380;	2;	5199.99927;	86.6666545;	1.6666666666666665;	8359936.0;	167770.66666666666;	0.0;	10.333333333333334;	4.466666666666667;	0.0
1377631680;	2;	5199.99927;	83.19998832000002;	1.6;	8359936.0;	117438.4;	0.0;	10.466666666666667;	4.533333333333333;	0.0
1377631980;	2;	5199.99927;	88.39998759;	1.7;	8359936.0;	89476.53333333334;	0.0;	10.466666666666667;	4.6;	0.0
1377632280;	2;	5199.99927;	112.66665085000001;	2.1666666666666665;	8359936.0;	251656.26666666666;	0.0;	16.0;	4.6;	0.0
1377632580;	2;	5199.99927;	88.39998759;	1.7;	8359936.0;	229286.93333333332;	0.0;	10.533333333333333;	4.4;	0.0
1377632880;	2;	5199.99927;	86.6666545;	1.6666666666666665;	8359936.0;	117439.73333333334;	0.0;	10.533333333333333;	4.533333333333333;	0.0
1377633180;	2;	5199.99927;	86.6666545;	1.6666666666666665;	8359936.0;	246065.06666666668;	0.0;	10.4;	4.466666666666667;	0.0
1377633480;	2;	5199.99927;	88.39998759;	1.7;	8359936.0;	206917.86666666667;	0.0;	10.4;	4.466666666666667;	0.0
1377633780;	2;	5199.99927;	97.06665304;	1.8666666666666665;	8359936.0;	145400.8;	0.0;	11.066666666666666;	4.6;	0.0
1377634080;	2;	5199.99927;	97.06665304;	1.8666666666666665;	8359936.0;	156585.6;	0.0;	11.133333333333333;	4.533333333333333;	0.0
1377634380;	2;	5199.99927;	90.13332068000001;	1.7333333333333334;	8359936.0;	139809.33333333334;	0.0;	10.4;	4.466666666666667;	0.0
1377634680;	2;	5199.99927;	86.6666545;	1.6666666666666665;	8359936.0;	167771.2;	0.0;	10.333333333333334;	4.466666666666667;	0.0
1377634980;	2;	5199.99927;	86.6666545;	1.6666666666666665;	8359936.0;	251656.0;	0.0;	10.4;	4.4;	0.0
1377635280;	2;	5199.99927;	90.13332068000001;	1.7333333333333334;	8359936.0;	251657.33333333334;	0.0;	10.466666666666667;	4.333333333333333;	0.0
1377635580;	2;	5199.99927;	88.39998759;	1.7;	8359936.0;	134216.0;	0.0;	10.466666666666667;	4.533333333333333;	0.0
1377635880;	2;	5199.99927;	109.19998467;	2.1;	8359936.0;	212509.86666666667;	0.0;	15.933333333333334;	4.533333333333333;	0.0
1377636180;	2;	5199.99927;	84.93332141;	1.6333333333333335;	8359936.0;	190140.0;	0.0;	10.333333333333334;	4.466666666666667;	0.0
1377636480;	2;	5199.99927;	84.93332141;	1.6333333333333335;	8359936.0;	123031.73333333334;	0.0;	10.4;	4.466666666666667;	0.0
1377636780;	2;	5199.99927;	84.93332141;	1.6333333333333335;	8359936.0;	150993.6;	0.0;	10.333333333333334;	4.4;	0.0
1377637080;	2;	5199.99927;	81.46665523;	1.5666666666666667;	8359936.0;	167772.0;	0.0;	10.4;	4.466666666666667;	0.0
1377637380;	2;	5199.99927;	90.13332068000001;	1.7333333333333334;	8359936.0;	134217.33333333334;	0.0;	11.133333333333333;	4.533333333333333;	0.0
1377637680;	2;	5199.99927;	86.6666545;	1.6666666666666665;	8359936.0;	111846.66666666667;	0.0;	10.8;	4.466666666666667;	0.0
1377637980;	2;	5199.99927;	84.93332141;	1.6333333333333335;	8359936.0;	212511.2;	0.0;	10.266666666666667;	4.466666666666667;	0.0
1377638280;	2;	5199.99927;	90.13332068000001;	1.7333333333333334;	8359936.0;	100662.4;	0.0;	10.466666666666667;	4.4;	0.0
1377638581;	2;	5199.99927;	91.86665377;	1.7666666666666666;	8359936.0;	83884.0;	0.0;	10.466666666666667;	4.466666666666667;	0.0
1377638881;	2;	5199.99927;	83.19998832000002;	1.6;	8359936.0;	212510.66666666666;	0.0;	10.533333333333333;	4.666666666666667;	0.0
1377639181;	2;	5199.99927;	88.39998759;	1.7;	8359936.0;	134216.0;	0.0;	10.266666666666667;	4.6;	0.0
1377639481;	2;	5199.99927;	114.39998394000003;	2.2;	8359936.0;	201325.6;	0.0;	15.933333333333334;	4.6;	0.0
1377639781;	2;	5199.99927;	84.93332141;	1.6333333333333335;	8359936.0;	201324.8;	0.0;	10.333333333333334;	4.466666666666667;	0.0
1377640081;	2;	5199.99927;	86.6666545;	1.6666666666666665;	8359936.0;	145401.06666666668;	0.0;	10.266666666666667;	4.4;	0.0
1377640381;	2;	5199.99927;	84.93332141;	1.6333333333333335;	8359936.0;	218102.4;	0.0;	10.533333333333333;	4.4;	0.0
1377640681;	2;	5199.99927;	86.6666545;	1.6666666666666665;	8359936.0;	83884.0;	0.0;	11.2;	4.533333333333333;	0.0
1377640981;	2;	5199.99927;	88.39998759;	1.7;	8359936.0;	61514.933333333334;	0.0;	11.0;	4.533333333333333;	0.0
1377641281;	2;	5199.99927;	90.13332068000001;	1.7333333333333334;	8359936.0;	184547.2;	0.0;	10.466666666666667;	4.333333333333333;	0.0
1377641581;	2;	5199.99927;	84.93332141;	1.6333333333333335;	8359936.0;	178956.0;	0.0;	10.466666666666667;	4.666666666666667;	0.0
1377641881;	2;	5199.99927;	84.93332141;	1.6333333333333335;	8359936.0;	178955.46666666667;	0.0;	10.333333333333334;	4.6;	0.0
1377642181;	2;	5199.99927;	88.39998759;	1.7;	8359936.0;	178954.93333333332;	0.0;	10.4;	4.6;	0.0
1377642481;	2;	5199.99927;	90.13332068000001;	1.7333333333333334;	8359936.0;	234880.0;	0.0;	10.333333333333334;	4.466666666666667;	0.0
1377642781;	2;	5199.99927;	88.39998759;	1.7;	8359936.0;	150993.6;	0.0;	10.266666666666667;	4.4;	0.0
1377643081;	2;	5199.99927;	166.39997664000003;	3.2;	8359936.0;	402651.73333333334;	0.0;	45.733333333333334;	5.333333333333333;	2.066666666666667
1377643381;	2;	5199.99927;	88.39998759;	1.7;	8359936.0;	346727.73333333334;	0.0;	10.533333333333333;	4.466666666666667;	0.0
1377643681;	2;	5199.99927;	79.73332214000001;	1.5333333333333334;	8359936.0;	83884.0;	0.0;	10.466666666666667;	4.533333333333333;	0.0
1377643981;	2;	5199.99927;	84.93332141;	1.6333333333333335;	8359936.0;	117438.4;	0.0;	10.266666666666667;	4.466666666666667;	0.0
1377644281;	2;	5199.99927;	86.6666545;	1.6666666666666665;	8359936.0;	111846.66666666667;	0.0;	10.466666666666667;	4.466666666666667;	0.0
1377644581;	2;	5199.99927;	90.13332068000001;	1.7333333333333334;	8359936.0;	178956.26666666666;	0.0;	10.933333333333334;	4.533333333333333;	0.06666666666666667
1377644881;	2;	5199.99927;	88.39998759;	1.7;	8359936.0;	173363.73333333334;	0.0;	11.066666666666666;	4.4;	0.0
1377645181;	2;	5199.99927;	83.19998832000002;	1.6;	8359936.0;	134216.0;	0.0;	10.333333333333334;	4.4;	0.0
1377645481;	2;	5199.99927;	83.19998832000002;	1.6;	8359936.0;	195733.33333333334;	0.0;	10.333333333333334;	4.4;	0.0
1377645781;	2;	5199.99927;	84.93332141;	1.6333333333333335;	8359936.0;	162178.66666666666;	0.0;	10.333333333333334;	4.333333333333333;	0.0
1377646081;	2;	5199.99927;	84.93332141;	1.6333333333333335;	8359936.0;	162177.6;	0.0;	10.266666666666667;	4.466666666666667;	0.0
1377646381;	2;	5199.99927;	91.86665377;	1.7666666666666666;	8359936.0;	95068.8;	0.0;	10.142857142857142;	4.466666666666667;	0.0
1377646681;	2;	5199.99927;	114.39998394000003;	2.2;	8359936.0;	307580.5333333333;	0.0;	15.8;	4.466666666666667;	0.0
1377646981;	2;	5199.99927;	83.19998832000002;	1.6;	8359936.0;	257248.8;	0.0;	10.333333333333334;	4.533333333333333;	0.0
1377647281;	2;	5199.99927;	93.59998686;	1.8;	8359936.0;	61515.2;	0.0;	10.214285714285714;	4.466666666666667;	0.0
1377647581;	2;	5199.99927;	86.6666545;	1.6666666666666665;	8359936.0;	190140.26666666666;	0.0;	10.466666666666667;	4.466666666666667;	0.0
1377647881;	2;	5199.99927;	84.93332141;	1.6333333333333335;	8359936.0;	111846.66666666667;	0.0;	10.2;	4.6;	0.0
1377648181;	2;	5199.99927;	90.13332068000001;	1.7333333333333334;	8359936.0;	111846.66666666667;	0.0;	11.066666666666666;	4.466666666666667;	0.0
1377648481;	2;	5199.99927;	136.93331411;	2.6333333333333333;	8359936.0;	212510.66666666666;	0.0;	48.86666666666667;	6.0;	74.73333333333333
1377648781;	2;	5199.99927;	126.53331557000001;	2.4333333333333336;	8359936.0;	385874.4;	0.0;	37.266666666666666;	7.8;	167.93333333333334
1377649081;	2;	5199.99927;	566.79992043;	10.9;	8359936.0;	335542.4;	0.0;	98.4;	8.533333333333333;	13.066666666666666
1377649381;	2;	5199.99927;	84.93332141;	1.6333333333333335;	8359936.0;	162178.13333333333;	0.0;	11.533333333333333;	4.333333333333333;	0.0
1377649681;	2;	5199.99927;	88.39998759;	1.7;	8359936.0;	95069.06666666667;	0.0;	10.333333333333334;	4.4;	0.0
1377649982;	2;	5199.998602;	171.599953866;	3.3;	8359936.0;	50330.4;	0.0;	10.75;	5.0;	0.0
1377650282;	2;	5199.998602;	126.53329931533334;	2.4333333333333336;	8359936.0;	134217.06666666668;	0.0;	15.8;	4.533333333333333;	0.0
1377650582;	2;	5199.998602;	100.53330630533334;	1.9333333333333333;	8359936.0;	83884.53333333334;	0.0;	10.533333333333333;	4.533333333333333;	0.0
1377651182;	2;	5199.998602;	90.13330910133332;	1.7333333333333334;	8359936.0;	162178.66666666666;	0.0;	10.4;	4.466666666666667;	0.0
1377651482;	2;	5199.998602;	81.46664476466667;	1.5666666666666667;	8359936.0;	156586.93333333332;	0.0;	10.333333333333334;	4.4;	0.0
1377651782;	2;	5199.998602;	86.66664336666665;	1.6666666666666665;	8359936.0;	123032.0;	0.0;	11.2;	4.466666666666667;	0.0
1377652082;	2;	5199.998602;	90.13330910133332;	1.7333333333333334;	8359936.0;	134216.0;	0.0;	10.6;	4.333333333333333;	0.0
1377652382;	2;	5199.998602;	84.93331049933333;	1.6333333333333335;	8359936.0;	39145.86666666667;	0.0;	10.4;	4.266666666666667;	0.0
1377652682;	2;	5199.998602;	84.93331049933333;	1.6333333333333335;	8359936.0;	78291.73333333334;	0.0;	10.333333333333334;	4.4;	0.0
1377652982;	2;	5199.998602;	79.73331189733334;	1.5333333333333334;	8359936.0;	78291.73333333334;	0.0;	10.333333333333334;	4.333333333333333;	0.0
1377653282;	2;	5199.998602;	86.66664336666665;	1.6666666666666665;	8359936.0;	27961.333333333332;	0.0;	10.4;	4.4;	0.0
1377653582;	2;	5199.998602;	79.73331189733334;	1.5333333333333334;	8359936.0;	156586.93333333332;	0.0;	10.266666666666667;	4.4;	0.0
1377653882;	2;	5199.998602;	105.73330490733332;	2.033333333333333;	8359936.0;	285212.26666666666;	0.0;	16.133333333333333;	4.6;	0.0
1377654182;	2;	5199.998602;	79.73331189733334;	1.5333333333333334;	8359936.0;	234879.73333333334;	0.0;	10.266666666666667;	4.4;	0.0
1377654482;	2;	5199.998602;	81.46664476466667;	1.5666666666666667;	8359936.0;	106255.46666666666;	0.0;	10.333333333333334;	4.466666666666667;	0.0
1377654782;	2;	5199.998602;	79.73331189733334;	1.5333333333333334;	8359936.0;	39146.4;	0.0;	10.333333333333334;	4.4;	0.0
1377655082;	2;	5199.998602;	81.46664476466667;	1.5666666666666667;	8359936.0;	67107.2;	0.0;	10.4;	4.333333333333333;	0.0
1377655382;	2;	5199.998602;	268.6665944366666;	5.166666666666666;	8359936.0;	117439.2;	0.0;	13.4;	5.866666666666666;	0.8666666666666667
1377655682;	2;	5199.998602;	123.06663358066666;	2.3666666666666667;	8359936.0;	374690.4;	0.0;	26.6;	11.4;	0.2
1377655982;	2;	5199.998602;	79.73331189733334;	1.5333333333333334;	8359936.0;	184548.53333333333;	0.0;	10.533333333333333;	4.466666666666667;	0.0
1377656282;	2;	5199.998602;	81.46664476466667;	1.5666666666666667;	8359936.0;	100661.6;	0.0;	10.466666666666667;	4.4;	0.0
1377656582;	2;	5199.998602;	79.73331189733334;	1.5333333333333334;	8359936.0;	223694.93333333332;	0.0;	10.4;	4.466666666666667;	0.0
1377656882;	2;	5199.998602;	84.93331049933333;	1.6333333333333335;	8359936.0;	145401.86666666667;	0.0;	10.266666666666667;	4.533333333333333;	0.0
1377657182;	2;	5199.998602;	81.46664476466667;	1.5666666666666667;	8359936.0;	162179.46666666667;	0.0;	10.4;	4.6;	0.0
1377657482;	2;	5199.998602;	105.73330490733332;	2.033333333333333;	8359936.0;	167770.4;	0.0;	15.8;	4.533333333333333;	0.0
1377657782;	2;	5199.998602;	79.73331189733334;	1.5333333333333334;	8359936.0;	134216.0;	0.0;	10.4;	4.533333333333333;	0.0
1377658082;	2;	5199.998602;	95.33330770333333;	1.8333333333333335;	8359936.0;	83884.8;	0.0;	10.4;	4.266666666666667;	0.0
1377658382;	2;	5199.998602;	79.73331189733334;	1.5333333333333334;	8359936.0;	106253.6;	0.0;	10.466666666666667;	4.266666666666667;	0.0
1377658682;	2;	5199.998602;	81.46664476466667;	1.5666666666666667;	8359936.0;	234879.2;	0.0;	10.466666666666667;	4.6;	0.0
1377658982;	2;	5199.998602;	84.93331049933333;	1.6333333333333335;	8359936.0;	167771.2;	0.0;	11.2;	4.6;	0.0
1377659282;	2;	5199.998602;	84.93331049933333;	1.6333333333333335;	8359936.0;	229288.0;	0.0;	10.866666666666667;	4.4;	0.0
1377659582;	2;	5199.998602;	88.399976234;	1.7;	8359936.0;	162178.93333333332;	0.0;	10.466666666666667;	4.466666666666667;	0.0
1377659882;	2;	5199.998602;	81.46664476466667;	1.5666666666666667;	8359936.0;	134216.8;	0.0;	10.466666666666667;	4.333333333333333;	0.0
1377660182;	2;	5199.998602;	79.73331189733334;	1.5333333333333334;	8359936.0;	100661.6;	0.0;	10.4;	4.533333333333333;	0.0
1377660482;	2;	5199.998602;	84.93331049933333;	1.6333333333333335;	8359936.0;	184548.8;	0.0;	10.666666666666666;	4.466666666666667;	0.0
1377660782;	2;	5199.998602;	79.73331189733334;	1.5333333333333334;	8359936.0;	173363.73333333334;	0.0;	10.533333333333333;	4.533333333333333;	0.0
1377661082;	2;	5199.998602;	98.799973438;	1.9;	8359936.0;	201325.86666666667;	0.0;	15.933333333333334;	4.466666666666667;	0.0
1377661382;	2;	5199.998602;	79.73331189733334;	1.5333333333333334;	8359936.0;	150993.6;	0.0;	10.4;	4.466666666666667;	0.0
1377661682;	2;	5199.998602;	81.46664476466667;	1.5666666666666667;	8359936.0;	100661.6;	0.0;	10.333333333333334;	4.4;	0.0
1377661982;	2;	5199.998602;	83.19997763199999;	1.6;	8359936.0;	0.0;	0.0;	10.533333333333333;	4.533333333333333;	0.0
1377662282;	2;	5199.998602;	81.46664476466667;	1.5666666666666667;	8359936.0;	134216.0;	0.0;	10.533333333333333;	4.466666666666667;	0.0
1377662582;	2;	5199.998602;	84.93331049933333;	1.6333333333333335;	8359936.0;	156585.86666666667;	0.0;	11.133333333333333;	4.4;	0.0
1377662882;	2;	5199.998602;	81.46664476466667;	1.5666666666666667;	8359936.0;	167770.4;	0.0;	10.866666666666667;	4.466666666666667;	0.0
1377663182;	2;	5199.998602;	81.46664476466667;	1.5666666666666667;	8359936.0;	100661.6;	0.0;	10.466666666666667;	4.4;	0.0
1377663482;	2;	5199.998602;	81.46664476466667;	1.5666666666666667;	8359936.0;	184548.8;	0.0;	10.266666666666667;	4.466666666666667;	0.0
1377663782;	2;	5199.998602;	79.73331189733334;	1.5333333333333334;	8359936.0;	123031.46666666666;	0.0;	10.4;	4.4;	0.0
1377664082;	2;	5199.998602;	81.46664476466667;	1.5666666666666667;	8359936.0;	206918.4;	0.0;	10.6;	4.533333333333333;	0.0
1377664382;	2;	5199.998602;	79.73331189733334;	1.5333333333333334;	8359936.0;	167771.2;	0.0;	10.466666666666667;	4.466666666666667;	0.0
1377664683;	2;	5199.998602;	100.53330630533334;	1.9333333333333333;	8359936.0;	162178.66666666666;	0.0;	16.0;	4.533333333333333;	0.0
1377664983;	2;	5199.998602;	79.73331189733334;	1.5333333333333334;	8359936.0;	89476.53333333334;	0.0;	10.266666666666667;	4.6;	0.0
1377665283;	2;	5199.998602;	81.46664476466667;	1.5666666666666667;	8359936.0;	95069.06666666667;	0.0;	10.333333333333334;	4.533333333333333;	0.0
1377665583;	2;	5199.998602;	79.73331189733334;	1.5333333333333334;	8359936.0;	106254.13333333333;	0.0;	10.6;	4.533333333333333;	0.0
1377665883;	2;	5199.998602;	81.46664476466667;	1.5666666666666667;	8359936.0;	184548.8;	0.0;	10.266666666666667;	4.466666666666667;	0.0
1377666183;	2;	5199.998602;	84.93331049933333;	1.6333333333333335;	8359936.0;	150994.4;	0.0;	11.2;	4.666666666666667;	0.0
1377666483;	2;	5199.998602;	90.13330910133332;	1.7333333333333334;	8359936.0;	134216.8;	0.0;	11.066666666666666;	4.6;	0.0
1377666783;	2;	5199.998602;	79.73331189733334;	1.5333333333333334;	8359936.0;	150994.4;	0.0;	10.4;	4.466666666666667;	0.0
1377667083;	2;	5199.998602;	81.46664476466667;	1.5666666666666667;	8359936.0;	150994.4;	0.0;	10.4;	4.4;	0.0
1377667383;	2;	5199.998602;	83.19997763199999;	1.6;	8359936.0;	89476.53333333334;	0.0;	10.466666666666667;	4.266666666666667;	0.0
1377667683;	2;	5199.998602;	81.46664476466667;	1.5666666666666667;	8359936.0;	173363.73333333334;	0.0;	10.266666666666667;	4.466666666666667;	0.0
1377667983;	2;	5199.998602;	77.99997902999999;	1.5;	8359936.0;	134216.8;	0.0;	10.4;	4.466666666666667;	0.0
1377668283;	2;	5199.998602;	98.799973438;	1.9;	8359936.0;	167770.4;	0.0;	15.933333333333334;	4.6;	0.0
1377668583;	2;	5199.998602;	77.99997902999999;	1.5;	8359936.0;	150993.6;	0.0;	10.466666666666667;	4.4;	0.0
1377668883;	2;	5199.998602;	83.19997763199999;	1.6;	8359936.0;	145401.86666666667;	0.0;	10.333333333333334;	4.4;	0.0
1377669183;	2;	5199.998602;	77.99997902999999;	1.5;	8359936.0;	111847.2;	0.0;	10.533333333333333;	4.466666666666667;	0.0
1377669483;	2;	5199.998602;	83.19997763199999;	1.6;	8359936.0;	44738.13333333333;	0.0;	10.4;	4.333333333333333;	0.0
1377669783;	2;	5199.998602;	83.19997763199999;	1.6;	8359936.0;	111846.66666666667;	0.0;	11.2;	4.466666666666667;	0.0
1377670083;	2;	5199.998602;	83.19997763199999;	1.6;	8359936.0;	150994.4;	0.0;	10.866666666666667;	4.333333333333333;	0.0
1377670383;	2;	5199.998602;	77.99997902999999;	1.5;	8359936.0;	95069.6;	0.0;	10.4;	4.4;	0.0
1377670683;	2;	5199.998602;	83.19997763199999;	1.6;	8359936.0;	139808.53333333333;	0.0;	10.466666666666667;	4.466666666666667;	0.0
1377670983;	2;	5199.998602;	81.46664476466667;	1.5666666666666667;	8359936.0;	78292.8;	0.0;	10.4;	4.466666666666667;	0.0
1377671283;	2;	5199.998602;	95.33330770333333;	1.8333333333333335;	8359936.0;	83884.0;	0.0;	10.266666666666667;	4.333333333333333;	0.0
1377671583;	2;	5199.998602;	77.99997902999999;	1.5;	8359936.0;	100661.6;	0.0;	10.4;	4.4;	0.0
1377671883;	2;	5199.998602;	103.99997203999999;	2.0;	8359936.0;	296396.26666666666;	0.0;	16.066666666666666;	4.6;	0.0
1377672183;	2;	5199.998602;	77.99997902999999;	1.5;	8359936.0;	206917.86666666667;	0.0;	10.333333333333334;	4.533333333333333;	0.0
1377672483;	2;	5199.998602;	83.19997763199999;	1.6;	8359936.0;	156585.33333333334;	0.0;	10.533333333333333;	4.466666666666667;	0.0
1377672783;	2;	5199.998602;	77.99997902999999;	1.5;	8359936.0;	145401.06666666668;	0.0;	10.333333333333334;	4.466666666666667;	0.0
1377673083;	2;	5199.998602;	83.19997763199999;	1.6;	8359936.0;	100662.4;	0.0;	10.533333333333333;	4.466666666666667;	0.0
1377673383;	2;	5199.998602;	83.19997763199999;	1.6;	8359936.0;	89476.53333333334;	0.0;	11.333333333333334;	4.6;	0.0
1377673683;	2;	5199.998602;	83.19997763199999;	1.6;	8359936.0;	117439.2;	0.0;	10.6;	4.466666666666667;	0.0
1377673983;	2;	5199.998602;	77.99997902999999;	1.5;	8359936.0;	145401.86666666667;	0.0;	10.4;	4.333333333333333;	0.0
1377674283;	2;	5199.998602;	83.19997763199999;	1.6;	8359936.0;	100661.6;	0.0;	10.266666666666667;	4.466666666666667;	0.0
1377674583;	2;	5199.998602;	77.99997902999999;	1.5;	8359936.0;	83884.0;	0.0;	10.6;	4.466666666666667;	0.0
1377674883;	2;	5199.998602;	83.19997763199999;	1.6;	8359936.0;	78291.73333333334;	0.0;	10.2;	4.4;	0.0
1377675183;	2;	5199.998602;	77.99997902999999;	1.5;	8359936.0;	72699.46666666666;	0.0;	10.266666666666667;	4.4;	0.0
1377675483;	2;	5199.998602;	102.26663917266666;	1.9666666666666666;	8359936.0;	201325.06666666668;	0.0;	15.866666666666667;	4.466666666666667;	0.0
1377675783;	2;	5199.998602;	77.99997902999999;	1.5;	8359936.0;	251657.86666666667;	0.0;	10.2;	4.4;	0.0
1377676083;	2;	5199.998602;	83.19997763199999;	1.6;	8359936.0;	123030.93333333333;	0.0;	10.466666666666667;	4.4;	0.0
1377676383;	2;	5199.998602;	77.99997902999999;	1.5;	8359936.0;	167771.46666666667;	0.0;	10.2;	4.466666666666667;	0.0
1377676684;	2;	5199.998602;	83.19997763199999;	1.6;	8359936.0;	212510.4;	0.0;	10.4;	4.466666666666667;	0.0
1377676984;	2;	5199.998602;	83.19997763199999;	1.6;	8359936.0;	178955.2;	0.0;	11.133333333333333;	4.4;	0.0
1377677284;	2;	5199.998602;	88.399976234;	1.7;	8359936.0;	240472.8;	0.0;	10.8;	4.533333333333333;	0.0
1377677584;	2;	5199.998602;	77.99997902999999;	1.5;	8359936.0;	117439.2;	0.0;	10.466666666666667;	4.533333333333333;	0.0
1377677884;	2;	5199.998602;	83.19997763199999;	1.6;	8359936.0;	184548.0;	0.0;	10.266666666666667;	4.4;	0.0
1377678184;	2;	5199.998602;	77.99997902999999;	1.5;	8359936.0;	162178.66666666666;	0.0;	10.4;	4.4;	0.0
1377678484;	2;	5199.998602;	83.19997763199999;	1.6;	8359936.0;	27961.333333333332;	0.0;	10.333333333333334;	4.466666666666667;	0.0
1377678784;	2;	5199.998602;	77.99997902999999;	1.5;	8359936.0;	50330.4;	0.0;	10.533333333333333;	4.333333333333333;	0.0
1377679084;	2;	5199.998602;	103.99997203999999;	2.0;	8359936.0;	201325.86666666667;	0.0;	15.533333333333333;	4.4;	0.0
1377679384;	2;	5199.998602;	84.93331049933333;	1.6333333333333335;	8359936.0;	173363.46666666667;	0.0;	10.466666666666667;	4.4;	0.0
1377679684;	2;	5199.998602;	83.19997763199999;	1.6;	8359936.0;	162179.46666666667;	0.0;	10.266666666666667;	4.333333333333333;	0.0
1377679984;	2;	5199.998602;	79.73331189733334;	1.5333333333333334;	8359936.0;	95069.06666666667;	0.0;	10.466666666666667;	4.4;	0.0
1377680284;	2;	5199.998602;	84.93331049933333;	1.6333333333333335;	8359936.0;	145401.86666666667;	0.0;	10.333333333333334;	4.333333333333333;	0.0
1377680584;	2;	5199.998602;	83.19997763199999;	1.6;	8359936.0;	100661.6;	0.0;	11.2;	4.533333333333333;	0.06666666666666667
1377680884;	2;	5199.998602;	83.19997763199999;	1.6;	8359936.0;	201324.8;	0.0;	10.466666666666667;	4.333333333333333;	0.0
1377681184;	2;	5199.998602;	77.99997902999999;	1.5;	8359936.0;	83884.0;	0.0;	10.533333333333333;	4.333333333333333;	0.0
1377681484;	2;	5199.998602;	83.19997763199999;	1.6;	8359936.0;	100661.6;	0.0;	10.4;	4.266666666666667;	0.0
1377681784;	2;	5199.998602;	77.99997902999999;	1.5;	8359936.0;	145401.06666666668;	0.0;	10.266666666666667;	4.4;	0.0
1377682084;	2;	5199.998602;	83.19997763199999;	1.6;	8359936.0;	150992.8;	0.0;	10.466666666666667;	4.4;	0.0
1377682384;	2;	5199.998602;	86.66664336666665;	1.6666666666666665;	8359936.0;	139808.53333333333;	0.0;	10.266666666666667;	4.4;	0.0
1377682684;	2;	5199.998602;	105.73330490733332;	2.033333333333333;	8359936.0;	234879.2;	0.0;	15.866666666666667;	4.6;	0.0
1377682984;	2;	5199.998602;	77.99997902999999;	1.5;	8359936.0;	251656.8;	0.0;	10.133333333333333;	4.466666666666667;	0.0
1377683284;	2;	5199.998602;	83.19997763199999;	1.6;	8359936.0;	100662.4;	0.0;	10.4;	4.533333333333333;	0.0
1377683584;	2;	5199.998602;	77.99997902999999;	1.5;	8359936.0;	83884.8;	0.0;	10.4;	4.533333333333333;	0.0
1377683884;	2;	5199.998602;	83.19997763199999;	1.6;	8359936.0;	100661.6;	0.0;	10.533333333333333;	4.333333333333333;	0.0
1377684184;	2;	5199.998602;	83.19997763199999;	1.6;	8359936.0;	33553.6;	0.0;	11.133333333333333;	4.466666666666667;	0.0
1377684484;	2;	5199.998602;	83.19997763199999;	1.6;	8359936.0;	178955.46666666667;	0.0;	10.8;	4.266666666666667;	0.0
1377684784;	2;	5199.998602;	77.99997902999999;	1.5;	8359936.0;	150994.4;	0.0;	10.333333333333334;	4.266666666666667;	0.0
1377685084;	2;	5199.998602;	83.19997763199999;	1.6;	8359936.0;	134216.8;	0.0;	10.466666666666667;	4.333333333333333;	0.0
1377685384;	2;	5199.998602;	77.99997902999999;	1.5;	8359936.0;	167770.4;	0.0;	10.133333333333333;	4.533333333333333;	0.0
1377685684;	2;	5199.998602;	84.93331049933333;	1.6333333333333335;	8359936.0;	234879.2;	0.0;	10.533333333333333;	4.466666666666667;	0.0
1377685984;	2;	5199.998602;	77.99997902999999;	1.5;	8359936.0;	251656.8;	0.0;	10.333333333333334;	4.466666666666667;	0.0
1377686284;	2;	5199.998602;	102.26663917266666;	1.9666666666666666;	8359936.0;	234880.0;	0.0;	15.8;	4.6;	0.0
1377686584;	2;	5199.998602;	79.73331189733334;	1.5333333333333334;	8359936.0;	173363.2;	0.0;	10.2;	4.533333333333333;	0.0
1377686884;	2;	5199.998602;	86.66664336666665;	1.6666666666666665;	8359936.0;	223695.2;	0.0;	10.333333333333334;	4.4;	0.0
1377687184;	2;	5199.998602;	83.19997763199999;	1.6;	8359936.0;	134216.8;	0.0;	10.333333333333334;	4.533333333333333;	0.0
1377687484;	2;	5199.998602;	81.46664476466667;	1.5666666666666667;	8359936.0;	106254.4;	0.0;	10.466666666666667;	4.4;	0.0
1377687784;	2;	5199.998602;	84.93331049933333;	1.6333333333333335;	8359936.0;	134216.8;	0.0;	11.133333333333333;	4.733333333333333;	0.06666666666666667
1377688084;	2;	5199.998602;	86.66664336666665;	1.6666666666666665;	8359936.0;	167772.0;	0.0;	11.2;	4.533333333333333;	0.0
1377688384;	2;	5199.998602;	81.46664476466667;	1.5666666666666667;	8359936.0;	206917.6;	0.0;	10.466666666666667;	4.533333333333333;	0.0
1377688684;	2;	5199.998602;	83.19997763199999;	1.6;	8359936.0;	117438.93333333333;	0.0;	10.533333333333333;	4.533333333333333;	0.0
1377688984;	2;	5199.998602;	88.399976234;	1.7;	8359936.0;	162178.66666666666;	0.0;	10.8;	4.533333333333333;	0.0
1377689284;	2;	5199.998602;	79.73331189733334;	1.5333333333333334;	8359936.0;	173362.93333333332;	0.0;	10.533333333333333;	4.6;	0.0
1377689584;	2;	5199.998602;	83.19997763199999;	1.6;	8359936.0;	89476.53333333334;	0.0;	10.733333333333333;	4.666666666666667;	0.0
1377689884;	2;	5199.998602;	105.73330490733332;	2.033333333333333;	8359936.0;	346728.8;	0.0;	16.266666666666666;	4.6;	0.0
1377690184;	2;	5199.998602;	83.19997763199999;	1.6;	8359936.0;	229287.73333333334;	0.0;	10.8;	4.6;	0.0
1377690484;	2;	5199.998602;	77.99997902999999;	1.5;	8359936.0;	83884.0;	0.0;	10.666666666666666;	4.533333333333333;	0.0
1377690784;	2;	5199.998602;	83.19997763199999;	1.6;	8359936.0;	223694.4;	0.0;	10.8;	4.533333333333333;	0.0
1377691084;	2;	5199.998602;	77.99997902999999;	1.5;	8359936.0;	173363.46666666667;	0.0;	10.733333333333333;	4.533333333333333;	0.0
1377691384;	2;	5199.998602;	88.399976234;	1.7;	8359936.0;	184548.0;	0.0;	11.466666666666667;	4.666666666666667;	0.06666666666666667
1377691684;	2;	5199.998602;	81.46664476466667;	1.5666666666666667;	8359936.0;	89476.53333333334;	0.0;	10.8;	4.333333333333333;	0.0
1377691984;	2;	5199.998602;	83.19997763199999;	1.6;	8359936.0;	100662.4;	0.0;	10.533333333333333;	4.533333333333333;	0.0
1377692284;	2;	5199.998602;	77.99997902999999;	1.5;	8359936.0;	128624.26666666666;	0.0;	10.466666666666667;	4.6;	0.0
1377692584;	2;	5199.998602;	83.19997763199999;	1.6;	8359936.0;	123031.73333333334;	0.0;	10.533333333333333;	4.4;	0.0
1377692884;	2;	5199.998602;	77.99997902999999;	1.5;	8359936.0;	150993.86666666667;	0.0;	10.8;	4.533333333333333;	0.0
1377693184;	2;	5199.998602;	83.19997763199999;	1.6;	8359936.0;	178956.0;	0.0;	10.733333333333333;	4.466666666666667;	0.0
1377693484;	2;	5199.998602;	100.53330630533334;	1.9333333333333333;	8359936.0;	178955.46666666667;	0.0;	16.133333333333333;	4.6;	0.0
1377693784;	2;	5199.998602;	83.19997763199999;	1.6;	8359936.0;	246064.26666666666;	0.0;	10.533333333333333;	4.466666666666667;	0.0
1377694084;	2;	5199.998602;	83.19997763199999;	1.6;	8359936.0;	134215.73333333334;	0.0;	10.666666666666666;	4.533333333333333;	0.0
1377694384;	2;	5199.998602;	83.19997763199999;	1.6;	8359936.0;	150993.33333333334;	0.0;	10.733333333333333;	4.533333333333333;	0.0
1377694684;	2;	5199.998602;	77.99997902999999;	1.5;	8359936.0;	167771.2;	0.0;	10.533333333333333;	4.6;	0.0
1377694984;	2;	5199.998602;	88.399976234;	1.7;	8359936.0;	184548.53333333333;	0.0;	11.333333333333334;	4.533333333333333;	0.0
1377695284;	2;	5199.998602;	79.73331189733334;	1.5333333333333334;	8359936.0;	206917.86666666667;	0.0;	11.133333333333333;	4.533333333333333;	0.0
1377695584;	2;	5199.998602;	83.19997763199999;	1.6;	8359936.0;	111846.66666666667;	0.0;	10.666666666666666;	4.466666666666667;	0.0
1377695884;	2;	5199.998602;	77.99997902999999;	1.5;	8359936.0;	134216.8;	0.0;	10.666666666666666;	4.4;	0.0
1377696184;	2;	5199.99927;	129.99998175000002;	2.5;	8359936.0;	83884.0;	0.0;	10.142857142857142;	4.285714285714286;	0.0
1377696484;	2;	5199.99927;	98.79998613;	1.9;	8359936.0;	89478.13333333333;	0.0;	10.8;	4.6;	0.0
1377696785;	2;	5199.99927;	84.93332141;	1.6333333333333335;	8359936.0;	78292.0;	0.0;	10.8;	4.6;	0.0
1377697085;	2;	5199.99927;	105.73331849;	2.033333333333333;	8359936.0;	246064.26666666666;	0.0;	16.133333333333333;	4.466666666666667;	0.0
1377697385;	2;	5199.99927;	83.19998832000002;	1.6;	8359936.0;	240471.73333333334;	0.0;	10.8;	4.466666666666667;	0.0
1377697685;	2;	5199.99927;	77.99998905000001;	1.5;	8359936.0;	117438.93333333333;	0.0;	10.8;	4.6;	0.0
1377697985;	2;	5199.99927;	83.19998832000002;	1.6;	8359936.0;	117438.4;	0.0;	10.866666666666667;	4.666666666666667;	0.0
1377698285;	2;	5199.99927;	77.99998905000001;	1.5;	8359936.0;	178955.2;	0.0;	10.8;	4.533333333333333;	0.0
1377698585;	2;	5199.99927;	84.93332141;	1.6333333333333335;	8359936.0;	229288.0;	0.0;	11.466666666666667;	4.733333333333333;	0.0
1377698885;	2;	5199.99927;	79.73332214000001;	1.5333333333333334;	8359936.0;	111847.2;	0.0;	11.733333333333333;	4.666666666666667;	0.06666666666666667
1377699185;	2;	5199.99927;	79.73332214000001;	1.5333333333333334;	8359936.0;	89477.33333333333;	0.0;	10.733333333333333;	4.6;	0.0
1377699485;	2;	5199.99927;	77.99998905000001;	1.5;	8359936.0;	100662.4;	0.0;	10.4;	4.533333333333333;	0.0
1377699785;	2;	5199.99927;	79.73332214000001;	1.5333333333333334;	8359936.0;	162178.4;	0.0;	10.6;	4.4;	0.0
1377700085;	2;	5199.99927;	77.99998905000001;	1.5;	8359936.0;	229287.46666666667;	0.0;	10.6;	4.533333333333333;	0.0
1377700385;	2;	5199.99927;	83.19998832000002;	1.6;	8359936.0;	145401.06666666668;	0.0;	10.866666666666667;	4.6;	0.0
1377700685;	2;	5199.99927;	102.26665231000001;	1.9666666666666666;	8359936.0;	111846.93333333333;	0.0;	16.266666666666666;	4.666666666666667;	0.0
1377700985;	2;	5199.99927;	83.19998832000002;	1.6;	8359936.0;	162178.66666666666;	0.0;	10.8;	4.533333333333333;	0.0
1377701285;	2;	5199.99927;	77.99998905000001;	1.5;	8359936.0;	123031.2;	0.0;	10.6;	4.466666666666667;	0.0
1377701585;	2;	5199.99927;	84.93332141;	1.6333333333333335;	8359936.0;	61515.2;	0.0;	10.6;	4.6;	0.0
1377701885;	2;	5199.99927;	81.46665523;	1.5666666666666667;	8359936.0;	145401.86666666667;	0.0;	10.533333333333333;	4.466666666666667;	0.0
1377702185;	2;	5199.99927;	88.39998759;	1.7;	8359936.0;	134215.73333333334;	0.0;	11.4;	4.733333333333333;	0.0
1377702485;	2;	5199.99927;	81.46665523;	1.5666666666666667;	8359936.0;	123031.73333333334;	0.0;	11.2;	4.6;	0.0
1377702785;	2;	5199.99927;	83.19998832000002;	1.6;	8359936.0;	95070.66666666667;	0.0;	10.466666666666667;	4.533333333333333;	0.0
1377703085;	2;	5199.99927;	79.73332214000001;	1.5333333333333334;	8359936.0;	111846.66666666667;	0.0;	10.533333333333333;	4.466666666666667;	0.0
1377703385;	2;	5199.99927;	93.59998686;	1.8;	8359936.0;	134216.8;	0.0;	10.666666666666666;	4.6;	0.0
1377703685;	2;	5199.99927;	77.99998905000001;	1.5;	8359936.0;	100663.2;	0.0;	10.533333333333333;	4.6;	0.0
1377703985;	2;	5199.99927;	83.19998832000002;	1.6;	8359936.0;	184548.8;	0.0;	10.733333333333333;	4.466666666666667;	0.0
1377704285;	2;	5199.99927;	102.26665231000001;	1.9666666666666666;	8359936.0;	218101.6;	0.0;	16.333333333333332;	4.533333333333333;	0.0
1377704585;	2;	5199.99927;	83.19998832000002;	1.6;	8359936.0;	201324.8;	0.0;	10.466666666666667;	4.533333333333333;	0.0
1377704885;	2;	5199.99927;	77.99998905000001;	1.5;	8359936.0;	106254.13333333333;	0.0;	10.6;	4.666666666666667;	0.0
1377705185;	2;	5199.99927;	83.19998832000002;	1.6;	8359936.0;	150994.4;	0.0;	10.6;	4.6;	0.0
1377705485;	2;	5199.99927;	79.73332214000001;	1.5333333333333334;	8359936.0;	100662.4;	0.0;	10.733333333333333;	4.666666666666667;	0.0
1377705785;	2;	5199.99927;	84.93332141;	1.6333333333333335;	8359936.0;	95069.86666666667;	0.0;	11.4;	4.6;	0.0
1377706085;	2;	5199.99927;	77.99998905000001;	1.5;	8359936.0;	184548.0;	0.0;	11.2;	4.533333333333333;	0.0
1377706385;	2;	5199.99927;	81.46665523;	1.5666666666666667;	8359936.0;	128624.53333333334;	0.0;	10.4;	4.666666666666667;	0.0
1377706685;	2;	5199.99927;	77.99998905000001;	1.5;	8359936.0;	50331.2;	0.0;	10.666666666666666;	4.6;	0.0
1377706986;	2;	5199.99927;	83.19998832000002;	1.6;	8359936.0;	67107.2;	0.0;	10.533333333333333;	4.6;	0.0
1377707286;	2;	5199.99927;	77.99998905000001;	1.5;	8359936.0;	100661.6;	0.0;	10.533333333333333;	4.6;	0.0
1377707586;	2;	5199.99927;	83.19998832000002;	1.6;	8359936.0;	150994.4;	0.0;	10.6;	4.6;	0.0
1377707886;	2;	5199.99927;	95.33331995;	1.8333333333333335;	8359936.0;	234878.93333333332;	0.0;	16.133333333333333;	4.666666666666667;	0.0
1377708186;	2;	5199.99927;	83.19998832000002;	1.6;	8359936.0;	301989.6;	0.0;	10.733333333333333;	4.666666666666667;	0.0
1377708486;	2;	5199.99927;	77.99998905000001;	1.5;	8359936.0;	83884.0;	0.0;	10.866666666666667;	4.533333333333333;	0.0
1377708786;	2;	5199.99927;	83.19998832000002;	1.6;	8359936.0;	139809.33333333334;	0.0;	10.466666666666667;	4.533333333333333;	0.0
1377709086;	2;	5199.99927;	77.99998905000001;	1.5;	8359936.0;	100661.6;	0.0;	10.8;	4.666666666666667;	0.0
1377709386;	2;	5199.99927;	84.93332141;	1.6333333333333335;	8359936.0;	201325.6;	0.0;	11.333333333333334;	4.6;	0.0
1377709686;	2;	5199.99927;	79.73332214000001;	1.5333333333333334;	8359936.0;	145401.86666666667;	0.0;	11.466666666666667;	4.6;	0.0
1377709986;	2;	5199.99927;	83.19998832000002;	1.6;	8359936.0;	156586.4;	0.0;	10.666666666666666;	4.733333333333333;	0.0
1377710286;	2;	5199.99927;	77.99998905000001;	1.5;	8359936.0;	134216.0;	0.0;	10.2;	4.666666666666667;	0.0
1377710586;	2;	5199.99927;	81.46665523;	1.5666666666666667;	8359936.0;	72699.46666666666;	0.0;	10.6;	4.533333333333333;	0.0
1377710886;	2;	5199.99927;	77.99998905000001;	1.5;	8359936.0;	178956.0;	0.0;	10.733333333333333;	4.6;	0.0
1377711186;	2;	5199.99927;	83.19998832000002;	1.6;	8359936.0;	206918.66666666666;	0.0;	10.466666666666667;	4.733333333333333;	0.0
1377711486;	2;	5199.99927;	95.33331995;	1.8333333333333335;	8359936.0;	195733.33333333334;	0.0;	16.2;	4.6;	0.0
1377711786;	2;	5199.99927;	83.19998832000002;	1.6;	8359936.0;	145400.8;	0.0;	10.8;	4.733333333333333;	0.0
1377712086;	2;	5199.99927;	77.99998905000001;	1.5;	8359936.0;	95069.06666666667;	0.0;	10.6;	4.466666666666667;	0.0
1377712386;	2;	5199.99927;	83.19998832000002;	1.6;	8359936.0;	128623.73333333334;	0.0;	10.6;	4.533333333333333;	0.0
1377712686;	2;	5199.99927;	77.99998905000001;	1.5;	8359936.0;	279618.6666666667;	0.0;	10.733333333333333;	4.533333333333333;	0.0
1377712986;	2;	5199.99927;	98.79998613;	1.9;	8359936.0;	206918.13333333333;	0.0;	16.333333333333332;	4.6;	0.13333333333333333
1377713286;	2;	5199.99927;	77.99998905000001;	1.5;	8359936.0;	229287.2;	0.0;	11.0;	4.533333333333333;	0.0
1377713586;	2;	5199.99927;	83.19998832000002;	1.6;	8359936.0;	123031.73333333334;	0.0;	10.8;	4.466666666666667;	0.0
1377713886;	2;	5199.99927;	77.99998905000001;	1.5;	8359936.0;	128624.26666666666;	0.0;	10.733333333333333;	4.533333333333333;	0.0
1377714186;	2;	5199.99927;	83.19998832000002;	1.6;	8359936.0;	201326.4;	0.0;	10.8;	4.533333333333333;	0.0
1377714486;	2;	5199.99927;	77.99998905000001;	1.5;	8359936.0;	123031.73333333334;	0.0;	10.6;	4.6;	0.0
1377714786;	2;	5199.99927;	83.19998832000002;	1.6;	8359936.0;	128624.26666666666;	0.0;	10.733333333333333;	4.533333333333333;	0.0
1377715086;	2;	5199.99927;	93.59998686;	1.8;	8359936.0;	246064.8;	0.0;	16.133333333333333;	4.8;	0.0
1377715386;	2;	5199.99927;	83.19998832000002;	1.6;	8359936.0;	173363.2;	0.0;	10.8;	4.6;	0.0
1377715686;	2;	5199.99927;	77.99998905000001;	1.5;	8359936.0;	240472.26666666666;	0.0;	10.6;	4.6;	0.0
1377715987;	2;	5199.99927;	81.46665523;	1.5666666666666667;	8359936.0;	123030.93333333333;	0.0;	10.666666666666666;	4.466666666666667;	0.0
1377716287;	2;	5199.99927;	77.99998905000001;	1.5;	8359936.0;	83884.0;	0.0;	10.533333333333333;	4.466666666666667;	0.0
1377716587;	2;	5199.99927;	83.19998832000002;	1.6;	8359936.0;	83884.8;	0.0;	11.466666666666667;	4.666666666666667;	0.0
1377716887;	2;	5199.99927;	77.99998905000001;	1.5;	8359936.0;	83884.0;	0.0;	11.0;	4.533333333333333;	0.0
1377717187;	2;	5199.99927;	83.19998832000002;	1.6;	8359936.0;	111846.66666666667;	0.0;	10.8;	4.733333333333333;	0.0
1377717487;	2;	5199.99927;	77.99998905000001;	1.5;	8359936.0;	145401.86666666667;	0.0;	10.466666666666667;	4.6;	0.0
1377717787;	2;	5199.99927;	83.19998832000002;	1.6;	8359936.0;	83884.0;	0.0;	10.733333333333333;	4.533333333333333;	0.0
1377718087;	2;	5199.99927;	77.99998905000001;	1.5;	8359936.0;	167771.73333333334;	0.0;	10.533333333333333;	4.466666666666667;	0.0
1377718387;	2;	5199.99927;	83.19998832000002;	1.6;	8359936.0;	218101.6;	0.0;	10.6;	4.533333333333333;	0.0
1377718687;	2;	5199.99927;	95.33331995;	1.8333333333333335;	8359936.0;	195732.8;	0.0;	16.0;	4.466666666666667;	0.0
1377718987;	2;	5199.99927;	83.19998832000002;	1.6;	8359936.0;	139808.26666666666;	0.0;	10.6;	4.533333333333333;	0.0
1377719286;	2;	5199.99927;	77.99998905000001;	1.5;	8359936.0;	234879.2;	0.0;	10.533333333333333;	4.6;	0.0
1377719586;	2;	5199.99927;	83.19998832000002;	1.6;	8359936.0;	139809.06666666668;	0.0;	10.466666666666667;	4.666666666666667;	0.0
1377719886;	2;	5199.99927;	77.99998905000001;	1.5;	8359936.0;	95069.06666666667;	0.0;	10.533333333333333;	4.533333333333333;	0.0
1377720186;	2;	5199.99927;	90.13332068000001;	1.7333333333333334;	8359936.0;	78293.33333333333;	0.0;	11.533333333333333;	4.6;	0.0
1377720486;	2;	5199.99927;	77.99998905000001;	1.5;	8359936.0;	240472.26666666666;	0.0;	11.333333333333334;	4.6;	0.0
1377720786;	2;	5199.99927;	83.19998832000002;	1.6;	8359936.0;	162178.66666666666;	0.0;	10.733333333333333;	4.6;	0.0
1377721086;	2;	5199.99927;	77.99998905000001;	1.5;	8359936.0;	134216.8;	0.0;	10.6;	4.666666666666667;	0.0
1377721386;	2;	5199.99927;	83.19998832000002;	1.6;	8359936.0;	83884.0;	0.0;	10.333333333333334;	4.466666666666667;	0.0
1377721686;	2;	5199.99927;	77.99998905000001;	1.5;	8359936.0;	123031.73333333334;	0.0;	10.666666666666666;	4.533333333333333;	0.0
1377721986;	2;	5199.99927;	83.19998832000002;	1.6;	8359936.0;	223694.4;	0.0;	10.533333333333333;	4.6;	0.0
1377722286;	2;	5199.99927;	98.79998613;	1.9;	8359936.0;	397059.2;	0.0;	16.2;	4.733333333333333;	0.0
1377722586;	2;	5199.99927;	83.19998832000002;	1.6;	8359936.0;	162178.13333333333;	0.0;	10.533333333333333;	4.533333333333333;	0.0
1377722886;	2;	5199.99927;	77.99998905000001;	1.5;	8359936.0;	100661.6;	0.0;	10.8;	4.533333333333333;	0.0
1377723186;	2;	5199.99927;	83.19998832000002;	1.6;	8359936.0;	67107.2;	0.0;	10.733333333333333;	4.533333333333333;	0.0
1377723486;	2;	5199.99927;	77.99998905000001;	1.5;	8359936.0;	134216.8;	0.0;	10.533333333333333;	4.6;	0.0
1377723787;	2;	5199.99927;	83.19998832000002;	1.6;	8359936.0;	123031.46666666666;	0.0;	11.333333333333334;	4.8;	0.0
1377724087;	2;	5199.99927;	77.99998905000001;	1.5;	8359936.0;	195733.33333333334;	0.0;	10.933333333333334;	4.6;	0.0
1377724387;	2;	5199.99927;	83.19998832000002;	1.6;	8359936.0;	106254.4;	0.0;	10.466666666666667;	4.533333333333333;	0.0
1377724687;	2;	5199.99927;	77.99998905000001;	1.5;	8359936.0;	78292.53333333334;	0.0;	10.666666666666666;	4.6;	0.0
1377724987;	2;	5199.99927;	83.19998832000002;	1.6;	8359936.0;	184548.8;	0.0;	10.733333333333333;	4.666666666666667;	0.0
1377725287;	2;	5199.99927;	77.99998905000001;	1.5;	8359936.0;	173363.2;	0.0;	10.466666666666667;	4.666666666666667;	0.0
1377725587;	2;	5199.99927;	83.19998832000002;	1.6;	8359936.0;	162178.66666666666;	0.0;	10.6;	4.666666666666667;	0.0
1377725887;	2;	5199.99927;	95.33331995;	1.8333333333333335;	8359936.0;	156585.6;	0.0;	16.466666666666665;	4.733333333333333;	0.0
1377726187;	2;	5199.99927;	83.19998832000002;	1.6;	8359936.0;	201325.6;	0.0;	10.666666666666666;	4.466666666666667;	0.0
1377726487;	2;	5199.99927;	77.99998905000001;	1.5;	8359936.0;	83884.0;	0.0;	10.533333333333333;	4.666666666666667;	0.0
1377726787;	2;	5199.99927;	81.46665523;	1.5666666666666667;	8359936.0;	123031.73333333334;	0.0;	10.8;	4.533333333333333;	0.0
1377727087;	2;	5199.99927;	77.99998905000001;	1.5;	8359936.0;	100661.6;	0.0;	11.333333333333334;	4.466666666666667;	0.0
1377727387;	2;	5199.99927;	83.19998832000002;	1.6;	8359936.0;	178955.46666666667;	0.0;	11.4;	4.666666666666667;	0.0
1377727687;	2;	5199.99927;	77.99998905000001;	1.5;	8359936.0;	268434.4;	0.0;	10.933333333333334;	4.6;	0.0
1377727987;	2;	5199.99927;	83.19998832000002;	1.6;	8359936.0;	268433.6;	0.0;	10.533333333333333;	4.533333333333333;	0.0
1377728287;	2;	5199.99927;	77.99998905000001;	1.5;	8359936.0;	128624.26666666666;	0.0;	10.733333333333333;	4.6;	0.0
1377728587;	2;	5199.99927;	81.46665523;	1.5666666666666667;	8359936.0;	145400.8;	0.0;	10.533333333333333;	4.666666666666667;	0.0
1377728887;	2;	5199.99927;	77.99998905000001;	1.5;	8359936.0;	150992.8;	0.0;	10.666666666666666;	4.6;	0.0
1377729187;	2;	5199.99927;	83.19998832000002;	1.6;	8359936.0;	89476.53333333334;	0.0;	10.666666666666666;	4.533333333333333;	0.0
1377729487;	2;	5199.99927;	138.66664720000003;	2.666666666666667;	8359936.0;	262842.13333333336;	0.0;	40.666666666666664;	5.133333333333334;	0.9333333333333333
1377729787;	2;	5199.99927;	83.19998832000002;	1.6;	8359936.0;	335543.2;	0.0;	10.6;	4.733333333333333;	0.0
1377730087;	2;	5199.99927;	77.99998905000001;	1.5;	8359936.0;	167772.0;	0.0;	10.666666666666666;	4.666666666666667;	0.0
1377730387;	2;	5199.99927;	83.19998832000002;	1.6;	8359936.0;	83884.8;	0.0;	10.666666666666666;	4.666666666666667;	0.0
1377730687;	2;	5199.99927;	77.99998905000001;	1.5;	8359936.0;	212509.86666666667;	0.0;	10.4;	4.6;	0.0
1377730987;	2;	5199.99927;	84.93332141;	1.6333333333333335;	8359936.0;	251656.8;	0.0;	11.4;	4.733333333333333;	0.0
1377731288;	2;	5199.99927;	77.99998905000001;	1.5;	8359936.0;	50330.4;	0.0;	11.266666666666667;	4.666666666666667;	0.0
1377731588;	2;	5199.99927;	86.6666545;	1.6666666666666665;	8359936.0;	156585.6;	0.0;	10.714285714285714;	4.666666666666667;	0.0
1377731888;	2;	5199.99927;	77.99998905000001;	1.5;	8359936.0;	134216.8;	0.0;	10.6;	4.6;	0.0
1377732188;	2;	5199.99927;	93.59998686;	1.8;	8359936.0;	95069.86666666667;	0.0;	10.357142857142858;	4.6;	0.0
1377732488;	2;	5199.99927;	77.99998905000001;	1.5;	8359936.0;	145401.86666666667;	0.0;	10.666666666666666;	4.6;	0.0
1377732788;	2;	5199.99927;	83.19998832000002;	1.6;	8359936.0;	139809.33333333334;	0.0;	10.4;	4.533333333333333;	0.0
1377733088;	2;	5199.99927;	95.33331995;	1.8333333333333335;	8359936.0;	229287.73333333334;	0.0;	16.0;	4.6;	0.0
1377733388;	2;	5199.99927;	83.19998832000002;	1.6;	8359936.0;	123031.73333333334;	0.0;	10.666666666666666;	4.6;	0.0
1377733688;	2;	5199.99927;	77.99998905000001;	1.5;	8359936.0;	184548.8;	0.0;	10.533333333333333;	4.466666666666667;	0.0
1377733988;	2;	5199.99927;	83.19998832000002;	1.6;	8359936.0;	184547.73333333334;	0.0;	10.466666666666667;	4.6;	0.0
1377734288;	2;	5199.99927;	77.99998905000001;	1.5;	8359936.0;	167771.2;	0.0;	10.6;	4.533333333333333;	0.0
1377734588;	2;	5199.99927;	86.6666545;	1.6666666666666665;	8359936.0;	106254.13333333333;	0.0;	11.4;	4.466666666666667;	0.06666666666666667
1377734888;	2;	5199.99927;	77.99998905000001;	1.5;	8359936.0;	128624.26666666666;	0.0;	10.933333333333334;	4.533333333333333;	0.0
1377735188;	2;	5199.99927;	103.9999854;	2.0;	8359936.0;	123031.73333333334;	0.0;	18.6;	4.866666666666666;	0.6666666666666666
1377735488;	2;	5199.99927;	77.99998905000001;	1.5;	8359936.0;	206918.13333333333;	0.0;	10.533333333333333;	4.733333333333333;	0.0
1377735788;	2;	5199.99927;	83.19998832000002;	1.6;	8359936.0;	162179.46666666667;	0.0;	10.8;	4.6;	0.0
1377736088;	2;	5199.99927;	77.99998905000001;	1.5;	8359936.0;	162178.13333333333;	0.0;	10.733333333333333;	4.6;	0.0
1377736388;	2;	5199.99927;	83.19998832000002;	1.6;	8359936.0;	190140.0;	0.0;	10.6;	4.533333333333333;	0.0
1377736688;	2;	5199.99927;	93.59998686;	1.8;	8359936.0;	290803.4666666667;	0.0;	15.933333333333334;	4.6;	0.0
1377736988;	2;	5199.99927;	83.19998832000002;	1.6;	8359936.0;	178955.73333333334;	0.0;	10.933333333333334;	4.666666666666667;	0.0
1377737288;	2;	5199.99927;	77.99998905000001;	1.5;	8359936.0;	156586.66666666666;	0.0;	10.733333333333333;	4.533333333333333;	0.0
1377737588;	2;	5199.99927;	83.19998832000002;	1.6;	8359936.0;	78292.0;	0.0;	10.733333333333333;	4.6;	0.0
1377737888;	2;	5199.99927;	77.99998905000001;	1.5;	8359936.0;	95070.13333333333;	0.0;	10.666666666666666;	4.533333333333333;	0.0
1377738188;	2;	5199.99927;	86.6666545;	1.6666666666666665;	8359936.0;	145401.06666666668;	0.0;	11.466666666666667;	4.666666666666667;	0.0
1377738489;	2;	5199.99927;	77.99998905000001;	1.5;	8359936.0;	145401.33333333334;	0.0;	11.2;	4.6;	0.0
1377738789;	2;	5199.99927;	83.19998832000002;	1.6;	8359936.0;	178956.53333333333;	0.0;	10.8;	4.666666666666667;	0.0
1377739089;	2;	5199.99927;	77.99998905000001;	1.5;	8359936.0;	206917.86666666667;	0.0;	10.733333333333333;	4.666666666666667;	0.0
1377739389;	2;	5199.99927;	83.19998832000002;	1.6;	8359936.0;	117439.46666666666;	0.0;	10.8;	4.666666666666667;	0.0
1377739689;	2;	5199.99927;	77.99998905000001;	1.5;	8359936.0;	123031.73333333334;	0.0;	10.666666666666666;	4.533333333333333;	0.0
1377739989;	2;	5199.99927;	83.19998832000002;	1.6;	8359936.0;	123032.53333333334;	0.0;	10.8;	4.6;	0.0
1377740289;	2;	5199.99927;	93.59998686;	1.8;	8359936.0;	229287.2;	0.0;	16.066666666666666;	4.666666666666667;	0.0
1377740589;	2;	5199.99927;	81.46665523;	1.5666666666666667;	8359936.0;	134216.26666666666;	0.0;	10.666666666666666;	4.666666666666667;	0.0
1377740889;	2;	5199.99927;	77.99998905000001;	1.5;	8359936.0;	195733.06666666668;	0.0;	10.733333333333333;	4.533333333333333;	0.0
1377741189;	2;	5199.99927;	81.46665523;	1.5666666666666667;	8359936.0;	184548.8;	0.0;	10.733333333333333;	4.466666666666667;	0.0
1377741489;	2;	5199.99927;	77.99998905000001;	1.5;	8359936.0;	156586.66666666666;	0.0;	10.666666666666666;	4.666666666666667;	0.0
1377741789;	2;	5199.99927;	239.19996641999998;	4.6;	8359936.0;	218102.4;	0.0;	13.666666666666666;	6.266666666666667;	0.8
1377742089;	2;	5199.99927;	77.99998905000001;	1.5;	8359936.0;	195732.53333333333;	0.0;	12.666666666666666;	4.6;	0.0
1377742389;	2;	5199.99927;	112.66665085000001;	2.1666666666666665;	8359936.0;	279618.13333333336;	0.0;	24.8;	11.4;	0.2
1377742689;	2;	5199.99927;	77.99998905000001;	1.5;	8359936.0;	167772.0;	0.0;	10.8;	4.666666666666667;	0.0
1377742989;	2;	5199.99927;	79.73332214000001;	1.5333333333333334;	8359936.0;	123031.73333333334;	0.0;	10.666666666666666;	4.533333333333333;	0.0
1377743289;	2;	5199.99927;	77.99998905000001;	1.5;	8359936.0;	167771.2;	0.0;	10.666666666666666;	4.466666666666667;	0.0
1377743589;	2;	5199.99927;	83.19998832000002;	1.6;	8359936.0;	117440.0;	0.0;	10.733333333333333;	4.533333333333333;	0.0
1377743889;	2;	5199.99927;	93.59998686;	1.8;	8359936.0;	246064.8;	0.0;	16.4;	4.6;	0.0
1377744189;	2;	5199.99927;	83.19998832000002;	1.6;	8359936.0;	184547.46666666667;	0.0;	10.533333333333333;	4.666666666666667;	0.0
1377744489;	2;	5199.99927;	77.99998905000001;	1.5;	8359936.0;	89476.53333333334;	0.0;	10.8;	4.666666666666667;	0.0
1377744789;	2;	5199.99927;	83.19998832000002;	1.6;	8359936.0;	234879.2;	0.0;	10.8;	4.533333333333333;	0.0
1377745089;	2;	5199.99927;	77.99998905000001;	1.5;	8359936.0;	145401.33333333334;	0.0;	10.8;	4.6;	0.0
1377745389;	2;	5199.99927;	88.39998759;	1.7;	8359936.0;	139809.33333333334;	0.0;	11.4;	4.666666666666667;	0.0
1377745689;	2;	5199.99927;	77.99998905000001;	1.5;	8359936.0;	145401.06666666668;	0.0;	11.066666666666666;	4.4;	0.0
1377745989;	2;	5199.99927;	83.19998832000002;	1.6;	8359936.0;	117439.2;	0.0;	10.866666666666667;	4.4;	0.0
1377746289;	2;	5199.99927;	77.99998905000001;	1.5;	8359936.0;	150993.6;	0.0;	10.666666666666666;	4.533333333333333;	0.0
1377746589;	2;	5199.99927;	83.19998832000002;	1.6;	8359936.0;	145401.86666666667;	0.0;	10.733333333333333;	4.533333333333333;	0.0
1377746889;	2;	5199.99927;	77.99998905000001;	1.5;	8359936.0;	195732.53333333333;	0.0;	10.666666666666666;	4.533333333333333;	0.0
1377747189;	2;	5199.99927;	83.19998832000002;	1.6;	8359936.0;	95069.06666666667;	0.0;	10.6;	4.466666666666667;	0.0
1377747489;	2;	5199.99927;	95.33331995;	1.8333333333333335;	8359936.0;	117439.2;	0.0;	16.2;	4.6;	0.0
1377747789;	2;	5199.99927;	83.19998832000002;	1.6;	8359936.0;	184548.26666666666;	0.0;	10.733333333333333;	4.733333333333333;	0.0
1377748089;	2;	5199.99927;	77.99998905000001;	1.5;	8359936.0;	83884.0;	0.0;	10.733333333333333;	4.6;	0.0
1377748389;	2;	5199.99927;	83.19998832000002;	1.6;	8359936.0;	128625.06666666667;	0.0;	10.733333333333333;	4.466666666666667;	0.0
1377748690;	2;	5199.99927;	77.99998905000001;	1.5;	8359936.0;	145401.33333333334;	0.0;	10.6;	4.533333333333333;	0.0
1377748990;	2;	5199.99927;	86.6666545;	1.6666666666666665;	8359936.0;	111846.66666666667;	0.0;	11.6;	4.533333333333333;	0.0
1377749290;	2;	5199.99927;	77.99998905000001;	1.5;	8359936.0;	234880.8;	0.0;	10.733333333333333;	4.533333333333333;	0.0
1377749590;	2;	5199.99927;	83.19998832000002;	1.6;	8359936.0;	201325.6;	0.0;	10.8;	4.466666666666667;	0.0
1377749890;	2;	5199.99927;	77.99998905000001;	1.5;	8359936.0;	111846.93333333333;	0.0;	10.533333333333333;	4.4;	0.0
1377750190;	2;	5199.99927;	83.19998832000002;	1.6;	8359936.0;	95069.33333333333;	0.0;	10.6;	4.4;	0.0
1377750490;	2;	5199.99927;	77.99998905000001;	1.5;	8359936.0;	100661.6;	0.0;	10.6;	4.533333333333333;	0.0
1377750790;	2;	5199.99927;	83.19998832000002;	1.6;	8359936.0;	150994.4;	0.0;	10.6;	4.666666666666667;	0.0
1377751090;	2;	5199.99927;	93.59998686;	1.8;	8359936.0;	346726.93333333335;	0.0;	16.133333333333333;	4.666666666666667;	0.0
1377751390;	2;	5199.99927;	83.19998832000002;	1.6;	8359936.0;	134216.0;	0.0;	10.666666666666666;	4.6;	0.0
1377751690;	2;	5199.99927;	77.99998905000001;	1.5;	8359936.0;	33553.6;	0.0;	10.533333333333333;	4.666666666666667;	0.0
1377751990;	2;	5199.99927;	83.19998832000002;	1.6;	8359936.0;	173362.4;	0.0;	10.533333333333333;	4.6;	0.0
1377752289;	2;	5199.99927;	77.99998905000001;	1.5;	8359936.0;	167770.4;	0.0;	10.6;	4.6;	0.0
1377752589;	2;	5199.99927;	88.39998759;	1.7;	8359936.0;	201325.6;	0.0;	11.333333333333334;	4.666666666666667;	0.0
1377752889;	2;	5199.99927;	84.93332141;	1.6333333333333335;	8359936.0;	218103.2;	0.0;	11.466666666666667;	4.733333333333333;	0.0
1377753189;	2;	5199.99927;	83.19998832000002;	1.6;	8359936.0;	134216.8;	0.0;	10.666666666666666;	4.533333333333333;	0.0
1377753489;	2;	5199.99927;	77.99998905000001;	1.5;	8359936.0;	134216.8;	0.0;	10.666666666666666;	4.666666666666667;	0.0
1377753789;	2;	5199.99927;	81.46665523;	1.5666666666666667;	8359936.0;	117439.2;	0.0;	10.4;	4.533333333333333;	0.0
1377754089;	2;	5199.99927;	77.99998905000001;	1.5;	8359936.0;	156586.93333333332;	0.0;	10.6;	4.6;	0.0
1377754389;	2;	5199.99927;	83.19998832000002;	1.6;	8359936.0;	134216.8;	0.0;	10.533333333333333;	4.666666666666667;	0.0
1377754689;	2;	5199.99927;	93.59998686;	1.8;	8359936.0;	190140.0;	0.0;	16.066666666666666;	4.8;	0.0
1377754989;	2;	5199.99927;	83.19998832000002;	1.6;	8359936.0;	150992.8;	0.0;	10.666666666666666;	4.533333333333333;	0.0
1377755289;	2;	5199.99927;	77.99998905000001;	1.5;	8359936.0;	89477.86666666667;	0.0;	10.6;	4.533333333333333;	0.0
1377755589;	2;	5199.99927;	83.19998832000002;	1.6;	8359936.0;	134215.73333333334;	0.0;	10.733333333333333;	4.466666666666667;	0.0
1377755890;	2;	5199.99927;	77.99998905000001;	1.5;	8359936.0;	89477.33333333333;	0.0;	10.666666666666666;	4.533333333333333;	0.0
1377756190;	2;	5199.99927;	88.39998759;	1.7;	8359936.0;	195733.06666666668;	0.0;	11.4;	4.666666666666667;	0.06666666666666667
1377756490;	2;	5199.99927;	77.99998905000001;	1.5;	8359936.0;	223695.46666666667;	0.0;	11.066666666666666;	4.533333333333333;	0.0
1377756790;	2;	5199.99927;	83.19998832000002;	1.6;	8359936.0;	201326.4;	0.0;	10.666666666666666;	4.6;	0.0
1377757090;	2;	5199.99927;	77.99998905000001;	1.5;	8359936.0;	117439.2;	0.0;	10.6;	4.6;	0.0
1377757390;	2;	5199.99927;	83.19998832000002;	1.6;	8359936.0;	83884.0;	0.0;	10.6;	4.666666666666667;	0.0
1377757690;	2;	5199.99927;	77.99998905000001;	1.5;	8359936.0;	83884.0;	0.0;	10.6;	4.733333333333333;	0.0
1377757990;	2;	5199.99927;	83.19998832000002;	1.6;	8359936.0;	55922.666666666664;	0.0;	10.6;	4.6;	0.0
1377758290;	2;	5199.99927;	93.59998686;	1.8;	8359936.0;	123032.26666666666;	0.0;	16.066666666666666;	4.6;	0.0
1377758590;	2;	5199.99927;	83.19998832000002;	1.6;	8359936.0;	173363.73333333334;	0.0;	10.733333333333333;	4.533333333333333;	0.0
1377758890;	2;	5199.99927;	77.99998905000001;	1.5;	8359936.0;	162179.46666666667;	0.0;	10.6;	4.6;	0.0
1377759190;	2;	5199.99927;	83.19998832000002;	1.6;	8359936.0;	123031.73333333334;	0.0;	10.733333333333333;	4.533333333333333;	0.0
1377759490;	2;	5199.99927;	77.99998905000001;	1.5;	8359936.0;	67107.2;	0.0;	10.466666666666667;	4.6;	0.0
1377759790;	2;	5199.99927;	84.93332141;	1.6333333333333335;	8359936.0;	83884.0;	0.0;	11.6;	4.666666666666667;	0.0
1377760090;	2;	5199.99927;	77.99998905000001;	1.5;	8359936.0;	134216.8;	0.0;	11.0;	4.6;	0.0
1377760390;	2;	5199.99927;	83.19998832000002;	1.6;	8359936.0;	123031.73333333334;	0.0;	10.733333333333333;	4.533333333333333;	0.0
1377760690;	2;	5199.99927;	77.99998905000001;	1.5;	8359936.0;	128624.26666666666;	0.0;	10.6;	4.466666666666667;	0.0
1377760990;	2;	5199.99927;	83.19998832000002;	1.6;	8359936.0;	162178.93333333332;	0.0;	10.866666666666667;	4.6;	0.0
1377761290;	2;	5199.99927;	77.99998905000001;	1.5;	8359936.0;	117439.46666666666;	0.0;	10.733333333333333;	4.466666666666667;	0.0
1377761590;	2;	5199.99927;	83.19998832000002;	1.6;	8359936.0;	16776.8;	0.0;	10.733333333333333;	4.666666666666667;	0.0
1377761890;	2;	5199.99927;	95.33331995;	1.8333333333333335;	8359936.0;	106254.93333333333;	0.0;	16.466666666666665;	4.6;	0.0
1377762190;	2;	5199.99927;	83.19998832000002;	1.6;	8359936.0;	162179.46666666667;	0.0;	10.666666666666666;	4.466666666666667;	0.0
1377762490;	2;	5199.99927;	77.99998905000001;	1.5;	8359936.0;	100662.13333333333;	0.0;	10.666666666666666;	4.466666666666667;	0.0
1377762790;	2;	5199.99927;	81.46665523;	1.5666666666666667;	8359936.0;	229287.73333333334;	0.0;	10.666666666666666;	4.533333333333333;	0.0
1377763090;	2;	5199.99927;	77.99998905000001;	1.5;	8359936.0;	173364.26666666666;	0.0;	10.6;	4.533333333333333;	0.0
1377763390;	2;	5199.99927;	84.93332141;	1.6333333333333335;	8359936.0;	123031.73333333334;	0.0;	11.333333333333334;	4.666666666666667;	0.0
1377763690;	2;	5199.99927;	81.46665523;	1.5666666666666667;	8359936.0;	156585.33333333334;	0.0;	11.466666666666667;	4.6;	0.06666666666666667
1377763990;	2;	5199.99927;	83.19998832000002;	1.6;	8359936.0;	145401.86666666667;	0.0;	10.466666666666667;	4.6;	0.0
1377764290;	2;	5199.99927;	77.99998905000001;	1.5;	8359936.0;	134216.53333333333;	0.0;	10.666666666666666;	4.666666666666667;	0.0
1377764590;	2;	5199.99927;	83.19998832000002;	1.6;	8359936.0;	246065.06666666668;	0.0;	10.466666666666667;	4.6;	0.0
1377764890;	2;	5199.99927;	79.73332214000001;	1.5333333333333334;	8359936.0;	150993.33333333334;	0.0;	10.733333333333333;	4.6;	0.0
1377765191;	2;	5199.99927;	83.19998832000002;	1.6;	8359936.0;	178954.93333333332;	0.0;	10.666666666666666;	4.533333333333333;	0.0
1377765491;	2;	5199.99927;	98.79998613;	1.9;	8359936.0;	307580.0;	0.0;	16.533333333333335;	4.666666666666667;	0.0
1377765791;	2;	5199.99927;	81.46665523;	1.5666666666666667;	8359936.0;	134216.0;	0.0;	11.066666666666666;	4.533333333333333;	0.0
1377766091;	2;	5199.99927;	83.19998832000002;	1.6;	8359936.0;	257249.33333333334;	0.0;	11.066666666666666;	4.666666666666667;	0.0
1377766391;	2;	5199.99927;	79.73332214000001;	1.5333333333333334;	8359936.0;	117438.66666666667;	0.0;	10.733333333333333;	4.666666666666667;	0.0
1377766691;	2;	5199.99927;	79.73332214000001;	1.5333333333333334;	8359936.0;	95068.8;	0.0;	11.0;	4.6;	0.0
1377766991;	2;	5199.99927;	88.39998759;	1.7;	8359936.0;	251656.8;	0.0;	11.6;	4.866666666666666;	0.0
1377767291;	2;	5199.99927;	84.93332141;	1.6333333333333335;	8359936.0;	313172.5333333333;	0.0;	11.133333333333333;	4.666666666666667;	0.0
1377767591;	2;	5199.99927;	83.19998832000002;	1.6;	8359936.0;	156586.13333333333;	0.0;	10.866666666666667;	4.6;	0.0
1377767891;	2;	5199.99927;	83.19998832000002;	1.6;	8359936.0;	178955.46666666667;	0.0;	10.666666666666666;	4.666666666666667;	0.0
1377768191;	2;	5199.99927;	77.99998905000001;	1.5;	8359936.0;	128623.73333333334;	0.0;	9.733333333333333;	4.266666666666667;	0.0
1377768491;	2;	5199.99927;	77.99998905000001;	1.5;	8359936.0;	100661.6;	0.0;	10.266666666666667;	4.266666666666667;	0.0
1377768791;	2;	5199.99927;	77.99998905000001;	1.5;	8359936.0;	67107.2;	0.0;	10.0;	4.333333333333333;	0.0
1377769091;	2;	5199.99927;	93.59998686;	1.8;	8359936.0;	162179.2;	0.0;	15.4;	4.533333333333333;	0.0
1377769391;	2;	5199.99927;	79.73332214000001;	1.5333333333333334;	8359936.0;	150993.86666666667;	0.0;	9.866666666666667;	4.533333333333333;	0.0
1377769691;	2;	5199.99927;	77.99998905000001;	1.5;	8359936.0;	61515.73333333333;	0.0;	9.933333333333334;	4.4;	0.0
1377769991;	2;	5199.99927;	81.46665523;	1.5666666666666667;	8359936.0;	0.0;	0.0;	9.866666666666667;	4.466666666666667;	0.0
1377770291;	2;	5199.99927;	77.99998905000001;	1.5;	8359936.0;	39146.666666666664;	0.0;	9.8;	4.533333333333333;	0.0
1377770591;	2;	5199.99927;	77.99998905000001;	1.5;	8359936.0;	167771.2;	0.0;	10.666666666666666;	4.533333333333333;	0.0
1377770891;	2;	5199.99927;	77.99998905000001;	1.5;	8359936.0;	162179.46666666667;	0.0;	10.133333333333333;	4.4;	0.0
1377771191;	2;	5199.99927;	77.99998905000001;	1.5;	8359936.0;	83884.0;	0.0;	10.0;	4.466666666666667;	0.0
1377771491;	2;	5199.99927;	77.99998905000001;	1.5;	8359936.0;	111846.93333333333;	0.0;	9.866666666666667;	4.333333333333333;	0.0
1377771791;	2;	5199.99927;	77.99998905000001;	1.5;	8359936.0;	162179.2;	0.0;	9.933333333333334;	4.4;	0.0
1377772091;	2;	5199.99927;	77.99998905000001;	1.5;	8359936.0;	106255.2;	0.0;	10.0;	4.466666666666667;	0.0
1377772391;	2;	5199.99927;	77.99998905000001;	1.5;	8359936.0;	33553.6;	0.0;	10.0;	4.333333333333333;	0.0
1377772691;	2;	5199.99927;	98.79998613;	1.9;	8359936.0;	212511.2;	0.0;	15.466666666666667;	4.466666666666667;	0.0
1377772991;	2;	5199.99927;	77.99998905000001;	1.5;	8359936.0;	156587.2;	0.0;	9.933333333333334;	4.266666666666667;	0.0
1377773291;	2;	5199.99927;	77.99998905000001;	1.5;	8359936.0;	72700.26666666666;	0.0;	9.8;	4.466666666666667;	0.0
1377773591;	2;	5199.99927;	83.19998832000002;	1.6;	8359936.0;	83884.0;	0.0;	9.866666666666667;	4.4;	0.0
1377773891;	2;	5199.99927;	77.99998905000001;	1.5;	8359936.0;	83884.0;	0.0;	9.733333333333333;	4.4;	0.0
1377774191;	2;	5199.99927;	88.39998759;	1.7;	8359936.0;	212510.13333333333;	0.0;	11.133333333333333;	4.533333333333333;	0.0
1377774491;	2;	5199.99927;	86.6666545;	1.6666666666666665;	8359936.0;	201325.6;	0.0;	11.066666666666666;	4.466666666666667;	0.0
1377774791;	2;	5199.99927;	84.93332141;	1.6333333333333335;	8359936.0;	167771.2;	0.0;	10.2;	4.533333333333333;	0.0
1377775091;	2;	5199.99927;	84.93332141;	1.6333333333333335;	8359936.0;	128623.73333333334;	0.0;	10.2;	4.466666666666667;	0.0
1377775391;	2;	5199.99927;	86.6666545;	1.6666666666666665;	8359936.0;	83884.0;	0.0;	10.2;	4.466666666666667;	0.0
1377775691;	2;	5199.99927;	81.46665523;	1.5666666666666667;	8359936.0;	167771.2;	0.0;	10.133333333333333;	4.533333333333333;	0.0
1377775991;	2;	5199.99927;	83.19998832000002;	1.6;	8359936.0;	117440.0;	0.0;	10.2;	4.4;	0.0
1377776291;	2;	5199.99927;	103.9999854;	2.0;	8359936.0;	201325.6;	0.0;	15.866666666666667;	4.466666666666667;	0.0
1377776591;	2;	5199.99927;	83.19998832000002;	1.6;	8359936.0;	150994.4;	0.0;	10.133333333333333;	4.466666666666667;	0.0
1377776892;	2;	5199.99927;	81.46665523;	1.5666666666666667;	8359936.0;	100662.4;	0.0;	10.2;	4.6;	0.0
1377777192;	2;	5199.99927;	86.6666545;	1.6666666666666665;	8359936.0;	89477.06666666667;	0.0;	10.4;	4.533333333333333;	0.0
1377777492;	2;	5199.99927;	83.19998832000002;	1.6;	8359936.0;	83885.6;	0.0;	10.066666666666666;	4.466666666666667;	0.0
1377777792;	2;	5199.99927;	88.39998759;	1.7;	8359936.0;	50331.2;	0.0;	11.133333333333333;	4.6;	0.0
1377778092;	2;	5199.99927;	83.19998832000002;	1.6;	8359936.0;	234880.8;	0.0;	10.4;	4.4;	0.0
1377778392;	2;	5199.99927;	83.19998832000002;	1.6;	8359936.0;	83884.0;	0.0;	10.4;	4.4;	0.0
1377778692;	2;	5199.99927;	81.46665523;	1.5666666666666667;	8359936.0;	67107.2;	0.0;	10.333333333333334;	4.4;	0.0
1377778992;	2;	5199.99927;	81.46665523;	1.5666666666666667;	8359936.0;	83885.86666666667;	0.0;	10.533333333333333;	4.4;	0.0
1377779292;	2;	5199.99927;	81.46665523;	1.5666666666666667;	8359936.0;	134216.0;	0.0;	10.2;	4.333333333333333;	0.0
1377779592;	2;	5199.99927;	81.46665523;	1.5666666666666667;	8359936.0;	83884.0;	0.0;	10.4;	4.466666666666667;	0.0
1377779892;	2;	5199.99927;	103.9999854;	2.0;	8359936.0;	285211.2;	0.0;	16.133333333333333;	4.6;	0.0
1377780192;	2;	5199.99927;	79.73332214000001;	1.5333333333333334;	8359936.0;	296395.4666666667;	0.0;	10.333333333333334;	4.466666666666667;	0.0
1377780492;	2;	5199.99927;	83.19998832000002;	1.6;	8359936.0;	167770.66666666666;	0.0;	10.4;	4.466666666666667;	0.0
1377780792;	2;	5199.99927;	83.19998832000002;	1.6;	8359936.0;	55922.666666666664;	0.0;	10.333333333333334;	4.4;	0.0
1377781092;	2;	5199.99927;	83.19998832000002;	1.6;	8359936.0;	117440.0;	0.0;	10.2;	4.6;	0.0
1377781392;	2;	5199.99927;	88.39998759;	1.7;	8359936.0;	128624.53333333334;	0.0;	11.2;	4.6;	0.0
1377781692;	2;	5199.99927;	81.46665523;	1.5666666666666667;	8359936.0;	95070.4;	0.0;	10.666666666666666;	4.6;	0.0
1377781992;	2;	5199.99927;	83.19998832000002;	1.6;	8359936.0;	44738.13333333333;	0.0;	10.333333333333334;	4.533333333333333;	0.0
1377782292;	2;	5199.99927;	81.46665523;	1.5666666666666667;	8359936.0;	89477.33333333333;	0.0;	10.266666666666667;	4.533333333333333;	0.0
1377782592;	2;	5199.99927;	77.99998905000001;	1.5;	8359936.0;	83884.8;	0.0;	10.533333333333333;	4.666666666666667;	0.0
1377782892;	2;	5199.99927;	81.46665523;	1.5666666666666667;	8359936.0;	78292.26666666666;	0.0;	10.4;	4.6;	0.0
1377783192;	2;	5199.99927;	77.99998905000001;	1.5;	8359936.0;	89476.53333333334;	0.0;	10.2;	4.6;	0.0
1377783492;	2;	5199.99927;	98.79998613;	1.9;	8359936.0;	162178.66666666666;	0.0;	16.333333333333332;	4.6;	0.0
1377783792;	2;	5199.99927;	83.19998832000002;	1.6;	8359936.0;	201325.06666666668;	0.0;	10.266666666666667;	4.466666666666667;	0.0
1377784092;	2;	5199.99927;	81.46665523;	1.5666666666666667;	8359936.0;	150994.4;	0.0;	10.266666666666667;	4.4;	0.0
1377784392;	2;	5199.99927;	81.46665523;	1.5666666666666667;	8359936.0;	67107.2;	0.0;	10.4;	4.533333333333333;	0.0
1377784692;	2;	5199.99927;	83.19998832000002;	1.6;	8359936.0;	83884.0;	0.0;	10.466666666666667;	4.4;	0.0
1377784992;	2;	5199.99927;	88.39998759;	1.7;	8359936.0;	117438.4;	0.0;	11.133333333333333;	4.6;	0.0
1377785292;	2;	5199.99927;	83.19998832000002;	1.6;	8359936.0;	162178.93333333332;	0.0;	11.133333333333333;	4.533333333333333;	0.06666666666666667
1377785591;	2;	5199.99927;	83.19998832000002;	1.6;	8359936.0;	128624.0;	0.0;	10.333333333333334;	4.533333333333333;	0.0
1377785891;	2;	5199.99927;	81.46665523;	1.5666666666666667;	8359936.0;	83884.0;	0.0;	10.333333333333334;	4.533333333333333;	0.0
1377786192;	2;	5199.99927;	79.73332214000001;	1.5333333333333334;	8359936.0;	167770.4;	0.0;	10.266666666666667;	4.533333333333333;	0.0
1377786492;	2;	5199.99927;	79.73332214000001;	1.5333333333333334;	8359936.0;	201325.6;	0.0;	10.266666666666667;	4.6;	0.0
1377786792;	2;	5199.99927;	79.73332214000001;	1.5333333333333334;	8359936.0;	78292.0;	0.0;	10.333333333333334;	4.466666666666667;	0.0
1377787092;	2;	5199.99927;	98.79998613;	1.9;	8359936.0;	111847.46666666666;	0.0;	15.666666666666666;	4.666666666666667;	0.0
1377787392;	2;	5199.99927;	77.99998905000001;	1.5;	8359936.0;	106254.13333333333;	0.0;	10.2;	4.466666666666667;	0.0
1377787692;	2;	5199.99927;	83.19998832000002;	1.6;	8359936.0;	123031.2;	0.0;	10.4;	4.4;	0.0
1377787992;	2;	5199.99927;	79.73332214000001;	1.5333333333333334;	8359936.0;	106253.86666666667;	0.0;	9.866666666666667;	4.266666666666667;	0.0
1377788292;	2;	5199.99927;	79.73332214000001;	1.5333333333333334;	8359936.0;	100662.4;	0.0;	10.533333333333333;	4.6;	0.0
1377788592;	2;	5199.99927;	79.73332214000001;	1.5333333333333334;	8359936.0;	156586.13333333333;	0.0;	11.333333333333334;	4.6;	0.06666666666666667
1377788892;	2;	5199.99927;	77.99998905000001;	1.5;	8359936.0;	212510.4;	0.0;	11.0;	4.533333333333333;	0.0
1377789192;	2;	5199.99927;	77.99998905000001;	1.5;	8359936.0;	156586.66666666666;	0.0;	10.4;	4.466666666666667;	0.0
1377789492;	2;	5199.99927;	77.99998905000001;	1.5;	8359936.0;	128624.53333333334;	0.0;	10.4;	4.733333333333333;	0.0
1377789792;	2;	5199.99927;	81.46665523;	1.5666666666666667;	8359936.0;	83885.86666666667;	0.0;	10.533333333333333;	4.533333333333333;	0.0
1377790092;	2;	5199.99927;	83.19998832000002;	1.6;	8359936.0;	67107.2;	0.0;	10.666666666666666;	4.533333333333333;	0.0
1377790392;	2;	5199.99927;	81.46665523;	1.5666666666666667;	8359936.0;	117439.2;	0.0;	10.666666666666666;	4.533333333333333;	0.0
1377790692;	2;	5199.99927;	98.79998613;	1.9;	8359936.0;	218102.4;	0.0;	16.066666666666666;	4.666666666666667;	0.0
1377790992;	2;	5199.99927;	81.46665523;	1.5666666666666667;	8359936.0;	206917.6;	0.0;	10.666666666666666;	4.666666666666667;	0.0
1377791292;	2;	5199.99927;	79.73332214000001;	1.5333333333333334;	8359936.0;	111846.66666666667;	0.0;	10.466666666666667;	4.733333333333333;	0.0
1377791592;	2;	5199.99927;	77.99998905000001;	1.5;	8359936.0;	240472.26666666666;	0.0;	10.466666666666667;	4.533333333333333;	0.0
1377791892;	2;	5199.99927;	77.99998905000001;	1.5;	8359936.0;	117438.93333333333;	0.0;	10.666666666666666;	4.466666666666667;	0.0
1377792192;	2;	5199.99927;	79.73332214000001;	1.5333333333333334;	8359936.0;	55923.46666666667;	0.0;	11.333333333333334;	4.666666666666667;	0.0
1377792492;	2;	5199.99927;	77.99998905000001;	1.5;	8359936.0;	83884.0;	0.0;	10.666666666666666;	4.6;	0.0
1377792792;	2;	5199.99927;	77.99998905000001;	1.5;	8359936.0;	83884.0;	0.0;	10.4;	4.666666666666667;	0.0
1377793092;	2;	5199.99927;	77.99998905000001;	1.5;	8359936.0;	95068.8;	0.0;	10.266666666666667;	4.533333333333333;	0.0
1377793392;	2;	5199.99927;	81.46665523;	1.5666666666666667;	8359936.0;	178955.73333333334;	0.0;	10.333333333333334;	4.533333333333333;	0.0
1377793692;	2;	5199.99927;	79.73332214000001;	1.5333333333333334;	8359936.0;	100661.6;	0.0;	10.2;	4.6;	0.0
1377793992;	2;	5199.99927;	79.73332214000001;	1.5333333333333334;	8359936.0;	201326.4;	0.0;	10.4;	4.466666666666667;	0.0
1377794292;	2;	5199.99927;	95.33331995;	1.8333333333333335;	8359936.0;	290803.73333333334;	0.0;	15.733333333333333;	4.6;	0.0
1377794592;	2;	5199.99927;	77.99998905000001;	1.5;	8359936.0;	195733.06666666668;	0.0;	10.333333333333334;	4.6;	0.0
1377794892;	2;	5199.99927;	77.99998905000001;	1.5;	8359936.0;	145401.86666666667;	0.0;	10.333333333333334;	4.466666666666667;	0.0
1377795192;	2;	5199.99927;	77.99998905000001;	1.5;	8359936.0;	100661.33333333333;	0.0;	10.333333333333334;	4.4;	0.0
1377795492;	2;	5199.99927;	79.73332214000001;	1.5333333333333334;	8359936.0;	173362.4;	0.0;	10.466666666666667;	4.466666666666667;	0.0
1377795793;	2;	5199.99927;	83.19998832000002;	1.6;	8359936.0;	83884.0;	0.0;	10.866666666666667;	4.533333333333333;	0.0
1377796093;	2;	5199.99927;	83.19998832000002;	1.6;	8359936.0;	78293.33333333333;	0.0;	11.066666666666666;	4.533333333333333;	0.0
1377796393;	2;	5199.99927;	83.19998832000002;	1.6;	8359936.0;	72701.06666666667;	0.0;	10.333333333333334;	4.466666666666667;	0.0
1377796693;	2;	5199.99927;	81.46665523;	1.5666666666666667;	8359936.0;	50330.4;	0.0;	10.333333333333334;	4.466666666666667;	0.0
1377796993;	2;	5199.99927;	81.46665523;	1.5666666666666667;	8359936.0;	50330.4;	0.0;	10.133333333333333;	4.333333333333333;	0.0
1377797293;	2;	5199.99927;	83.19998832000002;	1.6;	8359936.0;	111846.66666666667;	0.0;	10.533333333333333;	4.466666666666667;	0.0
1377797593;	2;	5199.99927;	79.73332214000001;	1.5333333333333334;	8359936.0;	83884.8;	0.0;	10.333333333333334;	4.466666666666667;	0.0
1377797893;	2;	5199.99927;	93.59998686;	1.8;	8359936.0;	167770.66666666666;	0.0;	16.066666666666666;	4.466666666666667;	0.0
1377798193;	2;	5199.99927;	77.99998905000001;	1.5;	8359936.0;	201325.6;	0.0;	10.333333333333334;	4.533333333333333;	0.0
1377798493;	2;	5199.99927;	79.73332214000001;	1.5333333333333334;	8359936.0;	206917.06666666668;	0.0;	10.2;	4.6;	0.0
1377798793;	2;	5199.99927;	83.19998832000002;	1.6;	8359936.0;	67107.2;	0.0;	10.4;	4.466666666666667;	0.0
1377799093;	2;	5199.99927;	83.19998832000002;	1.6;	8359936.0;	67107.2;	0.0;	10.4;	4.6;	0.0
1377799393;	2;	5199.99927;	86.6666545;	1.6666666666666665;	8359936.0;	67107.2;	0.0;	10.866666666666667;	4.6;	0.06666666666666667
1377799693;	2;	5199.99927;	79.73332214000001;	1.5333333333333334;	8359936.0;	134216.8;	0.0;	10.333333333333334;	4.533333333333333;	0.0
1377799993;	2;	5199.99927;	83.19998832000002;	1.6;	8359936.0;	50330.4;	0.0;	10.266666666666667;	4.6;	0.0
1377800293;	2;	5199.99927;	81.46665523;	1.5666666666666667;	8359936.0;	128624.26666666666;	0.0;	10.2;	4.6;	0.0
1377800593;	2;	5199.99927;	79.73332214000001;	1.5333333333333334;	8359936.0;	201324.8;	0.0;	10.333333333333334;	4.466666666666667;	0.0
1377800893;	2;	5199.99927;	77.99998905000001;	1.5;	8359936.0;	89477.06666666667;	0.0;	10.266666666666667;	4.466666666666667;	0.0
1377801193;	2;	5199.99927;	77.99998905000001;	1.5;	8359936.0;	100661.6;	0.0;	10.2;	4.466666666666667;	0.0
1377801493;	2;	5199.99927;	103.9999854;	2.0;	8359936.0;	251657.6;	0.0;	16.066666666666666;	4.466666666666667;	0.0
1377801793;	2;	5199.99927;	79.73332214000001;	1.5333333333333334;	8359936.0;	184548.8;	0.0;	10.2;	4.533333333333333;	0.0
1377802093;	2;	5199.99927;	83.19998832000002;	1.6;	8359936.0;	55924.0;	0.0;	10.333333333333334;	4.4;	0.0
1377802393;	2;	5199.99927;	81.46665523;	1.5666666666666667;	8359936.0;	67108.0;	0.0;	10.2;	4.466666666666667;	0.0
1377802693;	2;	5199.99927;	83.19998832000002;	1.6;	8359936.0;	55922.666666666664;	0.0;	10.4;	4.466666666666667;	0.0
1377802993;	2;	5199.99927;	98.79998613;	1.9;	8359936.0;	106254.13333333333;	0.0;	16.133333333333333;	4.6;	0.13333333333333333
1377803293;	2;	5199.99927;	81.46665523;	1.5666666666666667;	8359936.0;	184548.8;	0.0;	10.533333333333333;	4.466666666666667;	0.0
1377803593;	2;	5199.99927;	77.99998905000001;	1.5;	8359936.0;	50331.2;	0.0;	10.4;	4.533333333333333;	0.0
1377803893;	2;	5199.99927;	77.99998905000001;	1.5;	8359936.0;	67107.2;	0.0;	10.2;	4.466666666666667;	0.0
1377804194;	2;	5199.99927;	77.99998905000001;	1.5;	8359936.0;	16776.8;	0.0;	10.266666666666667;	4.533333333333333;	0.0
1377804494;	2;	5199.99927;	77.99998905000001;	1.5;	8359936.0;	83884.0;	0.0;	10.2;	4.533333333333333;	0.0
1377804794;	2;	5199.99927;	83.19998832000002;	1.6;	8359936.0;	78291.73333333334;	0.0;	10.333333333333334;	4.466666666666667;	0.0
1377805094;	2;	5199.99927;	98.79998613;	1.9;	8359936.0;	184548.8;	0.0;	15.6;	4.533333333333333;	0.0
1377805394;	2;	5199.99927;	79.73332214000001;	1.5333333333333334;	8359936.0;	83884.0;	0.0;	10.333333333333334;	4.466666666666667;	0.0
1377805694;	2;	5199.99927;	81.46665523;	1.5666666666666667;	8359936.0;	134216.0;	0.0;	10.2;	4.4;	0.0
1377805994;	2;	5199.99927;	83.19998832000002;	1.6;	8359936.0;	61514.933333333334;	0.0;	10.333333333333334;	4.466666666666667;	0.0
1377806294;	2;	5199.99927;	81.46665523;	1.5666666666666667;	8359936.0;	240473.06666666668;	0.0;	10.2;	4.533333333333333;	0.0
1377806594;	2;	5199.99927;	84.93332141;	1.6333333333333335;	8359936.0;	128624.0;	0.0;	11.0;	4.6;	0.0
1377806894;	2;	5199.99927;	81.46665523;	1.5666666666666667;	8359936.0;	134215.73333333334;	0.0;	11.0;	4.533333333333333;	0.0
1377807194;	2;	5199.99927;	77.99998905000001;	1.5;	8359936.0;	67108.26666666666;	0.0;	10.4;	4.533333333333333;	0.0
1377807494;	2;	5199.99927;	79.73332214000001;	1.5333333333333334;	8359936.0;	162178.93333333332;	0.0;	10.133333333333333;	4.533333333333333;	0.0
1377807794;	2;	5199.99927;	83.19998832000002;	1.6;	8359936.0;	201324.8;	0.0;	10.266666666666667;	4.533333333333333;	0.0
1377808094;	2;	5199.99927;	79.73332214000001;	1.5333333333333334;	8359936.0;	190141.06666666668;	0.0;	10.2;	4.466666666666667;	0.0
1377808394;	2;	5199.99927;	81.46665523;	1.5666666666666667;	8359936.0;	11184.8;	0.0;	10.2;	4.533333333333333;	0.0
1377808694;	2;	5199.99927;	97.06665304;	1.8666666666666665;	8359936.0;	234880.26666666666;	0.0;	15.933333333333334;	4.6;	0.0
1377808994;	2;	5199.99927;	83.19998832000002;	1.6;	8359936.0;	262841.3333333333;	0.0;	10.4;	4.533333333333333;	0.0
1377809294;	2;	5199.99927;	83.19998832000002;	1.6;	8359936.0;	178955.46666666667;	0.0;	10.266666666666667;	4.6;	0.0
1377809594;	2;	5199.99927;	81.46665523;	1.5666666666666667;	8359936.0;	67108.26666666666;	0.0;	10.4;	4.6;	0.0
1377809894;	2;	5199.99927;	79.73332214000001;	1.5333333333333334;	8359936.0;	78292.26666666666;	0.0;	10.466666666666667;	4.533333333333333;	0.0
1377810194;	2;	5199.99927;	83.19998832000002;	1.6;	8359936.0;	167771.2;	0.0;	10.933333333333334;	4.666666666666667;	0.06666666666666667
1377810494;	2;	5199.99927;	77.99998905000001;	1.5;	8359936.0;	128624.0;	0.0;	10.8;	4.466666666666667;	0.0
1377810794;	2;	5199.99927;	83.19998832000002;	1.6;	8359936.0;	162179.46666666667;	0.0;	10.266666666666667;	4.533333333333333;	0.0
1377811094;	2;	5199.99927;	83.19998832000002;	1.6;	8359936.0;	162178.4;	0.0;	10.4;	4.466666666666667;	0.0
1377811394;	2;	5199.99927;	81.46665523;	1.5666666666666667;	8359936.0;	111846.93333333333;	0.0;	10.333333333333334;	4.533333333333333;	0.0
1377811694;	2;	5199.99927;	83.19998832000002;	1.6;	8359936.0;	156585.6;	0.0;	10.266666666666667;	4.4;	0.0
1377811994;	2;	5199.99927;	83.19998832000002;	1.6;	8359936.0;	156586.66666666666;	0.0;	10.4;	4.466666666666667;	0.0
1377812294;	2;	5199.99927;	98.79998613;	1.9;	8359936.0;	167771.46666666667;	0.0;	15.8;	4.533333333333333;	0.0
1377812594;	2;	5199.99927;	83.19998832000002;	1.6;	8359936.0;	156586.13333333333;	0.0;	10.066666666666666;	4.466666666666667;	0.0
1377812894;	2;	5199.99927;	79.73332214000001;	1.5333333333333334;	8359936.0;	139809.06666666668;	0.0;	10.333333333333334;	4.466666666666667;	0.0
1377813194;	2;	5199.99927;	77.99998905000001;	1.5;	8359936.0;	139809.33333333334;	0.0;	10.466666666666667;	4.4;	0.0
1377813494;	2;	5199.99927;	79.73332214000001;	1.5333333333333334;	8359936.0;	22369.066666666666;	0.0;	11.066666666666666;	4.4;	0.0
1377813794;	2;	5199.99927;	83.19998832000002;	1.6;	8359936.0;	27961.333333333332;	0.0;	11.066666666666666;	4.4;	0.0
1377814094;	2;	5199.99927;	81.46665523;	1.5666666666666667;	8359936.0;	117439.73333333334;	0.0;	10.533333333333333;	4.333333333333333;	0.0
1377814395;	2;	5199.99927;	83.19998832000002;	1.6;	8359936.0;	134216.53333333333;	0.0;	10.4;	4.466666666666667;	0.0
1377814695;	2;	5199.99927;	81.46665523;	1.5666666666666667;	8359936.0;	257250.13333333333;	0.0;	10.4;	4.466666666666667;	0.0
1377814995;	2;	5199.99927;	83.19998832000002;	1.6;	8359936.0;	173363.2;	0.0;	10.2;	4.466666666666667;	0.0
1377815295;	2;	5199.99927;	83.19998832000002;	1.6;	8359936.0;	150992.8;	0.0;	10.333333333333334;	4.533333333333333;	0.0
1377815595;	2;	5199.99927;	79.73332214000001;	1.5333333333333334;	8359936.0;	111846.4;	0.0;	10.4;	4.466666666666667;	0.0
1377815895;	2;	5199.99927;	159.46664428000003;	3.066666666666667;	8359936.0;	279619.4666666667;	0.0;	43.13333333333333;	5.266666666666667;	1.5333333333333334
1377816195;	2;	5199.99927;	77.99998905000001;	1.5;	8359936.0;	369097.3333333333;	0.0;	10.6;	4.533333333333333;	0.0
1377816495;	2;	5199.99927;	79.73332214000001;	1.5333333333333334;	8359936.0;	78292.26666666666;	0.0;	10.266666666666667;	4.466666666666667;	0.0
1377816795;	2;	5199.99927;	81.46665523;	1.5666666666666667;	8359936.0;	184548.0;	0.0;	10.266666666666667;	4.533333333333333;	0.0
1377817095;	2;	5199.99927;	83.19998832000002;	1.6;	8359936.0;	229288.0;	0.0;	10.333333333333334;	4.533333333333333;	0.0
1377817395;	2;	5199.99927;	83.19998832000002;	1.6;	8359936.0;	218103.2;	0.0;	11.066666666666666;	4.666666666666667;	0.0
1377817694;	2;	5199.99927;	83.19998832000002;	1.6;	8359936.0;	178955.46666666667;	0.0;	11.0;	4.6;	0.0
1377817994;	2;	5199.99927;	93.59998686;	1.8;	8359936.0;	117438.4;	0.0;	10.428571428571429;	4.533333333333333;	0.0
1377818294;	2;	5199.99927;	83.19998832000002;	1.6;	8359936.0;	117439.2;	0.0;	10.2;	4.466666666666667;	0.0
1377818594;	2;	5199.99927;	79.73332214000001;	1.5333333333333334;	8359936.0;	78292.53333333334;	0.0;	10.4;	4.533333333333333;	0.0
1377818894;	2;	5199.99927;	79.73332214000001;	1.5333333333333334;	8359936.0;	134216.8;	0.0;	10.066666666666666;	4.533333333333333;	0.0
1377819194;	2;	5199.99927;	77.99998905000001;	1.5;	8359936.0;	83884.8;	0.0;	10.466666666666667;	4.6;	0.0
1377819494;	2;	5199.99927;	93.59998686;	1.8;	8359936.0;	201325.33333333334;	0.0;	15.733333333333333;	4.533333333333333;	0.0
1377819794;	2;	5199.99927;	83.19998832000002;	1.6;	8359936.0;	134216.0;	0.0;	10.2;	4.533333333333333;	0.0
1377820094;	2;	5199.99927;	81.46665523;	1.5666666666666667;	8359936.0;	78293.33333333333;	0.0;	10.133333333333333;	4.4;	0.0
1377820394;	2;	5199.99927;	83.19998832000002;	1.6;	8359936.0;	128623.2;	0.0;	10.4;	4.533333333333333;	0.0
1377820694;	2;	5199.99927;	79.73332214000001;	1.5333333333333334;	8359936.0;	83884.0;	0.0;	10.333333333333334;	4.466666666666667;	0.0
1377820994;	2;	5199.99927;	83.19998832000002;	1.6;	8359936.0;	117439.2;	0.0;	11.133333333333333;	4.6;	0.0
1377821294;	2;	5199.99927;	81.46665523;	1.5666666666666667;	8359936.0;	162177.6;	0.0;	10.4;	4.533333333333333;	0.0
1377821594;	2;	5199.99927;	100.53331922000001;	1.9333333333333333;	8359936.0;	167771.2;	0.0;	18.266666666666666;	4.666666666666667;	0.6666666666666666
1377821894;	2;	5199.99927;	79.73332214000001;	1.5333333333333334;	8359936.0;	184548.0;	0.0;	10.266666666666667;	4.533333333333333;	0.0
1377822194;	2;	5199.99927;	79.73332214000001;	1.5333333333333334;	8359936.0;	67107.2;	0.0;	10.4;	4.466666666666667;	0.0
1377822494;	2;	5199.99927;	77.99998905000001;	1.5;	8359936.0;	83884.8;	0.0;	10.4;	4.466666666666667;	0.0
1377822794;	2;	5199.99927;	77.99998905000001;	1.5;	8359936.0;	100661.6;	0.0;	10.466666666666667;	4.533333333333333;	0.0
1377823094;	2;	5199.99927;	98.79998613;	1.9;	8359936.0;	268434.4;	0.0;	15.866666666666667;	4.533333333333333;	0.0
1377823394;	2;	5199.99927;	83.19998832000002;	1.6;	8359936.0;	117439.2;	0.0;	10.533333333333333;	4.4;	0.0
1377823694;	2;	5199.99927;	79.73332214000001;	1.5333333333333334;	8359936.0;	89477.06666666667;	0.0;	10.4;	4.466666666666667;	0.0
1377823994;	2;	5199.99927;	77.99998905000001;	1.5;	8359936.0;	72699.46666666666;	0.0;	10.266666666666667;	4.466666666666667;	0.0
1377824294;	2;	5199.99927;	83.19998832000002;	1.6;	8359936.0;	67107.2;	0.0;	10.4;	4.466666666666667;	0.0
1377824595;	2;	5199.99927;	77.99998905000001;	1.5;	8359936.0;	134216.8;	0.0;	11.266666666666667;	4.533333333333333;	0.0
1377824895;	2;	5199.99927;	77.99998905000001;	1.5;	8359936.0;	167770.4;	0.0;	10.866666666666667;	4.533333333333333;	0.0
1377825195;	2;	5199.99927;	79.73332214000001;	1.5333333333333334;	8359936.0;	150994.4;	0.0;	10.266666666666667;	4.533333333333333;	0.0
1377825495;	2;	5199.99927;	77.99998905000001;	1.5;	8359936.0;	22369.066666666666;	0.0;	10.266666666666667;	4.4;	0.0
1377825795;	2;	5199.99927;	81.46665523;	1.5666666666666667;	8359936.0;	83885.6;	0.0;	10.266666666666667;	4.466666666666667;	0.0
1377826095;	2;	5199.99927;	79.73332214000001;	1.5333333333333334;	8359936.0;	111846.13333333333;	0.0;	10.4;	4.533333333333333;	0.0
1377826395;	2;	5199.99927;	79.73332214000001;	1.5333333333333334;	8359936.0;	117438.4;	0.0;	10.4;	4.533333333333333;	0.0
1377826695;	2;	5199.99927;	105.73331849;	2.033333333333333;	8359936.0;	201325.6;	0.0;	75.13333333333334;	19.666666666666668;	0.3333333333333333
1377826995;	2;	5199.99927;	83.19998832000002;	1.6;	8359936.0;	290804.5333333333;	0.0;	10.4;	4.4;	0.0
1377827295;	2;	5199.99927;	81.46665523;	1.5666666666666667;	8359936.0;	83884.8;	0.0;	10.333333333333334;	4.666666666666667;	0.0
1377827595;	2;	5199.99927;	77.99998905000001;	1.5;	8359936.0;	50330.4;	0.0;	10.333333333333334;	4.4;	0.0
1377827895;	2;	5199.99927;	77.99998905000001;	1.5;	8359936.0;	167770.66666666666;	0.0;	10.266666666666667;	4.466666666666667;	0.0
1377828195;	2;	5199.99927;	235.73330023999998;	4.533333333333333;	8359936.0;	145401.06666666668;	0.0;	13.333333333333334;	6.133333333333334;	0.8
1377828495;	2;	5199.99927;	83.19998832000002;	1.6;	8359936.0;	184548.8;	0.0;	12.2;	4.466666666666667;	0.0
1377828795;	2;	5199.99927;	81.46665523;	1.5666666666666667;	8359936.0;	162179.2;	0.0;	10.533333333333333;	4.533333333333333;	0.0
1377829095;	2;	5199.99927;	79.73332214000001;	1.5333333333333334;	8359936.0;	100662.4;	0.0;	10.4;	4.533333333333333;	0.0
1377829395;	2;	5199.99927;	110.93331776000001;	2.1333333333333333;	8359936.0;	178956.0;	0.0;	24.6;	11.4;	0.2
1377829695;	2;	5199.99927;	77.99998905000001;	1.5;	8359936.0;	335543.4666666667;	0.0;	10.2;	4.6;	0.0
1377829995;	2;	5199.99927;	83.19998832000002;	1.6;	8359936.0;	100661.6;	0.0;	10.466666666666667;	4.533333333333333;	0.06666666666666667
1377830295;	2;	5199.99927;	93.59998686;	1.8;	8359936.0;	212510.4;	0.0;	15.666666666666666;	4.733333333333333;	0.0
1377830595;	2;	5199.99927;	77.99998905000001;	1.5;	8359936.0;	178955.73333333334;	0.0;	10.4;	4.533333333333333;	0.0
1377830895;	2;	5199.99927;	77.99998905000001;	1.5;	8359936.0;	134216.8;	0.0;	10.333333333333334;	4.466666666666667;	0.0
1377831195;	2;	5199.99927;	79.73332214000001;	1.5333333333333334;	8359936.0;	83884.8;	0.0;	10.333333333333334;	4.6;	0.0
1377831495;	2;	5199.99927;	81.46665523;	1.5666666666666667;	8359936.0;	111847.2;	0.0;	10.266666666666667;	4.466666666666667;	0.0
1377831795;	2;	5199.99927;	79.73332214000001;	1.5333333333333334;	8359936.0;	78292.53333333334;	0.0;	11.066666666666666;	4.6;	0.06666666666666667
1377832095;	2;	5199.99927;	79.73332214000001;	1.5333333333333334;	8359936.0;	139809.06666666668;	0.0;	10.8;	4.6;	0.0
1377832395;	2;	5199.99927;	79.73332214000001;	1.5333333333333334;	8359936.0;	78291.73333333334;	0.0;	10.4;	4.6;	0.0
1377832695;	2;	5199.99927;	77.99998905000001;	1.5;	8359936.0;	78293.06666666667;	0.0;	10.266666666666667;	4.466666666666667;	0.0
1377832995;	2;	5199.99927;	77.99998905000001;	1.5;	8359936.0;	89478.13333333333;	0.0;	10.466666666666667;	4.533333333333333;	0.0
1377833295;	2;	5199.99927;	83.19998832000002;	1.6;	8359936.0;	100661.6;	0.0;	10.333333333333334;	4.466666666666667;	0.0
1377833595;	2;	5199.99927;	77.99998905000001;	1.5;	8359936.0;	89477.86666666667;	0.0;	10.333333333333334;	4.533333333333333;	0.0
1377833895;	2;	5199.99927;	95.33331995;	1.8333333333333335;	8359936.0;	206917.6;	0.0;	15.866666666666667;	4.8;	0.0
1377834195;	2;	5199.99927;	79.73332214000001;	1.5333333333333334;	8359936.0;	190140.0;	0.0;	10.466666666666667;	4.6;	0.0
1377834495;	2;	5199.99927;	81.46665523;	1.5666666666666667;	8359936.0;	111846.66666666667;	0.0;	10.266666666666667;	4.533333333333333;	0.0
1377834795;	2;	5199.99927;	81.46665523;	1.5666666666666667;	8359936.0;	178955.46666666667;	0.0;	10.266666666666667;	4.4;	0.0
1377835095;	2;	5199.99927;	83.19998832000002;	1.6;	8359936.0;	89477.06666666667;	0.0;	10.4;	4.533333333333333;	0.0
1377835395;	2;	5199.99927;	79.73332214000001;	1.5333333333333334;	8359936.0;	95069.6;	0.0;	11.066666666666666;	4.6;	0.0
1377835695;	2;	5199.99927;	79.73332214000001;	1.5333333333333334;	8359936.0;	156586.93333333332;	0.0;	10.466666666666667;	4.6;	0.0
1377835996;	2;	5199.99927;	79.73332214000001;	1.5333333333333334;	8359936.0;	139809.06666666668;	0.0;	10.466666666666667;	4.466666666666667;	0.0
1377836296;	2;	5199.99927;	77.99998905000001;	1.5;	8359936.0;	139808.0;	0.0;	10.2;	4.466666666666667;	0.0
1377836596;	2;	5199.99927;	79.73332214000001;	1.5333333333333334;	8359936.0;	67107.2;	0.0;	10.466666666666667;	4.533333333333333;	0.0
1377836896;	2;	5199.99927;	79.73332214000001;	1.5333333333333334;	8359936.0;	100661.6;	0.0;	10.2;	4.533333333333333;	0.0
1377837196;	2;	5199.99927;	77.99998905000001;	1.5;	8359936.0;	134216.8;	0.0;	10.466666666666667;	4.466666666666667;	0.0
1377837496;	2;	5199.99927;	98.79998613;	1.9;	8359936.0;	178955.46666666667;	0.0;	15.933333333333334;	4.533333333333333;	0.0
1377837796;	2;	5199.99927;	83.19998832000002;	1.6;	8359936.0;	206917.6;	0.0;	10.466666666666667;	4.4;	0.0
1377838096;	2;	5199.99927;	79.73332214000001;	1.5333333333333334;	8359936.0;	111846.66666666667;	0.0;	10.4;	4.533333333333333;	0.0
1377838396;	2;	5199.99927;	81.46665523;	1.5666666666666667;	8359936.0;	195733.6;	0.0;	10.2;	4.533333333333333;	0.0
1377838696;	2;	5199.99927;	83.19998832000002;	1.6;	8359936.0;	111846.4;	0.0;	10.266666666666667;	4.6;	0.0
1377838996;	2;	5199.99927;	81.46665523;	1.5666666666666667;	8359936.0;	134216.53333333333;	0.0;	10.933333333333334;	4.466666666666667;	0.0
1377839296;	2;	5199.99927;	77.99998905000001;	1.5;	8359936.0;	223695.73333333334;	0.0;	11.133333333333333;	4.533333333333333;	0.0
1377839596;	2;	5199.99927;	77.99998905000001;	1.5;	8359936.0;	139809.6;	0.0;	10.4;	4.533333333333333;	0.0
1377839896;	2;	5199.99927;	77.99998905000001;	1.5;	8359936.0;	50330.4;	0.0;	10.133333333333333;	4.666666666666667;	0.0
1377840196;	2;	5199.99927;	77.99998905000001;	1.5;	8359936.0;	156586.66666666666;	0.0;	10.6;	4.4;	0.0
1377840496;	2;	5199.99927;	83.19998832000002;	1.6;	8359936.0;	178956.0;	0.0;	10.333333333333334;	4.533333333333333;	0.0
1377840796;	2;	5199.99927;	83.19998832000002;	1.6;	8359936.0;	139808.8;	0.0;	10.266666666666667;	4.4;	0.0
1377841096;	2;	5199.99927;	98.79998613;	1.9;	8359936.0;	195732.26666666666;	0.0;	16.133333333333333;	4.6;	0.0
1377841396;	2;	5199.99927;	83.19998832000002;	1.6;	8359936.0;	111846.66666666667;	0.0;	10.266666666666667;	4.533333333333333;	0.0
1377841696;	2;	5199.99927;	83.19998832000002;	1.6;	8359936.0;	11184.533333333333;	0.0;	10.333333333333334;	4.466666666666667;	0.0
1377841996;	2;	5199.99927;	79.73332214000001;	1.5333333333333334;	8359936.0;	83884.0;	0.0;	10.466666666666667;	4.533333333333333;	0.0
1377842296;	2;	5199.99927;	79.73332214000001;	1.5333333333333334;	8359936.0;	123030.93333333333;	0.0;	10.4;	4.533333333333333;	0.0
1377842596;	2;	5199.99927;	86.6666545;	1.6666666666666665;	8359936.0;	111846.66666666667;	0.0;	11.2;	4.533333333333333;	0.0
1377842896;	2;	5199.99927;	83.19998832000002;	1.6;	8359936.0;	173362.93333333332;	0.0;	10.533333333333333;	4.533333333333333;	0.0
1377843196;	2;	5199.99927;	83.19998832000002;	1.6;	8359936.0;	195732.26666666666;	0.0;	10.6;	4.466666666666667;	0.0
1377843496;	2;	5199.99927;	83.19998832000002;	1.6;	8359936.0;	111846.66666666667;	0.0;	10.4;	4.533333333333333;	0.0
1377843796;	2;	5199.99927;	83.19998832000002;	1.6;	8359936.0;	167772.0;	0.0;	10.466666666666667;	4.6;	0.0
1377844096;	2;	5199.99927;	81.46665523;	1.5666666666666667;	8359936.0;	134217.6;	0.0;	10.466666666666667;	4.533333333333333;	0.0
1377844396;	2;	5199.99927;	83.19998832000002;	1.6;	8359936.0;	78292.26666666666;	0.0;	10.333333333333334;	4.466666666666667;	0.0
1377844696;	2;	5199.99927;	93.59998686;	1.8;	8359936.0;	218102.66666666666;	0.0;	15.933333333333334;	4.6;	0.0
1377844997;	2;	5199.99927;	77.99998905000001;	1.5;	8359936.0;	218103.2;	0.0;	10.333333333333334;	4.533333333333333;	0.0
1377845297;	2;	5199.99927;	79.73332214000001;	1.5333333333333334;	8359936.0;	134216.0;	0.0;	10.266666666666667;	4.466666666666667;	0.0
1377845597;	2;	5199.99927;	83.19998832000002;	1.6;	8359936.0;	162178.93333333332;	0.0;	10.4;	4.533333333333333;	0.0
1377845897;	2;	5199.99927;	83.19998832000002;	1.6;	8359936.0;	134216.0;	0.0;	10.266666666666667;	4.533333333333333;	0.0
1377846197;	2;	5199.99927;	83.19998832000002;	1.6;	8359936.0;	50330.4;	0.0;	11.133333333333333;	4.533333333333333;	0.0
1377846497;	2;	5199.99927;	83.19998832000002;	1.6;	8359936.0;	117439.2;	0.0;	10.6;	4.533333333333333;	0.0
1377846797;	2;	5199.99927;	83.19998832000002;	1.6;	8359936.0;	229286.93333333332;	0.0;	10.133333333333333;	4.6;	0.0
1377847097;	2;	5199.99927;	81.46665523;	1.5666666666666667;	8359936.0;	150993.6;	0.0;	10.2;	4.533333333333333;	0.0
1377847397;	2;	5199.99927;	79.73332214000001;	1.5333333333333334;	8359936.0;	100661.6;	0.0;	10.266666666666667;	4.533333333333333;	0.0
1377847697;	2;	5199.99927;	81.46665523;	1.5666666666666667;	8359936.0;	167772.0;	0.0;	10.4;	4.466666666666667;	0.0
1377847997;	2;	5199.99927;	83.19998832000002;	1.6;	8359936.0;	150994.4;	0.0;	10.266666666666667;	4.533333333333333;	0.0
1377848297;	2;	5199.99927;	103.9999854;	2.0;	8359936.0;	150994.4;	0.0;	15.8;	4.6;	0.0
1377848597;	2;	5199.99927;	83.19998832000002;	1.6;	8359936.0;	83884.8;	0.0;	10.4;	4.533333333333333;	0.0
1377848897;	2;	5199.99927;	77.99998905000001;	1.5;	8359936.0;	134216.0;	0.0;	10.133333333333333;	4.533333333333333;	0.0
1377849197;	2;	5199.99927;	79.73332214000001;	1.5333333333333334;	8359936.0;	111846.66666666667;	0.0;	10.333333333333334;	4.466666666666667;	0.0
1377849497;	2;	5199.99927;	83.19998832000002;	1.6;	8359936.0;	100661.6;	0.0;	10.333333333333334;	4.466666666666667;	0.0
1377849797;	2;	5199.99927;	88.39998759;	1.7;	8359936.0;	117440.0;	0.0;	11.066666666666666;	4.6;	0.0
1377850097;	2;	5199.99927;	90.13332068000001;	1.7333333333333334;	8359936.0;	83884.8;	0.0;	11.066666666666666;	4.533333333333333;	0.0
1377850397;	2;	5199.998812;	188.499956935;	3.625;	8359936.0;	20971.0;	0.0;	8.666666666666666;	4.0;	0.0
1377850696;	2;	5199.998812;	105.73330917733333;	2.033333333333333;	8359936.0;	83884.0;	0.0;	10.133333333333333;	4.533333333333333;	0.0
1377850996;	2;	5199.998812;	105.73330917733333;	2.033333333333333;	8359936.0;	78293.06666666667;	0.0;	10.333333333333334;	4.533333333333333;	0.0
1377851296;	2;	5199.998812;	97.06664449066666;	1.8666666666666665;	8359936.0;	89476.8;	0.0;	10.4;	4.533333333333333;	0.0
1377851596;	2;	5199.998812;	97.06664449066666;	1.8666666666666665;	8359936.0;	128624.0;	0.0;	10.2;	4.666666666666667;	0.0
1377851896;	2;	5199.998812;	114.399973864;	2.2;	8359936.0;	173363.73333333334;	0.0;	15.933333333333334;	4.666666666666667;	0.0
1377852196;	2;	5199.998812;	84.93331392933334;	1.6333333333333335;	8359936.0;	173363.2;	0.0;	10.4;	4.4;	0.0
1377852496;	2;	5199.998812;	83.19998099200001;	1.6;	8359936.0;	33554.13333333333;	0.0;	10.266666666666667;	4.6;	0.0
1377852796;	2;	5199.998812;	90.13331274133334;	1.7333333333333334;	8359936.0;	67108.0;	0.0;	10.466666666666667;	4.4;	0.0
1377853096;	2;	5199.998812;	90.13331274133334;	1.7333333333333334;	8359936.0;	106254.13333333333;	0.0;	10.4;	4.533333333333333;	0.0
1377853396;	2;	5199.998812;	90.13331274133334;	1.7333333333333334;	8359936.0;	134216.0;	0.0;	11.333333333333334;	4.866666666666666;	0.0
1377853696;	2;	5199.998812;	86.66664686666665;	1.6666666666666665;	8359936.0;	178955.73333333334;	0.0;	10.866666666666667;	4.466666666666667;	0.0
1377853996;	2;	5199.998812;	84.93331392933334;	1.6333333333333335;	8359936.0;	83884.0;	0.0;	10.533333333333333;	4.466666666666667;	0.0
1377854297;	2;	5199.998812;	84.93331392933334;	1.6333333333333335;	8359936.0;	67107.2;	0.0;	10.333333333333334;	4.4;	0.0
1377854597;	2;	5199.998812;	83.19998099200001;	1.6;	8359936.0;	195732.0;	0.0;	10.6;	4.466666666666667;	0.0
1377854897;	2;	5199.998812;	86.66664686666665;	1.6666666666666665;	8359936.0;	111846.13333333333;	0.0;	10.6;	4.666666666666667;	0.06666666666666667
1377855197;	2;	5199.998812;	83.19998099200001;	1.6;	8359936.0;	72700.53333333334;	0.0;	10.6;	4.6;	0.0
1377855497;	2;	5199.998812;	107.46664211466664;	2.0666666666666664;	8359936.0;	184548.0;	0.0;	15.866666666666667;	4.666666666666667;	0.0
1377855797;	2;	5199.998812;	83.19998099200001;	1.6;	8359936.0;	173363.73333333334;	0.0;	10.466666666666667;	4.533333333333333;	0.0
1377856097;	2;	5199.998812;	84.93331392933334;	1.6333333333333335;	8359936.0;	100661.6;	0.0;	10.333333333333334;	4.533333333333333;	0.0
1377856397;	2;	5199.998812;	83.19998099200001;	1.6;	8359936.0;	67108.0;	0.0;	10.666666666666666;	4.6;	0.0
1377856697;	2;	5199.998812;	83.19998099200001;	1.6;	8359936.0;	44738.666666666664;	0.0;	10.6;	4.533333333333333;	0.0
1377856997;	2;	5199.998812;	84.93331392933334;	1.6333333333333335;	8359936.0;	167770.4;	0.0;	11.4;	4.533333333333333;	0.0
1377857297;	2;	5199.998812;	86.66664686666665;	1.6666666666666665;	8359936.0;	95069.06666666667;	0.0;	11.0;	4.466666666666667;	0.0
1377857597;	2;	5199.998812;	83.19998099200001;	1.6;	8359936.0;	67107.2;	0.0;	10.733333333333333;	4.533333333333333;	0.0
1377857897;	2;	5199.998812;	88.399979804;	1.7;	8359936.0;	150994.4;	0.0;	10.333333333333334;	4.466666666666667;	0.0
1377858197;	2;	5199.998812;	83.19998099200001;	1.6;	8359936.0;	11184.8;	0.0;	10.533333333333333;	4.533333333333333;	0.0
1377858497;	2;	5199.998812;	84.93331392933334;	1.6333333333333335;	8359936.0;	11184.533333333333;	0.0;	10.533333333333333;	4.533333333333333;	0.0
1377858797;	2;	5199.998812;	83.19998099200001;	1.6;	8359936.0;	145401.06666666668;	0.0;	10.533333333333333;	4.6;	0.0
1377859097;	2;	5199.998812;	103.99997624;	2.0;	8359936.0;	167770.93333333332;	0.0;	15.933333333333334;	4.533333333333333;	0.0
1377859397;	2;	5199.998812;	83.19998099200001;	1.6;	8359936.0;	150993.6;	0.0;	10.6;	4.6;	0.0
1377859697;	2;	5199.998812;	83.19998099200001;	1.6;	8359936.0;	89476.53333333334;	0.0;	10.466666666666667;	4.533333333333333;	0.0
1377859997;	2;	5199.998812;	77.99998218;	1.5;	8359936.0;	128624.26666666666;	0.0;	10.666666666666666;	4.533333333333333;	0.0
1377860297;	2;	5199.998812;	77.99998218;	1.5;	8359936.0;	123031.73333333334;	0.0;	10.333333333333334;	4.466666666666667;	0.0
1377860597;	2;	5199.998812;	77.99998218;	1.5;	8359936.0;	106254.4;	0.0;	11.333333333333334;	4.666666666666667;	0.0
1377860897;	2;	5199.998812;	83.19998099200001;	1.6;	8359936.0;	145401.86666666667;	0.0;	11.2;	4.533333333333333;	0.0
1377861197;	2;	5199.998812;	83.19998099200001;	1.6;	8359936.0;	44739.2;	0.0;	10.4;	4.533333333333333;	0.0
1377861497;	2;	5199.998812;	79.73331511733333;	1.5333333333333334;	8359936.0;	50330.4;	0.0;	10.333333333333334;	4.4;	0.0
1377861797;	2;	5199.998812;	79.73331511733333;	1.5333333333333334;	8359936.0;	117438.66666666667;	0.0;	10.266666666666667;	4.533333333333333;	0.0
1377862097;	2;	5199.998812;	83.19998099200001;	1.6;	8359936.0;	111848.0;	0.0;	10.266666666666667;	4.6;	0.0
1377862397;	2;	5199.998812;	77.99998218;	1.5;	8359936.0;	156585.86666666667;	0.0;	10.4;	4.6;	0.0
1377862698;	2;	5199.998812;	93.599978616;	1.8;	8359936.0;	274027.4666666667;	0.0;	16.0;	4.666666666666667;	0.0
1377862998;	2;	5199.998812;	77.99998218;	1.5;	8359936.0;	223694.93333333332;	0.0;	10.266666666666667;	4.4;	0.0
1377863298;	2;	5199.998812;	77.99998218;	1.5;	8359936.0;	134216.0;	0.0;	10.333333333333334;	4.466666666666667;	0.0
1377863598;	2;	5199.998812;	79.73331511733333;	1.5333333333333334;	8359936.0;	67107.46666666666;	0.0;	10.133333333333333;	4.6;	0.0
1377863898;	2;	5199.998812;	77.99998218;	1.5;	8359936.0;	123031.73333333334;	0.0;	10.333333333333334;	4.4;	0.0
1377864198;	2;	5199.998812;	79.73331511733333;	1.5333333333333334;	8359936.0;	178956.0;	0.0;	11.066666666666666;	4.466666666666667;	0.0
1377864498;	2;	5199.998812;	77.99998218;	1.5;	8359936.0;	212509.33333333334;	0.0;	10.733333333333333;	4.466666666666667;	0.0
1377864798;	2;	5199.998812;	77.99998218;	1.5;	8359936.0;	195732.26666666666;	0.0;	10.133333333333333;	4.466666666666667;	0.0
1377865098;	2;	5199.998812;	77.99998218;	1.5;	8359936.0;	134216.8;	0.0;	10.266666666666667;	4.4;	0.0
1377865398;	2;	5199.998812;	77.99998218;	1.5;	8359936.0;	22369.6;	0.0;	10.2;	4.466666666666667;	0.0
1377865698;	2;	5199.998812;	77.99998218;	1.5;	8359936.0;	117439.46666666666;	0.0;	10.333333333333334;	4.466666666666667;	0.0
1377865998;	2;	5199.998812;	77.99998218;	1.5;	8359936.0;	212510.13333333333;	0.0;	10.466666666666667;	4.466666666666667;	0.0
1377866298;	2;	5199.998812;	97.06664449066666;	1.8666666666666665;	8359936.0;	195733.06666666668;	0.0;	15.6;	4.6;	0.0
1377866598;	2;	5199.998812;	83.19998099200001;	1.6;	8359936.0;	100662.4;	0.0;	10.333333333333334;	4.4;	0.0
1377866898;	2;	5199.998812;	81.46664805466666;	1.5666666666666667;	8359936.0;	117439.2;	0.0;	10.066666666666666;	4.533333333333333;	0.0
1377867198;	2;	5199.998812;	81.46664805466666;	1.5666666666666667;	8359936.0;	83884.0;	0.0;	10.266666666666667;	4.4;	0.0
1377867498;	2;	5199.998812;	81.46664805466666;	1.5666666666666667;	8359936.0;	139809.33333333334;	0.0;	10.2;	4.6;	0.0
1377867798;	2;	5199.998812;	81.46664805466666;	1.5666666666666667;	8359936.0;	184548.26666666666;	0.0;	10.8;	4.8;	0.0
1377868098;	2;	5199.998812;	77.99998218;	1.5;	8359936.0;	212510.4;	0.0;	10.466666666666667;	4.466666666666667;	0.0
1377868398;	2;	5199.998812;	77.99998218;	1.5;	8359936.0;	190140.0;	0.0;	10.266666666666667;	4.6;	0.0
1377868698;	2;	5199.998812;	77.99998218;	1.5;	8359936.0;	134216.0;	0.0;	10.2;	4.533333333333333;	0.0
1377868998;	2;	5199.998812;	81.46664805466666;	1.5666666666666667;	8359936.0;	262841.6;	0.0;	10.2;	4.533333333333333;	0.0
1377869298;	2;	5199.998812;	83.19998099200001;	1.6;	8359936.0;	67107.2;	0.0;	10.133333333333333;	4.466666666666667;	0.0
1377869598;	2;	5199.998812;	83.19998099200001;	1.6;	8359936.0;	139809.6;	0.0;	10.333333333333334;	4.533333333333333;	0.0
1377869898;	2;	5199.998812;	97.06664449066666;	1.8666666666666665;	8359936.0;	184548.0;	0.0;	15.866666666666667;	4.466666666666667;	0.0
1377870198;	2;	5199.998812;	83.19998099200001;	1.6;	8359936.0;	123031.2;	0.0;	10.4;	4.466666666666667;	0.0
1377870498;	2;	5199.998812;	77.99998218;	1.5;	8359936.0;	44738.13333333333;	0.0;	10.133333333333333;	4.466666666666667;	0.0
1377870798;	2;	5199.998812;	79.73331511733333;	1.5333333333333334;	8359936.0;	61514.933333333334;	0.0;	10.0;	4.4;	0.0
1377871098;	2;	5199.998812;	84.93331392933334;	1.6333333333333335;	8359936.0;	123031.73333333334;	0.0;	10.266666666666667;	4.533333333333333;	0.0
1377871398;	2;	5199.998812;	79.73331511733333;	1.5333333333333334;	8359936.0;	128624.0;	0.0;	10.866666666666667;	4.533333333333333;	0.0
1377871698;	2;	5199.998812;	88.399979804;	1.7;	8359936.0;	150994.4;	0.0;	11.0;	4.4;	0.0
1377871998;	2;	5199.998812;	81.46664805466666;	1.5666666666666667;	8359936.0;	218102.4;	0.0;	10.2;	4.466666666666667;	0.0
1377872299;	2;	5199.998812;	79.73331511733333;	1.5333333333333334;	8359936.0;	67108.0;	0.0;	10.4;	4.466666666666667;	0.0
1377872599;	2;	5199.998812;	83.19998099200001;	1.6;	8359936.0;	83884.0;	0.0;	10.066666666666666;	4.4;	0.0
1377872899;	2;	5199.998812;	77.99998218;	1.5;	8359936.0;	123031.73333333334;	0.0;	10.333333333333334;	4.466666666666667;	0.0
1377873199;	2;	5199.998812;	83.19998099200001;	1.6;	8359936.0;	50330.4;	0.0;	10.333333333333334;	4.6;	0.0
1377873499;	2;	5199.998812;	100.53331036533332;	1.9333333333333333;	8359936.0;	268433.6;	0.0;	15.666666666666666;	4.533333333333333;	0.0
1377873799;	2;	5199.998812;	83.19998099200001;	1.6;	8359936.0;	156586.13333333333;	0.0;	10.133333333333333;	4.533333333333333;	0.0
1377874099;	2;	5199.998812;	83.19998099200001;	1.6;	8359936.0;	134216.8;	0.0;	10.133333333333333;	4.4;	0.0
1377874399;	2;	5199.998812;	83.19998099200001;	1.6;	8359936.0;	150994.4;	0.0;	10.133333333333333;	4.466666666666667;	0.0
1377874699;	2;	5199.998812;	79.73331511733333;	1.5333333333333334;	8359936.0;	106254.66666666667;	0.0;	10.133333333333333;	4.4;	0.0
1377874999;	2;	5199.998812;	81.46664805466666;	1.5666666666666667;	8359936.0;	100662.13333333333;	0.0;	11.0;	4.6;	0.0
1377875299;	2;	5199.998812;	81.46664805466666;	1.5666666666666667;	8359936.0;	218102.4;	0.0;	10.533333333333333;	4.466666666666667;	0.0
1377875599;	2;	5199.998812;	83.19998099200001;	1.6;	8359936.0;	139809.06666666668;	0.0;	10.133333333333333;	4.533333333333333;	0.0
1377875899;	2;	5199.998812;	77.99998218;	1.5;	8359936.0;	206917.6;	0.0;	10.0;	4.466666666666667;	0.0
1377876199;	2;	5199.998812;	77.99998218;	1.5;	8359936.0;	128624.0;	0.0;	10.333333333333334;	4.533333333333333;	0.0
1377876499;	2;	5199.998812;	79.73331511733333;	1.5333333333333334;	8359936.0;	100662.93333333333;	0.0;	10.066666666666666;	4.533333333333333;	0.0
1377876799;	2;	5199.998812;	81.46664805466666;	1.5666666666666667;	8359936.0;	139808.26666666666;	0.0;	10.4;	4.466666666666667;	0.0
1377877099;	2;	5199.998812;	105.73330917733333;	2.033333333333333;	8359936.0;	274026.93333333335;	0.0;	15.6;	4.6;	0.0
1377877399;	2;	5199.998812;	77.99998218;	1.5;	8359936.0;	268433.3333333333;	0.0;	10.333333333333334;	4.533333333333333;	0.0
1377877699;	2;	5199.998812;	77.99998218;	1.5;	8359936.0;	83884.0;	0.0;	10.266666666666667;	4.6;	0.0
1377877999;	2;	5199.998812;	83.19998099200001;	1.6;	8359936.0;	178955.2;	0.0;	10.4;	4.533333333333333;	0.0
1377878299;	2;	5199.998812;	81.46664805466666;	1.5666666666666667;	8359936.0;	134216.8;	0.0;	10.2;	4.4;	0.0
1377878599;	2;	5199.998812;	88.399979804;	1.7;	8359936.0;	145401.86666666667;	0.0;	10.933333333333334;	4.666666666666667;	0.0
1377878899;	2;	5199.998812;	88.399979804;	1.7;	8359936.0;	195733.6;	0.0;	10.933333333333334;	4.466666666666667;	0.0
1377879199;	2;	5199.998812;	83.19998099200001;	1.6;	8359936.0;	178956.26666666666;	0.0;	10.2;	4.4;	0.0
1377879499;	2;	5199.998812;	83.19998099200001;	1.6;	8359936.0;	89476.53333333334;	0.0;	10.266666666666667;	4.533333333333333;	0.0
1377879799;	2;	5199.998812;	83.19998099200001;	1.6;	8359936.0;	95069.86666666667;	0.0;	10.266666666666667;	4.466666666666667;	0.0
1377880100;	2;	5199.998812;	79.73331511733333;	1.5333333333333334;	8359936.0;	83884.26666666666;	0.0;	10.2;	4.466666666666667;	0.0
1377880400;	2;	5199.998812;	81.46664805466666;	1.5666666666666667;	8359936.0;	134216.8;	0.0;	10.066666666666666;	4.466666666666667;	0.0
1377880700;	2;	5199.998812;	105.73330917733333;	2.033333333333333;	8359936.0;	240472.26666666666;	0.0;	15.733333333333333;	4.533333333333333;	0.0
1377881000;	2;	5199.998812;	84.93331392933334;	1.6333333333333335;	8359936.0;	139808.0;	0.0;	10.133333333333333;	4.4;	0.0
1377881300;	2;	5199.998812;	83.19998099200001;	1.6;	8359936.0;	123031.73333333334;	0.0;	10.333333333333334;	4.466666666666667;	0.0
1377881600;	2;	5199.998812;	83.19998099200001;	1.6;	8359936.0;	139808.8;	0.0;	10.2;	4.466666666666667;	0.0
1377881900;	2;	5199.998812;	83.19998099200001;	1.6;	8359936.0;	123031.73333333334;	0.0;	10.2;	4.466666666666667;	0.0
1377882200;	2;	5199.998812;	88.399979804;	1.7;	8359936.0;	167771.2;	0.0;	11.066666666666666;	4.6;	0.0
1377882500;	2;	5199.998812;	77.99998218;	1.5;	8359936.0;	150993.6;	0.0;	11.0;	4.4;	0.0
1377882800;	2;	5199.998812;	79.73331511733333;	1.5333333333333334;	8359936.0;	67107.2;	0.0;	10.2;	4.533333333333333;	0.0
1377883100;	2;	5199.998812;	81.46664805466666;	1.5666666666666667;	8359936.0;	61514.933333333334;	0.0;	10.133333333333333;	4.466666666666667;	0.0
1377883399;	2;	5199.998812;	77.99998218;	1.5;	8359936.0;	117438.4;	0.0;	10.4;	4.6;	0.0
1377883699;	2;	5199.998812;	79.73331511733333;	1.5333333333333334;	8359936.0;	134216.0;	0.0;	10.133333333333333;	4.333333333333333;	0.0
1377883999;	2;	5199.998812;	79.73331511733333;	1.5333333333333334;	8359936.0;	95070.66666666667;	0.0;	10.266666666666667;	4.466666666666667;	0.0
1377884299;	2;	5199.998812;	98.79997742799998;	1.9;	8359936.0;	173364.26666666666;	0.0;	15.533333333333333;	4.533333333333333;	0.06666666666666667
1377884599;	2;	5199.998812;	81.46664805466666;	1.5666666666666667;	8359936.0;	50331.2;	0.0;	10.333333333333334;	4.533333333333333;	0.0
1377884899;	2;	5199.998812;	77.99998218;	1.5;	8359936.0;	139808.53333333333;	0.0;	10.4;	4.6;	0.0
1377885199;	2;	5199.998812;	77.99998218;	1.5;	8359936.0;	178955.2;	0.0;	10.133333333333333;	4.6;	0.0
1377885499;	2;	5199.998812;	77.99998218;	1.5;	8359936.0;	95069.86666666667;	0.0;	10.4;	4.466666666666667;	0.0
1377885799;	2;	5199.998812;	79.73331511733333;	1.5333333333333334;	8359936.0;	106254.93333333333;	0.0;	10.733333333333333;	4.533333333333333;	0.0
1377886099;	2;	5199.998812;	77.99998218;	1.5;	8359936.0;	134216.8;	0.0;	10.6;	4.466666666666667;	0.0
1377886400;	2;	5199.998812;	79.73331511733333;	1.5333333333333334;	8359936.0;	55922.666666666664;	0.0;	10.266666666666667;	4.4;	0.0
1377886700;	2;	5199.998812;	81.46664805466666;	1.5666666666666667;	8359936.0;	100661.6;	0.0;	10.0;	4.4;	0.0
1377887000;	2;	5199.998812;	83.19998099200001;	1.6;	8359936.0;	123031.2;	0.0;	10.133333333333333;	4.6;	0.0
1377887300;	2;	5199.998812;	83.19998099200001;	1.6;	8359936.0;	139809.06666666668;	0.0;	10.2;	4.466666666666667;	0.0
1377887600;	2;	5199.998812;	81.46664805466666;	1.5666666666666667;	8359936.0;	167771.2;	0.0;	10.266666666666667;	4.466666666666667;	0.0
1377887900;	2;	5199.998812;	103.99997624;	2.0;	8359936.0;	246064.53333333333;	0.0;	15.866666666666667;	4.466666666666667;	0.06666666666666667
1377888200;	2;	5199.998812;	77.99998218;	1.5;	8359936.0;	83884.26666666666;	0.0;	10.2;	4.4;	0.0
1377888500;	2;	5199.998812;	77.99998218;	1.5;	8359936.0;	100662.4;	0.0;	10.2;	4.533333333333333;	0.0
1377888800;	2;	5199.998812;	77.99998218;	1.5;	8359936.0;	173363.46666666667;	0.0;	10.133333333333333;	4.466666666666667;	0.0
1377889100;	2;	5199.998812;	77.99998218;	1.5;	8359936.0;	145401.33333333334;	0.0;	10.266666666666667;	4.466666666666667;	0.0
1377889400;	2;	5199.998812;	81.46664805466666;	1.5666666666666667;	8359936.0;	257249.6;	0.0;	10.933333333333334;	4.466666666666667;	0.0
1377889700;	2;	5199.998812;	81.46664805466666;	1.5666666666666667;	8359936.0;	111846.4;	0.0;	10.4;	4.466666666666667;	0.0
1377890000;	2;	5199.998812;	77.99998218;	1.5;	8359936.0;	72699.46666666666;	0.0;	10.2;	4.4;	0.0
1377890300;	2;	5199.998812;	83.19998099200001;	1.6;	8359936.0;	139808.0;	0.0;	10.266666666666667;	4.466666666666667;	0.0
1377890600;	2;	5199.998812;	77.99998218;	1.5;	8359936.0;	162178.93333333332;	0.0;	10.066666666666666;	4.4;	0.0
1377890900;	2;	5199.998812;	83.19998099200001;	1.6;	8359936.0;	89477.06666666667;	0.0;	10.266666666666667;	4.466666666666667;	0.0
1377891200;	2;	5199.998812;	77.99998218;	1.5;	8359936.0;	83884.0;	0.0;	10.333333333333334;	4.4;	0.0
1377891500;	2;	5199.998812;	93.599978616;	1.8;	8359936.0;	195732.8;	0.0;	15.8;	4.533333333333333;	0.0
1377891800;	2;	5199.998812;	77.99998218;	1.5;	8359936.0;	212509.86666666667;	0.0;	10.133333333333333;	4.4;	0.0
1377892100;	2;	5199.998812;	77.99998218;	1.5;	8359936.0;	195732.26666666666;	0.0;	10.2;	4.333333333333333;	0.0
1377892400;	2;	5199.998812;	77.99998218;	1.5;	8359936.0;	218102.4;	0.0;	10.2;	4.333333333333333;	0.0
1377892700;	2;	5199.998812;	77.99998218;	1.5;	8359936.0;	134216.8;	0.0;	10.266666666666667;	4.533333333333333;	0.0
1377893000;	2;	5199.998812;	97.06664449066666;	1.8666666666666665;	8359936.0;	117439.2;	0.0;	15.866666666666667;	4.466666666666667;	0.13333333333333333
1377893300;	2;	5199.998812;	81.46664805466666;	1.5666666666666667;	8359936.0;	268434.6666666667;	0.0;	10.933333333333334;	4.466666666666667;	0.0
1377893600;	2;	5199.998812;	77.99998218;	1.5;	8359936.0;	184548.8;	0.0;	10.266666666666667;	4.266666666666667;	0.0
1377893900;	2;	5199.998812;	77.99998218;	1.5;	8359936.0;	117439.2;	0.0;	10.133333333333333;	4.466666666666667;	0.0
1377894200;	2;	5199.998812;	83.19998099200001;	1.6;	8359936.0;	167771.2;	0.0;	10.4;	4.4;	0.0
1377894500;	2;	5199.998812;	77.99998218;	1.5;	8359936.0;	100661.6;	0.0;	10.266666666666667;	4.333333333333333;	0.0
1377894800;	2;	5199.998812;	77.99998218;	1.5;	8359936.0;	139808.26666666666;	0.0;	10.266666666666667;	4.6;	0.0
1377895100;	2;	5199.998812;	95.33331155333333;	1.8333333333333335;	8359936.0;	173363.2;	0.0;	16.066666666666666;	4.6;	0.0
1377895400;	2;	5199.998812;	79.73331511733333;	1.5333333333333334;	8359936.0;	156585.86666666667;	0.0;	10.333333333333334;	4.466666666666667;	0.0
1377895700;	2;	5199.998812;	83.19998099200001;	1.6;	8359936.0;	89477.6;	0.0;	10.0;	4.533333333333333;	0.0
1377896000;	2;	5199.998812;	77.99998218;	1.5;	8359936.0;	156586.13333333333;	0.0;	10.266666666666667;	4.6;	0.0
1377896300;	2;	5199.998812;	77.99998218;	1.5;	8359936.0;	50330.4;	0.0;	10.333333333333334;	4.533333333333333;	0.0
1377896600;	2;	5199.998812;	77.99998218;	1.5;	8359936.0;	39145.86666666667;	0.0;	10.933333333333334;	4.533333333333333;	0.0
1377896901;	2;	5199.998812;	77.99998218;	1.5;	8359936.0;	72700.26666666666;	0.0;	10.6;	4.466666666666667;	0.0
1377897201;	2;	5199.998812;	77.99998218;	1.5;	8359936.0;	100661.6;	0.0;	10.2;	4.533333333333333;	0.0
1377897501;	2;	5199.998812;	77.99998218;	1.5;	8359936.0;	156586.13333333333;	0.0;	10.133333333333333;	4.466666666666667;	0.0
1377897801;	2;	5199.998812;	77.99998218;	1.5;	8359936.0;	173363.46666666667;	0.0;	10.333333333333334;	4.533333333333333;	0.0
1377898101;	2;	5199.998812;	83.19998099200001;	1.6;	8359936.0;	195733.33333333334;	0.0;	10.133333333333333;	4.4;	0.0
1377898401;	2;	5199.998812;	77.99998218;	1.5;	8359936.0;	100661.33333333333;	0.0;	10.266666666666667;	4.533333333333333;	0.0
1377898701;	2;	5199.998812;	98.79997742799998;	1.9;	8359936.0;	150994.4;	0.0;	15.533333333333333;	4.666666666666667;	0.0
1377899001;	2;	5199.998812;	83.19998099200001;	1.6;	8359936.0;	95069.06666666667;	0.0;	10.2;	4.6;	0.0
1377899301;	2;	5199.998812;	77.99998218;	1.5;	8359936.0;	67107.2;	0.0;	10.333333333333334;	4.6;	0.0
1377899601;	2;	5199.998812;	77.99998218;	1.5;	8359936.0;	83884.0;	0.0;	11.066666666666666;	4.6;	0.0
1377899901;	2;	5199.999252;	133.2499808325;	2.5625;	8359936.0;	0.0;	0.0;	10.285714285714286;	4.428571428571429;	0.0
1377900201;	2;	5199.999252;	112.66665045999999;	2.1666666666666665;	8359936.0;	111847.73333333334;	0.0;	11.066666666666666;	4.6;	0.0
1377900501;	2;	5199.999252;	109.199984292;	2.1;	8359936.0;	173364.0;	0.0;	10.6;	4.533333333333333;	0.0
1377900801;	2;	5199.999252;	98.799985788;	1.9;	8359936.0;	89476.8;	0.0;	10.266666666666667;	4.6;	0.0
1377901101;	2;	5199.999252;	107.46665120799999;	2.0666666666666664;	8359936.0;	95069.86666666667;	0.0;	10.133333333333333;	4.533333333333333;	0.0
1377901401;	2;	5199.999252;	95.33331962;	1.8333333333333335;	8359936.0;	123030.93333333333;	0.0;	10.0;	4.533333333333333;	0.0
1377901701;	2;	5199.999252;	97.06665270399999;	1.8666666666666665;	8359936.0;	167771.2;	0.0;	10.333333333333334;	4.6;	0.0
1377902001;	2;	5199.999252;	98.799985788;	1.9;	8359936.0;	78293.33333333333;	0.0;	10.4;	4.533333333333333;	0.0
1377902301;	2;	5199.999252;	157.73331064399997;	3.033333333333333;	8359936.0;	419428.5333333333;	0.0;	35.733333333333334;	5.066666666666666;	1.4
1377902601;	2;	5199.999252;	93.599986536;	1.8;	8359936.0;	346728.26666666666;	0.0;	11.266666666666667;	4.666666666666667;	0.0
1377902901;	2;	5199.999252;	91.866653452;	1.7666666666666666;	8359936.0;	134216.8;	0.0;	10.333333333333334;	4.466666666666667;	0.0
1377903201;	2;	5199.999252;	100.533318872;	1.9333333333333333;	8359936.0;	111846.66666666667;	0.0;	10.2;	4.533333333333333;	0.0
1377903502;	2;	5199.999252;	88.399987284;	1.7;	8359936.0;	67108.0;	0.0;	10.333333333333334;	4.533333333333333;	0.0
1377903802;	2;	5199.999252;	90.133320368;	1.7333333333333334;	8359936.0;	123031.73333333334;	0.0;	11.0;	4.6;	0.0
1377904102;	2;	5199.999252;	91.866653452;	1.7666666666666666;	8359936.0;	234880.0;	0.0;	10.933333333333334;	4.533333333333333;	0.0
1377904402;	2;	5199.999252;	93.599986536;	1.8;	8359936.0;	95069.06666666667;	0.0;	10.0;	4.466666666666667;	0.0
1377904702;	2;	5199.999252;	98.799985788;	1.9;	8359936.0;	106254.13333333333;	0.0;	10.23076923076923;	4.466666666666667;	0.0
1377905002;	2;	5199.999252;	84.933321116;	1.6333333333333335;	8359936.0;	78292.53333333334;	0.0;	10.2;	4.466666666666667;	0.0
1377905302;	2;	5199.999252;	88.399987284;	1.7;	8359936.0;	150993.6;	0.0;	10.2;	4.533333333333333;	0.0
1377905602;	2;	5199.999252;	95.33331962;	1.8333333333333335;	8359936.0;	100661.6;	0.0;	10.133333333333333;	4.333333333333333;	0.0
1377905902;	2;	5199.999252;	109.199984292;	2.1;	8359936.0;	229287.2;	0.0;	15.866666666666667;	4.666666666666667;	0.0
1377906202;	2;	5199.999252;	90.133320368;	1.7333333333333334;	8359936.0;	67107.2;	0.0;	10.333333333333334;	4.466666666666667;	0.0
1377906502;	2;	5199.999252;	86.6666542;	1.6666666666666665;	8359936.0;	89477.06666666667;	0.0;	10.133333333333333;	4.6;	0.0
1377906802;	2;	5199.999252;	83.19998803200001;	1.6;	8359936.0;	78291.73333333334;	0.0;	10.2;	4.533333333333333;	0.0
1377907102;	2;	5199.999252;	86.6666542;	1.6666666666666665;	8359936.0;	167771.2;	0.0;	10.133333333333333;	4.533333333333333;	0.0
1377907402;	2;	5199.999252;	88.399987284;	1.7;	8359936.0;	150994.4;	0.0;	10.8;	4.6;	0.0
1377907702;	2;	5199.999252;	91.866653452;	1.7666666666666666;	8359936.0;	50330.4;	0.0;	10.733333333333333;	4.4;	0.0
1377908002;	2;	5199.999252;	103.99998504;	2.0;	8359936.0;	184548.0;	0.0;	18.266666666666666;	4.6;	0.6666666666666666
1377908302;	2;	5199.999252;	97.06665270399999;	1.8666666666666665;	8359936.0;	100661.6;	0.0;	10.133333333333333;	4.266666666666667;	0.0
1377908602;	2;	5199.999252;	93.599986536;	1.8;	8359936.0;	156585.6;	0.0;	10.2;	4.533333333333333;	0.0
1377908902;	2;	5199.999252;	90.133320368;	1.7333333333333334;	8359936.0;	201325.6;	0.0;	10.133333333333333;	4.533333333333333;	0.0
1377909202;	2;	5199.999252;	86.6666542;	1.6666666666666665;	8359936.0;	190140.53333333333;	0.0;	10.266666666666667;	4.466666666666667;	0.0
1377909502;	2;	5199.999252;	110.93331737599999;	2.1333333333333333;	8359936.0;	234880.0;	0.0;	15.866666666666667;	4.533333333333333;	0.0
1377909802;	2;	5199.999252;	91.866653452;	1.7666666666666666;	8359936.0;	167770.4;	0.0;	10.0;	4.333333333333333;	0.0
1377910102;	2;	5199.999252;	90.133320368;	1.7333333333333334;	8359936.0;	78293.06666666667;	0.0;	10.066666666666666;	4.466666666666667;	0.0
1377910402;	2;	5199.999252;	90.133320368;	1.7333333333333334;	8359936.0;	72700.53333333334;	0.0;	10.266666666666667;	4.4;	0.0
1377910702;	2;	5199.999252;	86.6666542;	1.6666666666666665;	8359936.0;	83884.0;	0.0;	10.133333333333333;	4.533333333333333;	0.0
1377911002;	2;	5199.999252;	90.133320368;	1.7333333333333334;	8359936.0;	100661.6;	0.0;	10.933333333333334;	4.6;	0.0
1377911302;	2;	5199.999252;	88.399987284;	1.7;	8359936.0;	123032.0;	0.0;	10.533333333333333;	4.666666666666667;	0.0
1377911602;	2;	5199.999252;	84.933321116;	1.6333333333333335;	8359936.0;	95069.86666666667;	0.0;	10.2;	4.533333333333333;	0.0
1377911902;	2;	5199.999252;	95.33331962;	1.8333333333333335;	8359936.0;	117439.2;	0.0;	10.133333333333333;	4.533333333333333;	0.0
1377912202;	2;	5199.999252;	90.133320368;	1.7333333333333334;	8359936.0;	83884.0;	0.0;	10.2;	4.533333333333333;	0.0
1377912502;	2;	5199.999252;	88.399987284;	1.7;	8359936.0;	139808.0;	0.0;	10.2;	4.466666666666667;	0.0
1377912802;	2;	5199.999252;	88.399987284;	1.7;	8359936.0;	123031.46666666666;	0.0;	10.133333333333333;	4.533333333333333;	0.0
1377913102;	2;	5199.999252;	114.39998354400001;	2.2;	8359936.0;	162178.66666666666;	0.0;	15.533333333333333;	4.533333333333333;	0.0
1377913402;	2;	5199.999252;	90.133320368;	1.7333333333333334;	8359936.0;	150994.4;	0.0;	10.133333333333333;	4.533333333333333;	0.0
1377913702;	2;	5199.999252;	95.33331962;	1.8333333333333335;	8359936.0;	123031.73333333334;	0.0;	10.266666666666667;	4.533333333333333;	0.0
1377914003;	2;	5199.999252;	90.133320368;	1.7333333333333334;	8359936.0;	123031.2;	0.0;	10.266666666666667;	4.466666666666667;	0.0
1377914303;	2;	5199.999252;	88.399987284;	1.7;	8359936.0;	67108.26666666666;	0.0;	10.133333333333333;	4.4;	0.0
1377914603;	2;	5199.999252;	251.33329717999996;	4.833333333333333;	8359936.0;	100662.4;	0.0;	13.066666666666666;	6.0;	0.8666666666666667
1377914903;	2;	5199.999252;	91.866653452;	1.7666666666666666;	8359936.0;	83884.0;	0.0;	12.066666666666666;	4.466666666666667;	0.0
1377915203;	2;	5199.999252;	84.933321116;	1.6333333333333335;	8359936.0;	134216.8;	0.0;	10.133333333333333;	4.466666666666667;	0.0
1377915503;	2;	5199.999252;	86.6666542;	1.6666666666666665;	8359936.0;	50330.4;	0.0;	10.266666666666667;	4.466666666666667;	0.0
1377915803;	2;	5199.999252;	88.399987284;	1.7;	8359936.0;	139808.8;	0.0;	10.333333333333334;	4.4;	0.0
1377916102;	2;	5199.999252;	121.33331587999999;	2.3333333333333335;	8359936.0;	313173.06666666665;	0.0;	24.2;	11.4;	0.2
1377916402;	2;	5199.999252;	86.6666542;	1.6666666666666665;	8359936.0;	201325.86666666667;	0.0;	10.266666666666667;	4.533333333333333;	0.0
1377916702;	2;	5199.999252;	110.93331737599999;	2.1333333333333333;	8359936.0;	106254.93333333333;	0.0;	15.8;	4.4;	0.0
1377917002;	2;	5199.999252;	90.133320368;	1.7333333333333334;	8359936.0;	128624.26666666666;	0.0;	10.2;	4.466666666666667;	0.0
1377917302;	2;	5199.999252;	91.866653452;	1.7666666666666666;	8359936.0;	150993.33333333334;	0.0;	10.333333333333334;	4.533333333333333;	0.0
1377917602;	2;	5199.999252;	86.6666542;	1.6666666666666665;	8359936.0;	55922.666666666664;	0.0;	10.066666666666666;	4.6;	0.0
1377917902;	2;	5199.999252;	86.6666542;	1.6666666666666665;	8359936.0;	229287.73333333334;	0.0;	10.066666666666666;	4.466666666666667;	0.0
1377918202;	2;	5199.999252;	100.533318872;	1.9333333333333333;	8359936.0;	167772.0;	0.0;	11.266666666666667;	4.6;	0.0
1377918502;	2;	5199.999252;	100.533318872;	1.9333333333333333;	8359936.0;	128624.26666666666;	0.0;	10.133333333333333;	4.4;	0.0
1377918802;	2;	5199.999252;	91.866653452;	1.7666666666666666;	8359936.0;	83884.8;	0.0;	10.466666666666667;	4.533333333333333;	0.0
1377919102;	2;	5199.999252;	86.6666542;	1.6666666666666665;	8359936.0;	33553.6;	0.0;	10.266666666666667;	4.4;	0.0
1377919402;	2;	5199.999252;	88.399987284;	1.7;	8359936.0;	100662.4;	0.0;	10.133333333333333;	4.466666666666667;	0.0
1377919702;	2;	5199.999252;	86.6666542;	1.6666666666666665;	8359936.0;	117439.2;	0.0;	10.266666666666667;	4.466666666666667;	0.0
1377920002;	2;	5199.999252;	93.599986536;	1.8;	8359936.0;	167771.2;	0.0;	10.266666666666667;	4.466666666666667;	0.0
1377920302;	2;	5199.999252;	109.199984292;	2.1;	8359936.0;	150994.13333333333;	0.0;	15.8;	4.6;	0.0
1377920602;	2;	5199.999252;	90.133320368;	1.7333333333333334;	8359936.0;	178955.46666666667;	0.0;	10.266666666666667;	4.333333333333333;	0.0
1377920903;	2;	5199.999252;	90.133320368;	1.7333333333333334;	8359936.0;	117439.2;	0.0;	10.133333333333333;	4.4;	0.0
1377921203;	2;	5199.999252;	86.6666542;	1.6666666666666665;	8359936.0;	111846.93333333333;	0.0;	10.266666666666667;	4.4;	0.0
1377921503;	2;	5199.999252;	95.33331962;	1.8333333333333335;	8359936.0;	162179.46666666667;	0.0;	10.333333333333334;	4.6;	0.0
1377921803;	2;	5199.999252;	98.799985788;	1.9;	8359936.0;	117439.2;	0.0;	10.866666666666667;	4.533333333333333;	0.0
1377922103;	2;	5199.999252;	98.799985788;	1.9;	8359936.0;	134216.8;	0.0;	10.533333333333333;	4.533333333333333;	0.0
1377922403;	2;	5199.999252;	98.799985788;	1.9;	8359936.0;	89477.33333333333;	0.0;	10.2;	4.6;	0.0
1377922703;	2;	5199.999252;	97.06665270399999;	1.8666666666666665;	8359936.0;	100661.6;	0.0;	10.133333333333333;	4.6;	0.0
1377923003;	2;	5199.999252;	95.33331962;	1.8333333333333335;	8359936.0;	83885.06666666667;	0.0;	10.2;	4.466666666666667;	0.0
1377923303;	2;	5199.999252;	88.399987284;	1.7;	8359936.0;	83884.8;	0.0;	10.333333333333334;	4.466666666666667;	0.0
1377923603;	2;	5199.999252;	97.06665270399999;	1.8666666666666665;	8359936.0;	61514.933333333334;	0.0;	10.266666666666667;	4.466666666666667;	0.0
1377923903;	2;	5199.999252;	109.199984292;	2.1;	8359936.0;	184548.0;	0.0;	15.6;	4.666666666666667;	0.0
1377924203;	2;	5199.999252;	102.26665195599999;	1.9666666666666666;	8359936.0;	111846.66666666667;	0.0;	10.266666666666667;	4.4;	0.0
1377924503;	2;	5199.999252;	90.133320368;	1.7333333333333334;	8359936.0;	150993.6;	0.0;	10.066666666666666;	4.466666666666667;	0.0
1377924803;	2;	5199.999252;	84.933321116;	1.6333333333333335;	8359936.0;	106254.13333333333;	0.0;	10.133333333333333;	4.533333333333333;	0.0
1377925103;	2;	5199.999252;	86.6666542;	1.6666666666666665;	8359936.0;	150994.4;	0.0;	10.066666666666666;	4.533333333333333;	0.0
1377925403;	2;	5199.999252;	93.599986536;	1.8;	8359936.0;	134216.8;	0.0;	10.866666666666667;	4.466666666666667;	0.0
1377925703;	2;	5199.999252;	93.599986536;	1.8;	8359936.0;	89476.53333333334;	0.0;	11.066666666666666;	4.533333333333333;	0.0
1377926003;	2;	5199.999252;	100.533318872;	1.9333333333333333;	8359936.0;	117439.2;	0.0;	10.266666666666667;	4.533333333333333;	0.0
1377926303;	2;	5199.999252;	91.866653452;	1.7666666666666666;	8359936.0;	117439.2;	0.0;	10.066666666666666;	4.466666666666667;	0.0
1377926603;	2;	5199.999252;	91.866653452;	1.7666666666666666;	8359936.0;	100661.6;	0.0;	10.266666666666667;	4.466666666666667;	0.0
1377926903;	2;	5199.999252;	93.599986536;	1.8;	8359936.0;	150993.6;	0.0;	10.2;	4.4;	0.0
1377927203;	2;	5199.999252;	90.133320368;	1.7333333333333334;	8359936.0;	16776.8;	0.0;	10.2;	4.466666666666667;	0.0
1377927503;	2;	5199.999252;	110.93331737599999;	2.1333333333333333;	8359936.0;	156586.93333333332;	0.0;	15.666666666666666;	4.466666666666667;	0.0
1377927803;	2;	5199.999252;	83.19998803200001;	1.6;	8359936.0;	229287.73333333334;	0.0;	10.333333333333334;	4.4;	0.0
1377928103;	2;	5199.999252;	88.399987284;	1.7;	8359936.0;	178956.26666666666;	0.0;	10.333333333333334;	4.466666666666667;	0.0
1377928403;	2;	5199.999252;	84.933321116;	1.6333333333333335;	8359936.0;	89477.33333333333;	0.0;	10.533333333333333;	4.466666666666667;	0.0
1377928703;	2;	5199.999252;	93.599986536;	1.8;	8359936.0;	83884.0;	0.0;	10.2;	4.466666666666667;	0.0
1377929003;	2;	5199.999252;	97.06665270399999;	1.8666666666666665;	8359936.0;	78293.06666666667;	0.0;	11.133333333333333;	4.466666666666667;	0.0
1377929303;	2;	5199.999252;	91.866653452;	1.7666666666666666;	8359936.0;	78292.8;	0.0;	10.466666666666667;	4.466666666666667;	0.0
1377929604;	2;	5199.999252;	83.19998803200001;	1.6;	8359936.0;	106254.66666666667;	0.0;	10.2;	4.466666666666667;	0.0
1377929904;	2;	5199.999252;	83.19998803200001;	1.6;	8359936.0;	50330.4;	0.0;	10.333333333333334;	4.466666666666667;	0.0
1377930204;	2;	5199.999252;	83.19998803200001;	1.6;	8359936.0;	123032.26666666666;	0.0;	10.4;	4.466666666666667;	0.0
1377930504;	2;	5199.999252;	90.133320368;	1.7333333333333334;	8359936.0;	178955.73333333334;	0.0;	10.333333333333334;	4.466666666666667;	0.0
1377930804;	2;	5199.999252;	91.866653452;	1.7666666666666666;	8359936.0;	167770.93333333332;	0.0;	10.266666666666667;	4.466666666666667;	0.0
1377931104;	2;	5199.999252;	110.93331737599999;	2.1333333333333333;	8359936.0;	206918.13333333333;	0.0;	15.6;	4.4;	0.0
1377931404;	2;	5199.999252;	90.133320368;	1.7333333333333334;	8359936.0;	251657.6;	0.0;	10.4;	4.666666666666667;	0.0
1377931704;	2;	5199.999252;	86.6666542;	1.6666666666666665;	8359936.0;	150994.4;	0.0;	10.2;	4.4;	0.0
1377932004;	2;	5199.999252;	90.133320368;	1.7333333333333334;	8359936.0;	134216.8;	0.0;	10.333333333333334;	4.4;	0.0
1377932304;	2;	5199.999252;	86.6666542;	1.6666666666666665;	8359936.0;	61516.0;	0.0;	10.066666666666666;	4.466666666666667;	0.0
1377932604;	2;	5199.999252;	86.6666542;	1.6666666666666665;	8359936.0;	123032.0;	0.0;	10.733333333333333;	4.466666666666667;	0.0
1377932904;	2;	5199.999252;	86.6666542;	1.6666666666666665;	8359936.0;	178955.46666666667;	0.0;	10.933333333333334;	4.6;	0.0
1377933204;	2;	5199.999252;	83.19998803200001;	1.6;	8359936.0;	178955.46666666667;	0.0;	10.266666666666667;	4.466666666666667;	0.0
1377933504;	2;	5199.999252;	84.933321116;	1.6333333333333335;	8359936.0;	128623.73333333334;	0.0;	10.066666666666666;	4.533333333333333;	0.0
1377933804;	2;	5199.999252;	83.19998803200001;	1.6;	8359936.0;	162178.4;	0.0;	10.333333333333334;	4.4;	0.0
1377934104;	2;	5199.999252;	86.6666542;	1.6666666666666665;	8359936.0;	78292.8;	0.0;	10.133333333333333;	4.466666666666667;	0.0
1377934404;	2;	5199.999252;	84.933321116;	1.6333333333333335;	8359936.0;	117438.66666666667;	0.0;	10.2;	4.333333333333333;	0.0
1377934704;	2;	5199.999252;	103.99998504;	2.0;	8359936.0;	128623.46666666666;	0.0;	15.733333333333333;	4.533333333333333;	0.0
1377935004;	2;	5199.999252;	86.6666542;	1.6666666666666665;	8359936.0;	100661.6;	0.0;	10.266666666666667;	4.333333333333333;	0.0
1377935304;	2;	5199.999252;	83.19998803200001;	1.6;	8359936.0;	83884.0;	0.0;	9.866666666666667;	4.466666666666667;	0.0
1377935604;	2;	5199.999252;	93.599986536;	1.8;	8359936.0;	111846.93333333333;	0.0;	10.466666666666667;	4.4;	0.0
1377935904;	2;	5199.999252;	84.933321116;	1.6333333333333335;	8359936.0;	95069.6;	0.0;	10.066666666666666;	4.533333333333333;	0.0
1377936204;	2;	5199.999252;	93.599986536;	1.8;	8359936.0;	139808.53333333333;	0.0;	11.0;	4.533333333333333;	0.0
1377936504;	2;	5199.999252;	91.866653452;	1.7666666666666666;	8359936.0;	262841.86666666664;	0.0;	11.133333333333333;	4.533333333333333;	0.0
1377936804;	2;	5199.999252;	90.133320368;	1.7333333333333334;	8359936.0;	111846.13333333333;	0.0;	10.2;	4.466666666666667;	0.0
1377937104;	2;	5199.999252;	90.133320368;	1.7333333333333334;	8359936.0;	100662.66666666667;	0.0;	10.2;	4.4;	0.0
1377937404;	2;	5199.999252;	88.399987284;	1.7;	8359936.0;	134216.0;	0.0;	10.2;	4.4;	0.0
1377937704;	2;	5199.999252;	84.933321116;	1.6333333333333335;	8359936.0;	111846.66666666667;	0.0;	10.2;	4.333333333333333;	0.0
1377938004;	2;	5199.999252;	84.933321116;	1.6333333333333335;	8359936.0;	78292.53333333334;	0.0;	10.4;	4.4;	0.0
1377938304;	2;	5199.999252;	107.46665120799999;	2.0666666666666664;	8359936.0;	206917.6;	0.0;	15.8;	4.466666666666667;	0.0
1377938604;	2;	5199.999252;	91.866653452;	1.7666666666666666;	8359936.0;	206918.13333333333;	0.0;	10.4;	4.333333333333333;	0.0
1377938905;	2;	5199.999252;	88.399987284;	1.7;	8359936.0;	95069.6;	0.0;	10.4;	4.4;	0.0
1377939205;	2;	5199.999252;	86.6666542;	1.6666666666666665;	8359936.0;	22369.6;	0.0;	10.4;	4.4;	0.0
1377939505;	2;	5199.999252;	84.933321116;	1.6333333333333335;	8359936.0;	95069.33333333333;	0.0;	10.333333333333334;	4.4;	0.0
1377939805;	2;	5199.999252;	90.133320368;	1.7333333333333334;	8359936.0;	111846.4;	0.0;	11.0;	4.466666666666667;	0.0
1377940105;	2;	5199.999252;	90.133320368;	1.7333333333333334;	8359936.0;	156585.86666666667;	0.0;	10.466666666666667;	4.466666666666667;	0.0
1377940405;	2;	5199.999252;	88.399987284;	1.7;	8359936.0;	83884.0;	0.0;	10.2;	4.4;	0.0
1377940705;	2;	5199.999252;	90.133320368;	1.7333333333333334;	8359936.0;	106254.13333333333;	0.0;	10.2;	4.4;	0.0
1377941005;	2;	5199.999252;	86.6666542;	1.6666666666666665;	8359936.0;	184548.0;	0.0;	10.2;	4.533333333333333;	0.0
1377941305;	2;	5199.999252;	83.19998803200001;	1.6;	8359936.0;	162178.66666666666;	0.0;	10.4;	4.466666666666667;	0.0
1377941605;	2;	5199.999252;	84.933321116;	1.6333333333333335;	8359936.0;	134216.8;	0.0;	10.4;	4.533333333333333;	0.0
1377941905;	2;	5199.999252;	107.46665120799999;	2.0666666666666664;	8359936.0;	201324.8;	0.0;	15.8;	4.733333333333333;	0.0
1377942205;	2;	5199.999252;	88.399987284;	1.7;	8359936.0;	150992.8;	0.0;	10.266666666666667;	4.6;	0.0
1377942505;	2;	5199.999252;	83.19998803200001;	1.6;	8359936.0;	167770.4;	0.0;	10.2;	4.533333333333333;	0.0
1377942805;	2;	5199.999252;	83.19998803200001;	1.6;	8359936.0;	117438.4;	0.0;	10.2;	4.466666666666667;	0.0
1377943105;	2;	5199.999252;	90.133320368;	1.7333333333333334;	8359936.0;	134217.6;	0.0;	10.266666666666667;	4.6;	0.0
1377943405;	2;	5199.999252;	91.866653452;	1.7666666666666666;	8359936.0;	117439.2;	0.0;	11.066666666666666;	4.466666666666667;	0.0
1377943705;	2;	5199.999252;	93.599986536;	1.8;	8359936.0;	111846.66666666667;	0.0;	10.533333333333333;	4.466666666666667;	0.0
1377944005;	2;	5199.999252;	84.933321116;	1.6333333333333335;	8359936.0;	150993.6;	0.0;	10.2;	4.466666666666667;	0.0
1377944305;	2;	5199.999252;	83.19998803200001;	1.6;	8359936.0;	33553.6;	0.0;	10.266666666666667;	4.533333333333333;	0.0
1377944605;	2;	5199.999252;	81.466654948;	1.5666666666666667;	8359936.0;	55922.933333333334;	0.0;	10.333333333333334;	4.533333333333333;	0.0
1377944905;	2;	5199.999252;	84.933321116;	1.6333333333333335;	8359936.0;	117440.0;	0.0;	10.133333333333333;	4.466666666666667;	0.0
1377945205;	2;	5199.999252;	86.6666542;	1.6666666666666665;	8359936.0;	195732.26666666666;	0.0;	10.2;	4.533333333333333;	0.0
1377945505;	2;	5199.999252;	103.99998504;	2.0;	8359936.0;	178955.46666666667;	0.0;	15.8;	4.6;	0.0
1377945805;	2;	5199.999252;	83.19998803200001;	1.6;	8359936.0;	167770.93333333332;	0.0;	10.266666666666667;	4.533333333333333;	0.0
1377946105;	2;	5199.999252;	84.933321116;	1.6333333333333335;	8359936.0;	100662.13333333333;	0.0;	10.2;	4.533333333333333;	0.0
1377946405;	2;	5199.999252;	86.6666542;	1.6666666666666665;	8359936.0;	190141.06666666668;	0.0;	10.2;	4.533333333333333;	0.0
1377946706;	2;	5199.999252;	88.399987284;	1.7;	8359936.0;	218102.66666666666;	0.0;	10.2;	4.466666666666667;	0.0
1377947006;	2;	5199.999252;	100.533318872;	1.9333333333333333;	8359936.0;	100661.6;	0.0;	11.0;	4.666666666666667;	0.0
1377947306;	2;	5199.999252;	91.866653452;	1.7666666666666666;	8359936.0;	173362.66666666666;	0.0;	11.0;	4.466666666666667;	0.0
1377947606;	2;	5199.999252;	91.866653452;	1.7666666666666666;	8359936.0;	162178.4;	0.0;	10.066666666666666;	4.533333333333333;	0.0
1377947906;	2;	5199.999252;	90.133320368;	1.7333333333333334;	8359936.0;	128624.26666666666;	0.0;	10.2;	4.466666666666667;	0.0
1377948206;	2;	5199.999252;	90.133320368;	1.7333333333333334;	8359936.0;	78293.6;	0.0;	10.2;	4.466666666666667;	0.0
1377948506;	2;	5199.999252;	91.866653452;	1.7666666666666666;	8359936.0;	61514.933333333334;	0.0;	10.2;	4.466666666666667;	0.0
1377948805;	2;	5199.999252;	90.133320368;	1.7333333333333334;	8359936.0;	78292.26666666666;	0.0;	10.6;	4.6;	0.0
1377949105;	2;	5199.999252;	112.66665045999999;	2.1666666666666665;	8359936.0;	234880.8;	0.0;	15.933333333333334;	4.533333333333333;	0.06666666666666667
1377949405;	2;	5199.999252;	79.733321864;	1.5333333333333334;	8359936.0;	150993.33333333334;	0.0;	10.333333333333334;	4.4;	0.0
1377949705;	2;	5199.999252;	79.733321864;	1.5333333333333334;	8359936.0;	106254.13333333333;	0.0;	10.4;	4.4;	0.0
1377950005;	2;	5199.999252;	81.466654948;	1.5666666666666667;	8359936.0;	95069.6;	0.0;	10.066666666666666;	4.466666666666667;	0.0
1377950305;	2;	5199.999252;	83.19998803200001;	1.6;	8359936.0;	39145.86666666667;	0.0;	10.266666666666667;	4.533333333333333;	0.0
1377950605;	2;	5199.999252;	88.399987284;	1.7;	8359936.0;	195733.06666666668;	0.0;	11.066666666666666;	4.6;	0.0
1377950905;	2;	5199.999252;	83.19998803200001;	1.6;	8359936.0;	162179.2;	0.0;	10.6;	4.466666666666667;	0.0
1377951205;	2;	5199.999252;	83.19998803200001;	1.6;	8359936.0;	184548.26666666666;	0.0;	10.4;	4.6;	0.0
1377951505;	2;	5199.999252;	83.19998803200001;	1.6;	8359936.0;	111846.4;	0.0;	10.2;	4.533333333333333;	0.0
1377951805;	2;	5199.999252;	81.466654948;	1.5666666666666667;	8359936.0;	44738.666666666664;	0.0;	10.4;	4.466666666666667;	0.0
1377952105;	2;	5199.999252;	77.99998878;	1.5;	8359936.0;	55923.2;	0.0;	10.066666666666666;	4.6;	0.0
1377952405;	2;	5199.999252;	81.466654948;	1.5666666666666667;	8359936.0;	111846.93333333333;	0.0;	10.266666666666667;	4.466666666666667;	0.0
1377952705;	2;	5199.999252;	98.799985788;	1.9;	8359936.0;	206917.86666666667;	0.0;	15.8;	4.466666666666667;	0.0
1377953005;	2;	5199.999252;	83.19998803200001;	1.6;	8359936.0;	184548.26666666666;	0.0;	10.333333333333334;	4.533333333333333;	0.0
1377953306;	2;	5199.999252;	83.19998803200001;	1.6;	8359936.0;	150993.6;	0.0;	10.2;	4.4;	0.0
1377953606;	2;	5199.999252;	83.19998803200001;	1.6;	8359936.0;	61515.46666666667;	0.0;	10.333333333333334;	4.466666666666667;	0.0
1377953906;	2;	5199.999252;	81.466654948;	1.5666666666666667;	8359936.0;	190139.73333333334;	0.0;	10.2;	4.533333333333333;	0.0
1377954206;	2;	5199.999252;	88.399987284;	1.7;	8359936.0;	201324.8;	0.0;	10.933333333333334;	4.533333333333333;	0.0
1377954506;	2;	5199.999252;	81.466654948;	1.5666666666666667;	8359936.0;	128624.26666666666;	0.0;	10.4;	4.466666666666667;	0.0
1377954806;	2;	5199.999252;	79.733321864;	1.5333333333333334;	8359936.0;	50330.4;	0.0;	10.333333333333334;	4.533333333333333;	0.0
1377955106;	2;	5199.999252;	83.19998803200001;	1.6;	8359936.0;	89477.86666666667;	0.0;	10.2;	4.466666666666667;	0.0
1377955406;	2;	5199.999252;	84.933321116;	1.6333333333333335;	8359936.0;	61514.933333333334;	0.0;	10.066666666666666;	4.4;	0.0
1377955706;	2;	5199.999252;	83.19998803200001;	1.6;	8359936.0;	139808.0;	0.0;	10.2;	4.4;	0.0
1377956006;	2;	5199.999252;	83.19998803200001;	1.6;	8359936.0;	162178.93333333332;	0.0;	10.2;	4.466666666666667;	0.0
1377956306;	2;	5199.999252;	100.533318872;	1.9333333333333333;	8359936.0;	184548.0;	0.0;	15.666666666666666;	4.466666666666667;	0.0
1377956606;	2;	5199.999252;	83.19998803200001;	1.6;	8359936.0;	134216.8;	0.0;	10.2;	4.6;	0.0
1377956906;	2;	5199.999252;	83.19998803200001;	1.6;	8359936.0;	201324.8;	0.0;	10.066666666666666;	4.533333333333333;	0.0
1377957206;	2;	5199.999252;	83.19998803200001;	1.6;	8359936.0;	240472.0;	0.0;	10.333333333333334;	4.6;	0.0
1377957506;	2;	5199.999252;	79.733321864;	1.5333333333333334;	8359936.0;	44738.13333333333;	0.0;	10.133333333333333;	4.533333333333333;	0.0
1377957806;	2;	5199.999252;	84.933321116;	1.6333333333333335;	8359936.0;	128624.53333333334;	0.0;	11.0;	4.733333333333333;	0.0
1377958106;	2;	5199.999252;	84.933321116;	1.6333333333333335;	8359936.0;	167771.2;	0.0;	10.866666666666667;	4.466666666666667;	0.0
1377958406;	2;	5199.999252;	83.19998803200001;	1.6;	8359936.0;	173363.73333333334;	0.0;	10.133333333333333;	4.466666666666667;	0.0
1377958706;	2;	5199.999252;	83.19998803200001;	1.6;	8359936.0;	184548.8;	0.0;	10.2;	4.6;	0.0
1377959006;	2;	5199.999252;	83.19998803200001;	1.6;	8359936.0;	123031.46666666666;	0.0;	10.4;	4.6;	0.0
1377959306;	2;	5199.999252;	83.19998803200001;	1.6;	8359936.0;	123032.53333333334;	0.0;	10.4;	4.466666666666667;	0.0
1377959606;	2;	5199.999252;	83.19998803200001;	1.6;	8359936.0;	106254.66666666667;	0.0;	10.266666666666667;	4.333333333333333;	0.0
1377959906;	2;	5199.999252;	98.799985788;	1.9;	8359936.0;	206917.6;	0.0;	16.066666666666666;	4.466666666666667;	0.0
1377960206;	2;	5199.999252;	77.99998878;	1.5;	8359936.0;	134215.73333333334;	0.0;	10.266666666666667;	4.466666666666667;	0.0
1377960506;	2;	5199.999252;	81.466654948;	1.5666666666666667;	8359936.0;	89477.6;	0.0;	10.333333333333334;	4.533333333333333;	0.0
1377960806;	2;	5199.999252;	83.19998803200001;	1.6;	8359936.0;	240471.46666666667;	0.0;	10.266666666666667;	4.533333333333333;	0.0
1377961106;	2;	5199.999252;	93.599986536;	1.8;	8359936.0;	117438.4;	0.0;	10.466666666666667;	4.466666666666667;	0.0
1377961406;	2;	5199.999252;	93.599986536;	1.8;	8359936.0;	72699.46666666666;	0.0;	11.0;	4.466666666666667;	0.0
1377961706;	2;	5199.999252;	91.866653452;	1.7666666666666666;	8359936.0;	117439.2;	0.0;	10.8;	4.6;	0.0
1377962006;	2;	5199.999252;	91.866653452;	1.7666666666666666;	8359936.0;	156585.86666666667;	0.0;	10.266666666666667;	4.666666666666667;	0.0
1377962307;	2;	5199.999252;	86.6666542;	1.6666666666666665;	8359936.0;	167770.4;	0.0;	10.2;	4.6;	0.0
1377962607;	2;	5199.999252;	84.933321116;	1.6333333333333335;	8359936.0;	50330.4;	0.0;	10.266666666666667;	4.6;	0.0
1377962907;	2;	5199.999252;	86.6666542;	1.6666666666666665;	8359936.0;	106254.93333333333;	0.0;	10.466666666666667;	4.533333333333333;	0.0
1377963207;	2;	5199.999252;	90.133320368;	1.7333333333333334;	8359936.0;	117439.2;	0.0;	10.266666666666667;	4.6;	0.0
1377963507;	2;	5199.999252;	107.46665120799999;	2.0666666666666664;	8359936.0;	218102.4;	0.0;	15.733333333333333;	4.666666666666667;	0.0
1377963807;	2;	5199.999252;	93.599986536;	1.8;	8359936.0;	184548.8;	0.0;	10.133333333333333;	4.6;	0.0
1377964107;	2;	5199.999252;	86.6666542;	1.6666666666666665;	8359936.0;	83884.0;	0.0;	10.266666666666667;	4.466666666666667;	0.0
1377964407;	2;	5199.999252;	91.866653452;	1.7666666666666666;	8359936.0;	95069.06666666667;	0.0;	10.2;	4.6;	0.0
1377964707;	2;	5199.999252;	91.866653452;	1.7666666666666666;	8359936.0;	128624.26666666666;	0.0;	10.4;	4.466666666666667;	0.0
1377965007;	2;	5199.999252;	95.33331962;	1.8333333333333335;	8359936.0;	83885.06666666667;	0.0;	11.2;	4.466666666666667;	0.0
1377965307;	2;	5199.999252;	91.866653452;	1.7666666666666666;	8359936.0;	117439.2;	0.0;	10.333333333333334;	4.466666666666667;	0.0
1377965607;	2;	5199.999252;	86.6666542;	1.6666666666666665;	8359936.0;	83884.8;	0.0;	10.2;	4.466666666666667;	0.0
1377965907;	2;	5199.999252;	79.733321864;	1.5333333333333334;	8359936.0;	55923.46666666667;	0.0;	10.2;	4.6;	0.0
1377966207;	2;	5199.999252;	83.19998803200001;	1.6;	8359936.0;	134216.8;	0.0;	10.466666666666667;	4.466666666666667;	0.0
1377966507;	2;	5199.999252;	83.19998803200001;	1.6;	8359936.0;	184548.8;	0.0;	10.133333333333333;	4.533333333333333;	0.0
1377966807;	2;	5199.999252;	97.06665270399999;	1.8666666666666665;	8359936.0;	184548.8;	0.0;	10.2;	4.466666666666667;	0.0
1377967107;	2;	5199.999252;	124.79998204799999;	2.4;	8359936.0;	290804.8;	0.0;	15.666666666666666;	4.6;	0.0
1377967407;	2;	5199.999252;	109.199984292;	2.1;	8359936.0;	173363.73333333334;	0.0;	10.266666666666667;	4.533333333333333;	0.0
1377967707;	2;	5199.999252;	109.199984292;	2.1;	8359936.0;	156586.93333333332;	0.0;	10.4;	4.466666666666667;	0.0
1377968007;	2;	5199.999252;	109.199984292;	2.1;	8359936.0;	139808.26666666666;	0.0;	10.333333333333334;	4.466666666666667;	0.0
1377968307;	2;	5199.999252;	109.199984292;	2.1;	8359936.0;	117438.4;	0.0;	10.2;	4.533333333333333;	0.0
1377968607;	2;	5199.999252;	107.46665120799999;	2.0666666666666664;	8359936.0;	67107.2;	0.0;	11.0;	4.533333333333333;	0.0
1377968907;	2;	5199.999252;	103.99998504;	2.0;	8359936.0;	134216.0;	0.0;	11.2;	4.333333333333333;	0.0
1377969207;	2;	5199.999252;	103.99998504;	2.0;	8359936.0;	117439.46666666666;	0.0;	10.466666666666667;	4.4;	0.0
1377969507;	2;	5199.999252;	102.26665195599999;	1.9666666666666666;	8359936.0;	106254.93333333333;	0.0;	10.2;	4.4;	0.0
1377969807;	2;	5199.999252;	100.533318872;	1.9333333333333333;	8359936.0;	61514.933333333334;	0.0;	10.333333333333334;	4.466666666666667;	0.0
1377970107;	2;	5199.999252;	102.26665195599999;	1.9666666666666666;	8359936.0;	83884.0;	0.0;	10.4;	4.4;	0.0
1377970407;	2;	5199.999252;	103.99998504;	2.0;	8359936.0;	128623.73333333334;	0.0;	10.333333333333334;	4.466666666666667;	0.0
1377970707;	2;	5199.999252;	121.33331587999999;	2.3333333333333335;	8359936.0;	173363.46666666667;	0.0;	16.066666666666666;	4.666666666666667;	0.0
1377971007;	2;	5199.999252;	102.26665195599999;	1.9666666666666666;	8359936.0;	106254.13333333333;	0.0;	10.266666666666667;	4.4;	0.0
1377971307;	2;	5199.999252;	102.26665195599999;	1.9666666666666666;	8359936.0;	139808.8;	0.0;	10.4;	4.466666666666667;	0.0
1377971607;	2;	5199.999252;	103.99998504;	2.0;	8359936.0;	162178.4;	0.0;	10.133333333333333;	4.466666666666667;	0.0
1377971907;	2;	5199.999252;	79.733321864;	1.5333333333333334;	8359936.0;	134216.26666666666;	0.0;	10.133333333333333;	4.533333333333333;	0.0
1377972207;	2;	5199.999252;	91.866653452;	1.7666666666666666;	8359936.0;	39145.86666666667;	0.0;	11.066666666666666;	4.6;	0.0
1377972507;	2;	5199.999252;	88.399987284;	1.7;	8359936.0;	139808.53333333333;	0.0;	10.466666666666667;	4.533333333333333;	0.0
1377972807;	2;	5199.999252;	90.133320368;	1.7333333333333334;	8359936.0;	111846.66666666667;	0.0;	10.333333333333334;	4.533333333333333;	0.0
1377973107;	2;	5199.999252;	93.599986536;	1.8;	8359936.0;	50330.4;	0.0;	10.266666666666667;	4.533333333333333;	0.0
1377973407;	2;	5199.999252;	88.399987284;	1.7;	8359936.0;	100661.6;	0.0;	10.2;	4.533333333333333;	0.0
1377973707;	2;	5199.999252;	98.799985788;	1.9;	8359936.0;	145401.06666666668;	0.0;	10.4;	4.6;	0.0
1377974008;	2;	5199.999252;	86.6666542;	1.6666666666666665;	8359936.0;	139808.53333333333;	0.0;	10.266666666666667;	4.466666666666667;	0.0
1377974308;	2;	5199.999252;	109.199984292;	2.1;	8359936.0;	341136.0;	0.0;	15.8;	4.466666666666667;	0.0
1377974608;	2;	5199.999252;	88.399987284;	1.7;	8359936.0;	156585.86666666667;	0.0;	10.2;	4.533333333333333;	0.0
1377974908;	2;	5199.999252;	88.399987284;	1.7;	8359936.0;	145401.86666666667;	0.0;	10.4;	4.533333333333333;	0.0
1377975208;	2;	5199.999252;	83.19998803200001;	1.6;	8359936.0;	139808.26666666666;	0.0;	10.2;	4.466666666666667;	0.0
1377975508;	2;	5199.999252;	83.19998803200001;	1.6;	8359936.0;	95069.86666666667;	0.0;	10.066666666666666;	4.333333333333333;	0.0
1377975808;	2;	5199.999252;	86.6666542;	1.6666666666666665;	8359936.0;	139809.6;	0.0;	10.733333333333333;	4.4;	0.0
1377976108;	2;	5199.999252;	84.933321116;	1.6333333333333335;	8359936.0;	145401.06666666668;	0.0;	10.533333333333333;	4.4;	0.0
1377976408;	2;	5199.999252;	83.19998803200001;	1.6;	8359936.0;	83884.8;	0.0;	10.133333333333333;	4.4;	0.0
1377976708;	2;	5199.999252;	79.733321864;	1.5333333333333334;	8359936.0;	139809.06666666668;	0.0;	10.2;	4.4;	0.0
1377977008;	2;	5199.999252;	81.466654948;	1.5666666666666667;	8359936.0;	195732.53333333333;	0.0;	10.266666666666667;	4.4;	0.0
1377977308;	2;	5199.999252;	83.19998803200001;	1.6;	8359936.0;	95069.86666666667;	0.0;	10.133333333333333;	4.4;	0.0
1377977608;	2;	5199.999252;	84.933321116;	1.6333333333333335;	8359936.0;	95070.13333333333;	0.0;	10.2;	4.4;	0.0
1377977908;	2;	5199.999252;	105.73331812399998;	2.033333333333333;	8359936.0;	111847.46666666666;	0.0;	15.933333333333334;	4.466666666666667;	0.0
1377978208;	2;	5199.999252;	83.19998803200001;	1.6;	8359936.0;	134216.8;	0.0;	10.133333333333333;	4.4;	0.0
1377978508;	2;	5199.999252;	83.19998803200001;	1.6;	8359936.0;	106254.13333333333;	0.0;	10.133333333333333;	4.466666666666667;	0.0
1377978808;	2;	5199.999252;	83.19998803200001;	1.6;	8359936.0;	218102.4;	0.0;	10.133333333333333;	4.4;	0.0
1377979108;	2;	5199.999252;	79.733321864;	1.5333333333333334;	8359936.0;	167771.2;	0.0;	10.066666666666666;	4.466666666666667;	0.0
1377979408;	2;	5199.999252;	86.6666542;	1.6666666666666665;	8359936.0;	234880.0;	0.0;	11.066666666666666;	4.466666666666667;	0.0
1377979708;	2;	5199.999252;	91.866653452;	1.7666666666666666;	8359936.0;	234880.8;	0.0;	10.733333333333333;	4.266666666666667;	0.0
1377980008;	2;	5199.999252;	83.19998803200001;	1.6;	8359936.0;	83885.6;	0.0;	10.2;	4.333333333333333;	0.0
1377980308;	2;	5199.999252;	83.19998803200001;	1.6;	8359936.0;	139809.33333333334;	0.0;	10.133333333333333;	4.333333333333333;	0.0
1377980608;	2;	5199.999252;	83.19998803200001;	1.6;	8359936.0;	218103.2;	0.0;	10.0;	4.4;	0.0
1377980908;	2;	5199.999252;	83.19998803200001;	1.6;	8359936.0;	67108.0;	0.0;	10.133333333333333;	4.466666666666667;	0.0
1377981208;	2;	5199.999252;	86.6666542;	1.6666666666666665;	8359936.0;	83884.0;	0.0;	10.0;	4.4;	0.0
1377981508;	2;	5199.999252;	114.39998354400001;	2.2;	8359936.0;	167772.0;	0.0;	15.533333333333333;	4.4;	0.0
1377981808;	2;	5199.999252;	81.466654948;	1.5666666666666667;	8359936.0;	150994.4;	0.0;	10.2;	4.466666666666667;	0.0
1377982108;	2;	5199.999252;	79.733321864;	1.5333333333333334;	8359936.0;	100661.6;	0.0;	10.2;	4.466666666666667;	0.0
1377982408;	2;	5199.999252;	86.6666542;	1.6666666666666665;	8359936.0;	167771.2;	0.0;	10.2;	4.4;	0.0
1377982708;	2;	5199.999252;	83.19998803200001;	1.6;	8359936.0;	83884.0;	0.0;	10.066666666666666;	4.4;	0.0
1377983008;	2;	5199.999252;	105.73331812399998;	2.033333333333333;	8359936.0;	178955.46666666667;	0.0;	16.066666666666666;	4.6;	0.06666666666666667
1377983308;	2;	5199.999252;	88.399987284;	1.7;	8359936.0;	150993.6;	0.0;	10.266666666666667;	4.333333333333333;	0.0
1377983608;	2;	5199.999252;	83.19998803200001;	1.6;	8359936.0;	145401.06666666668;	0.0;	10.266666666666667;	4.466666666666667;	0.0
1377983908;	2;	5199.999252;	83.19998803200001;	1.6;	8359936.0;	167772.0;	0.0;	10.266666666666667;	4.533333333333333;	0.0
1377984208;	2;	5199.999252;	84.933321116;	1.6333333333333335;	8359936.0;	78292.8;	0.0;	10.066666666666666;	4.466666666666667;	0.0
1377984508;	2;	5199.999252;	83.19998803200001;	1.6;	8359936.0;	33554.13333333333;	0.0;	10.2;	4.466666666666667;	0.0
1377984808;	2;	5199.999252;	79.733321864;	1.5333333333333334;	8359936.0;	162179.46666666667;	0.0;	10.266666666666667;	4.466666666666667;	0.0
1377985108;	2;	5199.999252;	110.93331737599999;	2.1333333333333333;	8359936.0;	201324.8;	0.0;	74.73333333333333;	19.533333333333335;	0.2
1377985408;	2;	5199.999252;	83.19998803200001;	1.6;	8359936.0;	184548.0;	0.0;	10.2;	4.333333333333333;	0.0
1377985708;	2;	5199.999252;	84.933321116;	1.6333333333333335;	8359936.0;	61516.0;	0.0;	10.4;	4.333333333333333;	0.0
1377986008;	2;	5199.999252;	83.19998803200001;	1.6;	8359936.0;	128624.26666666666;	0.0;	11.066666666666666;	4.333333333333333;	0.0
1377986308;	2;	5199.999252;	84.933321116;	1.6333333333333335;	8359936.0;	167770.66666666666;	0.0;	10.2;	4.4;	0.0
1377986608;	2;	5199.999252;	95.33331962;	1.8333333333333335;	8359936.0;	178955.73333333334;	0.0;	11.0;	4.4;	0.0
1377986908;	2;	5199.999252;	98.799985788;	1.9;	8359936.0;	167771.2;	0.0;	10.466666666666667;	4.466666666666667;	0.0
1377987208;	2;	5199.999252;	102.26665195599999;	1.9666666666666666;	8359936.0;	145400.8;	0.0;	10.466666666666667;	4.333333333333333;	0.0
1377987508;	2;	5199.999252;	100.533318872;	1.9333333333333333;	8359936.0;	83884.0;	0.0;	10.266666666666667;	4.4;	0.0
1377987808;	2;	5199.999252;	102.26665195599999;	1.9666666666666666;	8359936.0;	55922.666666666664;	0.0;	10.266666666666667;	4.4;	0.0
1377988108;	2;	5199.999252;	97.06665270399999;	1.8666666666666665;	8359936.0;	100661.33333333333;	0.0;	10.333333333333334;	4.533333333333333;	0.0
1377988408;	2;	5199.999252;	103.99998504;	2.0;	8359936.0;	150993.86666666667;	0.0;	10.266666666666667;	4.466666666666667;	0.0
1377988708;	2;	5199.999252;	181.99997381999998;	3.5;	8359936.0;	257249.86666666667;	0.0;	40.0;	5.266666666666667;	2.066666666666667
1377989008;	2;	5199.999252;	100.533318872;	1.9333333333333333;	8359936.0;	212510.4;	0.0;	11.533333333333333;	4.466666666666667;	0.0
1377989309;	2;	5199.999252;	100.533318872;	1.9333333333333333;	8359936.0;	95070.13333333333;	0.0;	10.266666666666667;	4.466666666666667;	0.0
1377989609;	2;	5199.999252;	103.99998504;	2.0;	8359936.0;	184548.0;	0.0;	10.4;	4.333333333333333;	0.0
1377989909;	2;	5199.999252;	102.26665195599999;	1.9666666666666666;	8359936.0;	167770.4;	0.0;	10.4;	4.4;	0.0
1377990209;	2;	5199.999252;	103.99998504;	2.0;	8359936.0;	134216.0;	0.0;	10.866666666666667;	4.4;	0.0
1377990509;	2;	5199.999252;	102.26665195599999;	1.9666666666666666;	8359936.0;	195733.06666666668;	0.0;	11.2;	4.533333333333333;	0.0
1377990809;	2;	5199.999252;	103.99998504;	2.0;	8359936.0;	195733.33333333334;	0.0;	10.2;	4.4;	0.0
1377991109;	2;	5199.999252;	98.799985788;	1.9;	8359936.0;	123031.2;	0.0;	10.214285714285714;	4.466666666666667;	0.0
1377991409;	2;	5199.999252;	114.39998354400001;	2.2;	8359936.0;	150994.4;	0.0;	10.214285714285714;	4.466666666666667;	0.0
1377991709;	2;	5199.999252;	98.799985788;	1.9;	8359936.0;	190141.06666666668;	0.0;	10.2;	4.4;	0.0
1377992009;	2;	5199.999252;	100.533318872;	1.9333333333333333;	8359936.0;	150993.86666666667;	0.0;	10.4;	4.466666666666667;	0.0
1377992309;	2;	5199.999252;	116.13331662799999;	2.2333333333333334;	8359936.0;	201325.33333333334;	0.0;	15.8;	4.533333333333333;	0.0
1377992609;	2;	5199.999252;	105.73331812399998;	2.033333333333333;	8359936.0;	190141.6;	0.0;	10.333333333333334;	4.4;	0.0
1377992909;	2;	5199.999252;	95.33331962;	1.8333333333333335;	8359936.0;	139808.26666666666;	0.0;	10.266666666666667;	4.4;	0.0
1377993209;	2;	5199.999252;	93.599986536;	1.8;	8359936.0;	162178.93333333332;	0.0;	10.533333333333333;	4.466666666666667;	0.0
1377993509;	2;	5199.999252;	98.799985788;	1.9;	8359936.0;	173363.2;	0.0;	10.333333333333334;	4.533333333333333;	0.0
1377993809;	2;	5199.999252;	100.533318872;	1.9333333333333333;	8359936.0;	61516.26666666667;	0.0;	11.133333333333333;	4.533333333333333;	0.0
1377994109;	2;	5199.999252;	181.99997381999998;	3.5;	8359936.0;	307581.86666666664;	0.0;	71.53333333333333;	8.333333333333334;	236.33333333333334
1377994409;	2;	5199.999252;	587.599915476;	11.3;	8359936.0;	402651.2;	0.0;	92.26666666666667;	9.2;	31.2
1377994709;	2;	5199.999252;	102.26665195599999;	1.9666666666666666;	8359936.0;	352320.0;	0.0;	11.266666666666667;	4.533333333333333;	0.0
1377995009;	2;	5199.999252;	102.26665195599999;	1.9666666666666666;	8359936.0;	128624.26666666666;	0.0;	10.266666666666667;	4.533333333333333;	0.0
1377995309;	2;	5199.999252;	95.33331962;	1.8333333333333335;	8359936.0;	134216.8;	0.0;	10.2;	4.4;	0.0
1377995609;	2;	5199.999252;	103.99998504;	2.0;	8359936.0;	111846.13333333333;	0.0;	10.333333333333334;	4.533333333333333;	0.0
1377995909;	2;	5199.999252;	119.59998279599999;	2.3;	8359936.0;	201325.6;	0.0;	15.866666666666667;	4.6;	0.0
1377996209;	2;	5199.999252;	103.99998504;	2.0;	8359936.0;	117439.2;	0.0;	10.2;	4.4;	0.0
1377996509;	2;	5199.999252;	102.26665195599999;	1.9666666666666666;	8359936.0;	128624.26666666666;	0.0;	10.133333333333333;	4.466666666666667;	0.0
1377996809;	2;	5199.999252;	103.99998504;	2.0;	8359936.0;	150994.4;	0.0;	10.133333333333333;	4.533333333333333;	0.0
1377997109;	2;	5199.999252;	102.26665195599999;	1.9666666666666666;	8359936.0;	100661.6;	0.0;	10.266666666666667;	4.6;	0.0
1377997409;	2;	5199.999252;	107.46665120799999;	2.0666666666666664;	8359936.0;	117440.0;	0.0;	10.866666666666667;	4.6;	0.0
1377997709;	2;	5199.999252;	103.99998504;	2.0;	8359936.0;	150993.6;	0.0;	10.533333333333333;	4.533333333333333;	0.0
1377998009;	2;	5199.999252;	107.46665120799999;	2.0666666666666664;	8359936.0;	117439.2;	0.0;	10.333333333333334;	4.533333333333333;	0.0
1377998310;	2;	5199.999252;	103.99998504;	2.0;	8359936.0;	240471.73333333334;	0.0;	10.266666666666667;	4.6;	0.0
1377998610;	2;	5199.999252;	103.99998504;	2.0;	8359936.0;	150993.6;	0.0;	10.133333333333333;	4.666666666666667;	0.0
1377998910;	2;	5199.999252;	100.533318872;	1.9333333333333333;	8359936.0;	100661.6;	0.0;	10.333333333333334;	4.666666666666667;	0.0
1377999210;	2;	5199.999252;	103.99998504;	2.0;	8359936.0;	150992.8;	0.0;	10.333333333333334;	4.533333333333333;	0.0
1377999510;	2;	5199.999252;	121.33331587999999;	2.3333333333333335;	8359936.0;	251657.6;	0.0;	15.666666666666666;	4.6;	0.0
1377999810;	2;	5199.999252;	105.73331812399998;	2.033333333333333;	8359936.0;	83884.8;	0.0;	10.333333333333334;	4.533333333333333;	0.0
1378000110;	2;	5199.999252;	100.533318872;	1.9333333333333333;	8359936.0;	67107.2;	0.0;	10.2;	4.533333333333333;	0.0
1378000410;	2;	5199.999252;	103.99998504;	2.0;	8359936.0;	162178.66666666666;	0.0;	10.2;	4.533333333333333;	0.0
1378000710;	2;	5199.999252;	97.06665270399999;	1.8666666666666665;	8359936.0;	117439.2;	0.0;	10.2;	4.533333333333333;	0.0
1378001010;	2;	5199.999252;	291.19995811199993;	5.6;	8359936.0;	162179.2;	0.0;	27.266666666666666;	13.066666666666666;	1.0
1378001310;	2;	5199.999252;	100.533318872;	1.9333333333333333;	8359936.0;	581609.6;	0.0;	11.8;	4.4;	0.0
1378001610;	2;	5199.999252;	100.533318872;	1.9333333333333333;	8359936.0;	184548.26666666666;	0.0;	10.333333333333334;	4.4;	0.0
1378001910;	2;	5199.999252;	100.533318872;	1.9333333333333333;	8359936.0;	195732.8;	0.0;	10.2;	4.466666666666667;	0.0
1378002210;	2;	5199.999252;	440.26660333599995;	8.466666666666667;	8359936.0;	89477.06666666667;	0.0;	18.2;	4.466666666666667;	0.0
1378002510;	2;	5199.999252;	105.73331812399998;	2.033333333333333;	8359936.0;	162178.13333333333;	0.0;	10.133333333333333;	4.4;	0.0
1378002810;	2;	5199.999252;	105.73331812399998;	2.033333333333333;	8359936.0;	173363.46666666667;	0.0;	10.4;	4.466666666666667;	0.0
1378003110;	2;	5199.999252;	119.59998279599999;	2.3;	8359936.0;	178955.2;	0.0;	15.866666666666667;	4.6;	0.0
1378003410;	2;	5199.999252;	110.93331737599999;	2.1333333333333333;	8359936.0;	145402.13333333333;	0.0;	71.13333333333334;	66.86666666666666;	1.6666666666666667
1378003710;	2;	5199.999252;	282.533292692;	5.433333333333334;	8359936.0;	665494.1333333333;	0.0;	555.5333333333333;	55.06666666666667;	9.266666666666667
1378004010;	2;	5199.999252;	105.73331812399998;	2.033333333333333;	8359936.0;	274026.6666666667;	0.0;	11.333333333333334;	4.4;	0.0
1378004310;	2;	5199.999252;	102.26665195599999;	1.9666666666666666;	8359936.0;	240472.26666666666;	0.0;	10.266666666666667;	4.533333333333333;	0.0
1378004610;	2;	5199.999252;	103.99998504;	2.0;	8359936.0;	223694.4;	0.0;	11.066666666666666;	4.666666666666667;	0.0
1378004910;	2;	5199.999252;	102.26665195599999;	1.9666666666666666;	8359936.0;	162178.4;	0.0;	10.466666666666667;	4.4;	0.0
1378005210;	2;	5199.999252;	102.26665195599999;	1.9666666666666666;	8359936.0;	123031.73333333334;	0.0;	10.266666666666667;	4.533333333333333;	0.0
1378005510;	2;	5199.999252;	103.99998504;	2.0;	8359936.0;	145401.06666666668;	0.0;	10.266666666666667;	4.6;	0.0
1378005810;	2;	5199.999252;	100.533318872;	1.9333333333333333;	8359936.0;	111846.13333333333;	0.0;	10.466666666666667;	4.466666666666667;	0.0
1378006110;	2;	5199.999252;	103.99998504;	2.0;	8359936.0;	123031.46666666666;	0.0;	10.133333333333333;	4.6;	0.0
1378006410;	2;	5199.999252;	98.799985788;	1.9;	8359936.0;	139809.33333333334;	0.0;	10.266666666666667;	4.533333333333333;	0.0
1378006711;	2;	5199.999252;	117.86664971199998;	2.2666666666666666;	8359936.0;	234879.73333333334;	0.0;	15.666666666666666;	4.666666666666667;	0.0
1378007011;	2;	5199.999252;	103.99998504;	2.0;	8359936.0;	128624.8;	0.0;	10.266666666666667;	4.533333333333333;	0.0
1378007311;	2;	5199.999252;	102.26665195599999;	1.9666666666666666;	8359936.0;	55922.666666666664;	0.0;	10.266666666666667;	4.533333333333333;	0.0
1378007611;	2;	5199.999252;	103.99998504;	2.0;	8359936.0;	83884.0;	0.0;	10.2;	4.533333333333333;	0.0
1378007911;	2;	5199.999252;	97.06665270399999;	1.8666666666666665;	8359936.0;	106254.4;	0.0;	10.066666666666666;	4.533333333333333;	0.0
1378008211;	2;	5199.999252;	105.73331812399998;	2.033333333333333;	8359936.0;	111848.0;	0.0;	11.266666666666667;	4.533333333333333;	0.0
1378008511;	2;	5199.999252;	103.99998504;	2.0;	8359936.0;	162178.66666666666;	0.0;	10.666666666666666;	4.466666666666667;	0.0
1378008811;	2;	5199.999252;	100.533318872;	1.9333333333333333;	8359936.0;	83884.0;	0.0;	10.133333333333333;	4.533333333333333;	0.0
1378009111;	2;	5199.999252;	102.26665195599999;	1.9666666666666666;	8359936.0;	117439.2;	0.0;	10.333333333333334;	4.533333333333333;	0.0
1378009411;	2;	5199.999252;	102.26665195599999;	1.9666666666666666;	8359936.0;	128624.26666666666;	0.0;	10.2;	4.533333333333333;	0.0
1378009711;	2;	5199.999252;	103.99998504;	2.0;	8359936.0;	139808.53333333333;	0.0;	10.333333333333334;	4.466666666666667;	0.0
1378010011;	2;	5199.999252;	103.99998504;	2.0;	8359936.0;	89477.6;	0.0;	10.466666666666667;	4.533333333333333;	0.0
1378010311;	2;	5199.999252;	124.79998204799999;	2.4;	8359936.0;	218102.4;	0.0;	15.8;	4.533333333333333;	0.0
1378010611;	2;	5199.999252;	105.73331812399998;	2.033333333333333;	8359936.0;	201325.33333333334;	0.0;	10.266666666666667;	4.466666666666667;	0.0
1378010911;	2;	5199.999252;	102.26665195599999;	1.9666666666666666;	8359936.0;	111847.2;	0.0;	10.2;	4.533333333333333;	0.0
1378011211;	2;	5199.999252;	103.99998504;	2.0;	8359936.0;	150993.33333333334;	0.0;	10.266666666666667;	4.533333333333333;	0.0
1378011511;	2;	5199.999252;	103.99998504;	2.0;	8359936.0;	145401.86666666667;	0.0;	10.333333333333334;	4.533333333333333;	0.0
1378011811;	2;	5199.999252;	100.533318872;	1.9333333333333333;	8359936.0;	134216.0;	0.0;	11.0;	4.666666666666667;	0.0
1378012111;	2;	5199.999252;	100.533318872;	1.9333333333333333;	8359936.0;	201325.6;	0.0;	11.133333333333333;	4.466666666666667;	0.0
1378012411;	2;	5199.999252;	100.533318872;	1.9333333333333333;	8359936.0;	100662.4;	0.0;	10.266666666666667;	4.4;	0.0
1378012711;	2;	5199.999252;	100.533318872;	1.9333333333333333;	8359936.0;	50330.4;	0.0;	10.2;	4.4;	0.0
1378013011;	2;	5199.999252;	100.533318872;	1.9333333333333333;	8359936.0;	100661.6;	0.0;	10.2;	4.333333333333333;	0.0
1378013311;	2;	5199.999252;	102.26665195599999;	1.9666666666666666;	8359936.0;	95069.6;	0.0;	10.2;	4.4;	0.0
1378013611;	2;	5199.999252;	105.73331812399998;	2.033333333333333;	8359936.0;	251656.0;	0.0;	10.2;	4.4;	0.0
1378013912;	2;	5199.999252;	121.33331587999999;	2.3333333333333335;	8359936.0;	167771.2;	0.0;	15.933333333333334;	4.533333333333333;	0.0
1378014211;	2;	5199.999252;	97.06665270399999;	1.8666666666666665;	8359936.0;	195732.0;	0.0;	10.333333333333334;	4.333333333333333;	0.0
1378014511;	2;	5199.999252;	100.533318872;	1.9333333333333333;	8359936.0;	178955.46666666667;	0.0;	10.2;	4.533333333333333;	0.0
1378014811;	2;	5199.999252;	100.533318872;	1.9333333333333333;	8359936.0;	134216.0;	0.0;	10.4;	4.466666666666667;	0.0
1378015111;	2;	5199.999252;	98.799985788;	1.9;	8359936.0;	150994.4;	0.0;	10.266666666666667;	4.333333333333333;	0.0
1378015411;	2;	5199.999252;	103.99998504;	2.0;	8359936.0;	285212.0;	0.0;	10.866666666666667;	4.533333333333333;	0.0
1378015711;	2;	5199.999252;	102.26665195599999;	1.9666666666666666;	8359936.0;	150994.4;	0.0;	10.733333333333333;	4.533333333333333;	0.0
1378016011;	2;	5199.999252;	102.26665195599999;	1.9666666666666666;	8359936.0;	33554.4;	0.0;	10.333333333333334;	4.4;	0.0
1378016311;	2;	5199.999252;	98.799985788;	1.9;	8359936.0;	67107.2;	0.0;	10.0;	4.6;	0.0
1378016611;	2;	5199.999252;	105.73331812399998;	2.033333333333333;	8359936.0;	67108.0;	0.0;	10.133333333333333;	4.533333333333333;	0.0
1378016911;	2;	5199.999252;	105.73331812399998;	2.033333333333333;	8359936.0;	123031.73333333334;	0.0;	10.333333333333334;	4.533333333333333;	0.0
1378017211;	2;	5199.999252;	109.199984292;	2.1;	8359936.0;	83884.0;	0.0;	10.266666666666667;	4.466666666666667;	0.0
1378017511;	2;	5199.999252;	119.59998279599999;	2.3;	8359936.0;	190140.26666666666;	0.0;	15.933333333333334;	4.466666666666667;	0.0
1378017811;	2;	5199.999252;	102.26665195599999;	1.9666666666666666;	8359936.0;	128623.73333333334;	0.0;	10.2;	4.4;	0.0
1378018111;	2;	5199.999252;	98.799985788;	1.9;	8359936.0;	111847.46666666666;	0.0;	10.4;	4.4;	0.0
1378018411;	2;	5199.999252;	100.533318872;	1.9333333333333333;	8359936.0;	201325.6;	0.0;	10.266666666666667;	4.4;	0.0
1378018711;	2;	5199.999252;	102.26665195599999;	1.9666666666666666;	8359936.0;	139809.33333333334;	0.0;	10.2;	4.4;	0.0
1378019011;	2;	5199.999252;	103.99998504;	2.0;	8359936.0;	134216.8;	0.0;	11.0;	4.4;	0.0
1378019312;	2;	5199.999252;	103.99998504;	2.0;	8359936.0;	234879.2;	0.0;	10.666666666666666;	4.466666666666667;	0.0
1378019612;	2;	5199.999252;	95.33331962;	1.8333333333333335;	8359936.0;	83884.8;	0.0;	10.2;	4.466666666666667;	0.0
1378019912;	2;	5199.999252;	97.06665270399999;	1.8666666666666665;	8359936.0;	111846.66666666667;	0.0;	10.2;	4.533333333333333;	0.0
1378020212;	2;	5199.999252;	100.533318872;	1.9333333333333333;	8359936.0;	106254.13333333333;	0.0;	10.2;	4.466666666666667;	0.0
1378020512;	2;	5199.999252;	100.533318872;	1.9333333333333333;	8359936.0;	212509.86666666667;	0.0;	10.266666666666667;	4.533333333333333;	0.0
1378020812;	2;	5199.999252;	102.26665195599999;	1.9666666666666666;	8359936.0;	156586.13333333333;	0.0;	10.2;	4.466666666666667;	0.0
1378021112;	2;	5199.999252;	116.13331662799999;	2.2333333333333334;	8359936.0;	195732.26666666666;	0.0;	15.733333333333333;	4.533333333333333;	0.0
1378021412;	2;	5199.999252;	102.26665195599999;	1.9666666666666666;	8359936.0;	229287.2;	0.0;	10.266666666666667;	4.6;	0.0
1378021712;	2;	5199.999252;	98.799985788;	1.9;	8359936.0;	184548.8;	0.0;	10.266666666666667;	4.533333333333333;	0.0
1378022012;	2;	5199.999252;	100.533318872;	1.9333333333333333;	8359936.0;	106254.13333333333;	0.0;	10.333333333333334;	4.466666666666667;	0.0
1378022312;	2;	5199.999252;	100.533318872;	1.9333333333333333;	8359936.0;	100662.66666666667;	0.0;	10.133333333333333;	4.533333333333333;	0.0
1378022612;	2;	5199.999252;	103.99998504;	2.0;	8359936.0;	89478.13333333333;	0.0;	11.0;	4.6;	0.0
1378022912;	2;	5199.999252;	98.799985788;	1.9;	8359936.0;	139809.33333333334;	0.0;	10.866666666666667;	4.466666666666667;	0.0
1378023212;	2;	5199.999252;	98.799985788;	1.9;	8359936.0;	72700.8;	0.0;	10.266666666666667;	4.533333333333333;	0.0
1378023512;	2;	5199.999252;	100.533318872;	1.9333333333333333;	8359936.0;	95069.86666666667;	0.0;	10.266666666666667;	4.333333333333333;	0.0
1378023812;	2;	5199.999252;	103.99998504;	2.0;	8359936.0;	145401.06666666668;	0.0;	10.2;	4.4;	0.0
1378024112;	2;	5199.999252;	100.533318872;	1.9333333333333333;	8359936.0;	156586.93333333332;	0.0;	10.333333333333334;	4.4;	0.0
1378024412;	2;	5199.999252;	102.26665195599999;	1.9666666666666666;	8359936.0;	100661.6;	0.0;	10.333333333333334;	4.4;	0.0
1378024712;	2;	5199.999252;	121.33331587999999;	2.3333333333333335;	8359936.0;	123032.26666666666;	0.0;	15.8;	4.4;	0.0
1378025012;	2;	5199.999252;	100.533318872;	1.9333333333333333;	8359936.0;	173364.0;	0.0;	10.266666666666667;	4.6;	0.0
1378025312;	2;	5199.999252;	100.533318872;	1.9333333333333333;	8359936.0;	95069.06666666667;	0.0;	10.133333333333333;	4.333333333333333;	0.0
1378025612;	2;	5199.999252;	100.533318872;	1.9333333333333333;	8359936.0;	167770.93333333332;	0.0;	10.266666666666667;	4.4;	0.0
1378025912;	2;	5199.999252;	93.599986536;	1.8;	8359936.0;	178956.26666666666;	0.0;	10.0;	4.333333333333333;	0.0
1378026212;	2;	5199.999252;	100.533318872;	1.9333333333333333;	8359936.0;	145401.86666666667;	0.0;	11.0;	4.466666666666667;	0.0
1378026512;	2;	5199.999252;	98.799985788;	1.9;	8359936.0;	78292.26666666666;	0.0;	10.4;	4.333333333333333;	0.0
1378026812;	2;	5199.999252;	90.133320368;	1.7333333333333334;	8359936.0;	83884.0;	0.0;	10.066666666666666;	4.466666666666667;	0.0
1378027112;	2;	5199.999252;	88.399987284;	1.7;	8359936.0;	95069.86666666667;	0.0;	10.0;	4.4;	0.0
1378027412;	2;	5199.999252;	88.399987284;	1.7;	8359936.0;	83885.6;	0.0;	10.266666666666667;	4.533333333333333;	0.0
1378027713;	2;	5199.999252;	93.599986536;	1.8;	8359936.0;	123032.0;	0.0;	10.333333333333334;	4.4;	0.0
1378028013;	2;	5199.999252;	84.933321116;	1.6333333333333335;	8359936.0;	50330.4;	0.0;	10.266666666666667;	4.533333333333333;	0.0
1378028313;	2;	5199.999252;	114.39998354400001;	2.2;	8359936.0;	89477.06666666667;	0.0;	15.933333333333334;	4.6;	0.0
1378028613;	2;	5199.999252;	88.399987284;	1.7;	8359936.0;	150994.13333333333;	0.0;	10.266666666666667;	4.533333333333333;	0.0
1378028913;	2;	5199.999252;	88.399987284;	1.7;	8359936.0;	167771.2;	0.0;	10.333333333333334;	4.466666666666667;	0.0
1378029213;	2;	5199.999252;	90.133320368;	1.7333333333333334;	8359936.0;	150993.6;	0.0;	10.4;	4.333333333333333;	0.0
1378029513;	2;	5199.999252;	91.866653452;	1.7666666666666666;	8359936.0;	50330.4;	0.0;	10.266666666666667;	4.333333333333333;	0.0
1378029813;	2;	5199.999252;	93.599986536;	1.8;	8359936.0;	106254.13333333333;	0.0;	11.0;	4.466666666666667;	0.0
1378030113;	2;	5199.999252;	91.866653452;	1.7666666666666666;	8359936.0;	72700.26666666666;	0.0;	10.866666666666667;	4.533333333333333;	0.0
1378030413;	2;	5199.999252;	95.33331962;	1.8333333333333335;	8359936.0;	201325.6;	0.0;	10.4;	4.466666666666667;	0.0
1378030713;	2;	5199.999252;	93.599986536;	1.8;	8359936.0;	201325.6;	0.0;	10.133333333333333;	4.466666666666667;	0.0
1378031013;	2;	5199.999252;	93.599986536;	1.8;	8359936.0;	117439.2;	0.0;	10.333333333333334;	4.466666666666667;	0.0
1378031313;	2;	5199.999252;	93.599986536;	1.8;	8359936.0;	67108.0;	0.0;	10.2;	4.666666666666667;	0.0
1378031613;	2;	5199.999252;	90.133320368;	1.7333333333333334;	8359936.0;	100662.4;	0.0;	10.333333333333334;	4.466666666666667;	0.0
1378031913;	2;	5199.999252;	112.66665045999999;	2.1666666666666665;	8359936.0;	201325.6;	0.0;	16.066666666666666;	4.6;	0.0
1378032213;	2;	5199.999252;	88.399987284;	1.7;	8359936.0;	167771.2;	0.0;	10.2;	4.466666666666667;	0.0
1378032513;	2;	5199.999252;	90.133320368;	1.7333333333333334;	8359936.0;	67107.2;	0.0;	10.2;	4.466666666666667;	0.0
1378032813;	2;	5199.999252;	91.866653452;	1.7666666666666666;	8359936.0;	117440.0;	0.0;	10.266666666666667;	4.466666666666667;	0.0
1378033113;	2;	5199.999252;	93.599986536;	1.8;	8359936.0;	78292.53333333334;	0.0;	10.133333333333333;	4.4;	0.0
1378033413;	2;	5199.999252;	93.599986536;	1.8;	8359936.0;	83884.0;	0.0;	11.066666666666666;	4.466666666666667;	0.0
1378033713;	2;	5199.999252;	95.33331962;	1.8333333333333335;	8359936.0;	50330.4;	0.0;	10.733333333333333;	4.466666666666667;	0.0
1378034013;	2;	5199.999252;	95.33331962;	1.8333333333333335;	8359936.0;	89477.06666666667;	0.0;	10.333333333333334;	4.4;	0.0
1378034313;	2;	5199.999252;	86.6666542;	1.6666666666666665;	8359936.0;	139809.06666666668;	0.0;	10.2;	4.466666666666667;	0.0
1378034613;	2;	5199.999252;	93.599986536;	1.8;	8359936.0;	117438.66666666667;	0.0;	10.333333333333334;	4.4;	0.0
1378034913;	2;	5199.999252;	91.866653452;	1.7666666666666666;	8359936.0;	100661.6;	0.0;	10.4;	4.466666666666667;	0.0
1378035214;	2;	5199.999252;	86.6666542;	1.6666666666666665;	8359936.0;	167772.0;	0.0;	10.133333333333333;	4.4;	0.0
1378035514;	2;	5199.999252;	109.199984292;	2.1;	8359936.0;	128623.73333333334;	0.0;	15.8;	4.533333333333333;	0.0
1378035814;	2;	5199.999252;	88.399987284;	1.7;	8359936.0;	128624.8;	0.0;	10.266666666666667;	4.466666666666667;	0.0
1378036114;	2;	5199.999252;	90.133320368;	1.7333333333333334;	8359936.0;	72699.46666666666;	0.0;	10.2;	4.333333333333333;	0.0
1378036414;	2;	5199.999252;	93.599986536;	1.8;	8359936.0;	111846.93333333333;	0.0;	10.2;	4.4;	0.0
1378036714;	2;	5199.999252;	91.866653452;	1.7666666666666666;	8359936.0;	150994.4;	0.0;	10.2;	4.466666666666667;	0.0
1378037014;	2;	5199.999252;	90.133320368;	1.7333333333333334;	8359936.0;	89477.33333333333;	0.0;	10.933333333333334;	4.466666666666667;	0.0
1378037314;	2;	5199.999252;	95.33331962;	1.8333333333333335;	8359936.0;	212509.86666666667;	0.0;	10.733333333333333;	4.466666666666667;	0.0
1378037614;	2;	5199.999252;	91.866653452;	1.7666666666666666;	8359936.0;	167770.4;	0.0;	10.2;	4.466666666666667;	0.0
1378037914;	2;	5199.999252;	98.799985788;	1.9;	8359936.0;	72699.73333333334;	0.0;	10.2;	4.466666666666667;	0.0
1378038214;	2;	5199.999252;	88.399987284;	1.7;	8359936.0;	145401.86666666667;	0.0;	10.266666666666667;	4.466666666666667;	0.0
1378038514;	2;	5199.999252;	91.866653452;	1.7666666666666666;	8359936.0;	128624.26666666666;	0.0;	10.133333333333333;	4.533333333333333;	0.0
1378038814;	2;	5199.999252;	91.866653452;	1.7666666666666666;	8359936.0;	173362.93333333332;	0.0;	10.2;	4.533333333333333;	0.0
1378039114;	2;	5199.999252;	112.66665045999999;	2.1666666666666665;	8359936.0;	173362.66666666666;	0.0;	15.666666666666666;	4.533333333333333;	0.0
1378039414;	2;	5199.999252;	86.6666542;	1.6666666666666665;	8359936.0;	178956.0;	0.0;	10.4;	4.6;	0.0
1378039714;	2;	5199.999252;	93.599986536;	1.8;	8359936.0;	83884.0;	0.0;	10.066666666666666;	4.533333333333333;	0.0
1378040014;	2;	5199.999252;	91.866653452;	1.7666666666666666;	8359936.0;	139808.0;	0.0;	10.266666666666667;	4.6;	0.0
1378040314;	2;	5199.999252;	93.599986536;	1.8;	8359936.0;	128623.46666666666;	0.0;	10.2;	4.533333333333333;	0.0
1378040614;	2;	5199.999252;	91.866653452;	1.7666666666666666;	8359936.0;	150993.33333333334;	0.0;	10.933333333333334;	4.666666666666667;	0.0
1378040914;	2;	5199.999252;	90.133320368;	1.7333333333333334;	8359936.0;	195732.53333333333;	0.0;	10.866666666666667;	4.466666666666667;	0.0
1378041214;	2;	5199.999252;	90.133320368;	1.7333333333333334;	8359936.0;	123031.73333333334;	0.0;	10.2;	4.466666666666667;	0.0
1378041514;	2;	5199.999252;	100.533318872;	1.9333333333333333;	8359936.0;	83885.06666666667;	0.0;	10.333333333333334;	4.533333333333333;	0.0
1378041814;	2;	5199.999252;	95.33331962;	1.8333333333333335;	8359936.0;	201324.8;	0.0;	10.2;	4.4;	0.0
1378042114;	2;	5199.999252;	91.866653452;	1.7666666666666666;	8359936.0;	150993.86666666667;	0.0;	10.066666666666666;	4.466666666666667;	0.0
1378042414;	2;	5199.999252;	88.399987284;	1.7;	8359936.0;	123031.46666666666;	0.0;	10.466666666666667;	4.333333333333333;	0.0
1378042715;	2;	5199.999252;	116.13331662799999;	2.2333333333333334;	8359936.0;	206916.8;	0.0;	15.666666666666666;	4.466666666666667;	0.0
1378043015;	2;	5199.999252;	93.599986536;	1.8;	8359936.0;	184548.0;	0.0;	10.2;	4.333333333333333;	0.0
1378043315;	2;	5199.999252;	91.866653452;	1.7666666666666666;	8359936.0;	134216.8;	0.0;	10.133333333333333;	4.4;	0.0
1378043615;	2;	5199.999252;	95.33331962;	1.8333333333333335;	8359936.0;	61515.46666666667;	0.0;	10.2;	4.4;	0.0
1378043915;	2;	5199.999252;	91.866653452;	1.7666666666666666;	8359936.0;	27961.866666666665;	0.0;	10.2;	4.466666666666667;	0.0
1378044215;	2;	5199.999252;	98.799985788;	1.9;	8359936.0;	95069.06666666667;	0.0;	10.866666666666667;	4.533333333333333;	0.0
1378044515;	2;	5199.999252;	98.799985788;	1.9;	8359936.0;	212510.66666666666;	0.0;	11.0;	4.466666666666667;	0.0
1378044815;	2;	5199.999252;	91.866653452;	1.7666666666666666;	8359936.0;	162178.66666666666;	0.0;	10.133333333333333;	4.333333333333333;	0.0
1378045115;	2;	5199.999252;	91.866653452;	1.7666666666666666;	8359936.0;	195733.86666666667;	0.0;	10.2;	4.466666666666667;	0.0
1378045415;	2;	5199.999252;	91.866653452;	1.7666666666666666;	8359936.0;	89476.53333333334;	0.0;	10.133333333333333;	4.333333333333333;	0.0
1378045715;	2;	5199.999252;	95.33331962;	1.8333333333333335;	8359936.0;	111846.66666666667;	0.0;	10.333333333333334;	4.466666666666667;	0.0
1378046015;	2;	5199.999252;	95.33331962;	1.8333333333333335;	8359936.0;	83884.53333333334;	0.0;	10.133333333333333;	4.4;	0.0
1378046315;	2;	5199.999252;	114.39998354400001;	2.2;	8359936.0;	83884.53333333334;	0.0;	15.733333333333333;	4.533333333333333;	0.0
1378046615;	2;	5199.999252;	95.33331962;	1.8333333333333335;	8359936.0;	106254.93333333333;	0.0;	10.2;	4.4;	0.0
1378046915;	2;	5199.999252;	88.399987284;	1.7;	8359936.0;	117439.2;	0.0;	10.266666666666667;	4.333333333333333;	0.0
1378047215;	2;	5199.999252;	93.599986536;	1.8;	8359936.0;	50330.4;	0.0;	10.4;	4.466666666666667;	0.0
1378047515;	2;	5199.999252;	88.399987284;	1.7;	8359936.0;	67108.0;	0.0;	10.133333333333333;	4.466666666666667;	0.0
1378047815;	2;	5199.999252;	95.33331962;	1.8333333333333335;	8359936.0;	117439.73333333334;	0.0;	10.8;	4.533333333333333;	0.0
1378048115;	2;	5199.999252;	95.33331962;	1.8333333333333335;	8359936.0;	167770.13333333333;	0.0;	10.8;	4.6;	0.0
1378048415;	2;	5199.999252;	88.399987284;	1.7;	8359936.0;	61515.73333333333;	0.0;	10.066666666666666;	4.466666666666667;	0.0
1378048715;	2;	5199.999252;	95.33331962;	1.8333333333333335;	8359936.0;	27961.333333333332;	0.0;	10.2;	4.533333333333333;	0.0
1378049015;	2;	5199.999252;	93.599986536;	1.8;	8359936.0;	150993.6;	0.0;	10.4;	4.6;	0.0
1378049315;	2;	5199.999252;	93.599986536;	1.8;	8359936.0;	145401.86666666667;	0.0;	10.133333333333333;	4.466666666666667;	0.0
1378049615;	2;	5199.999252;	88.399987284;	1.7;	8359936.0;	78291.73333333334;	0.0;	10.333333333333334;	4.4;	0.0
1378049915;	2;	5199.999252;	110.93331737599999;	2.1333333333333333;	8359936.0;	134216.26666666666;	0.0;	15.933333333333334;	4.6;	0.0
1378050215;	2;	5199.999252;	90.133320368;	1.7333333333333334;	8359936.0;	178955.73333333334;	0.0;	10.066666666666666;	4.466666666666667;	0.0
1378050515;	2;	5199.999252;	97.06665270399999;	1.8666666666666665;	8359936.0;	100662.93333333333;	0.0;	10.066666666666666;	4.6;	0.0
1378050815;	2;	5199.999252;	102.26665195599999;	1.9666666666666666;	8359936.0;	83884.0;	0.0;	10.266666666666667;	4.466666666666667;	0.0
1378051115;	2;	5199.999252;	102.26665195599999;	1.9666666666666666;	8359936.0;	89476.53333333334;	0.0;	10.266666666666667;	4.466666666666667;	0.0
1378051415;	2;	5199.999252;	91.866653452;	1.7666666666666666;	8359936.0;	184548.8;	0.0;	10.866666666666667;	4.466666666666667;	0.0
1378051715;	2;	5199.999252;	93.599986536;	1.8;	8359936.0;	128624.26666666666;	0.0;	10.8;	4.466666666666667;	0.0
1378052015;	2;	5199.999252;	88.399987284;	1.7;	8359936.0;	83884.0;	0.0;	10.333333333333334;	4.466666666666667;	0.0
1378052315;	2;	5199.999252;	86.6666542;	1.6666666666666665;	8359936.0;	72700.0;	0.0;	9.8;	4.4;	0.0
1378052615;	2;	5199.999252;	88.399987284;	1.7;	8359936.0;	100662.4;	0.0;	10.133333333333333;	4.4;	0.0
1378052915;	2;	5199.999252;	90.133320368;	1.7333333333333334;	8359936.0;	83884.0;	0.0;	10.2;	4.6;	0.0
1378053215;	2;	5199.999252;	86.6666542;	1.6666666666666665;	8359936.0;	100661.6;	0.0;	10.266666666666667;	4.466666666666667;	0.0
1378053515;	2;	5199.999252;	114.39998354400001;	2.2;	8359936.0;	290803.73333333334;	0.0;	15.733333333333333;	4.6;	0.0
1378053815;	2;	5199.999252;	86.6666542;	1.6666666666666665;	8359936.0;	296396.26666666666;	0.0;	10.2;	4.4;	0.0
1378054115;	2;	5199.999252;	93.599986536;	1.8;	8359936.0;	134216.8;	0.0;	10.4;	4.533333333333333;	0.0
1378054415;	2;	5199.999252;	90.133320368;	1.7333333333333334;	8359936.0;	173363.73333333334;	0.0;	10.133333333333333;	4.4;	0.0
1378054715;	2;	5199.999252;	90.133320368;	1.7333333333333334;	8359936.0;	100662.4;	0.0;	10.0;	4.533333333333333;	0.0
1378055015;	2;	5199.999252;	93.599986536;	1.8;	8359936.0;	83884.0;	0.0;	11.066666666666666;	4.466666666666667;	0.0
1378055315;	2;	5199.999252;	102.26665195599999;	1.9666666666666666;	8359936.0;	134216.8;	0.0;	11.133333333333333;	4.533333333333333;	0.0
1378055615;	2;	5199.999252;	90.133320368;	1.7333333333333334;	8359936.0;	134216.8;	0.0;	10.2;	4.533333333333333;	0.0
1378055916;	2;	5199.999252;	102.26665195599999;	1.9666666666666666;	8359936.0;	67107.2;	0.0;	10.266666666666667;	4.466666666666667;	0.0
1378056216;	2;	5199.999252;	97.06665270399999;	1.8666666666666665;	8359936.0;	83884.8;	0.0;	10.2;	4.4;	0.0
1378056516;	2;	5199.999252;	88.399987284;	1.7;	8359936.0;	117439.2;	0.0;	10.266666666666667;	4.533333333333333;	0.0
1378056816;	2;	5199.999252;	88.399987284;	1.7;	8359936.0;	111846.93333333333;	0.0;	10.333333333333334;	4.466666666666667;	0.0
1378057116;	2;	5199.999252;	116.13331662799999;	2.2333333333333334;	8359936.0;	223694.66666666666;	0.0;	15.6;	4.533333333333333;	0.0
1378057416;	2;	5199.999252;	88.399987284;	1.7;	8359936.0;	150993.33333333334;	0.0;	10.266666666666667;	4.6;	0.0
1378057716;	2;	5199.999252;	91.866653452;	1.7666666666666666;	8359936.0;	128623.2;	0.0;	10.2;	4.466666666666667;	0.0
1378058016;	2;	5199.999252;	97.06665270399999;	1.8666666666666665;	8359936.0;	106253.86666666667;	0.0;	10.266666666666667;	4.4;	0.0
1378058316;	2;	5199.999252;	90.133320368;	1.7333333333333334;	8359936.0;	67108.26666666666;	0.0;	10.4;	4.333333333333333;	0.0
1378058616;	2;	5199.999252;	93.599986536;	1.8;	8359936.0;	190141.33333333334;	0.0;	11.0;	4.533333333333333;	0.06666666666666667
1378058916;	2;	5199.999252;	86.6666542;	1.6666666666666665;	8359936.0;	173363.2;	0.0;	10.6;	4.533333333333333;	0.0
1378059216;	2;	5199.999252;	90.133320368;	1.7333333333333334;	8359936.0;	156586.13333333333;	0.0;	10.133333333333333;	4.333333333333333;	0.0
1378059516;	2;	5199.999252;	90.133320368;	1.7333333333333334;	8359936.0;	100661.6;	0.0;	10.2;	4.466666666666667;	0.0
1378059816;	2;	5199.999252;	90.133320368;	1.7333333333333334;	8359936.0;	83884.0;	0.0;	10.066666666666666;	4.4;	0.0
1378060116;	2;	5199.999252;	95.33331962;	1.8333333333333335;	8359936.0;	100661.6;	0.0;	10.4;	4.4;	0.0
1378060416;	2;	5199.999252;	98.799985788;	1.9;	8359936.0;	100661.6;	0.0;	10.2;	4.333333333333333;	0.0
1378060716;	2;	5199.999252;	110.93331737599999;	2.1333333333333333;	8359936.0;	156586.13333333333;	0.0;	15.733333333333333;	4.4;	0.0
1378061016;	2;	5199.999252;	90.133320368;	1.7333333333333334;	8359936.0;	61516.0;	0.0;	10.333333333333334;	4.466666666666667;	0.0
1378061316;	2;	5199.999252;	95.33331962;	1.8333333333333335;	8359936.0;	0.0;	0.0;	10.266666666666667;	4.333333333333333;	0.0
1378061616;	2;	5199.999252;	95.33331962;	1.8333333333333335;	8359936.0;	134217.06666666668;	0.0;	10.133333333333333;	4.466666666666667;	0.0
1378061916;	2;	5199.999252;	86.6666542;	1.6666666666666665;	8359936.0;	128624.0;	0.0;	10.0;	4.333333333333333;	0.0
1378062216;	2;	5199.999252;	98.799985788;	1.9;	8359936.0;	128624.26666666666;	0.0;	11.066666666666666;	4.466666666666667;	0.06666666666666667
1378062516;	2;	5199.999252;	93.599986536;	1.8;	8359936.0;	190141.06666666668;	0.0;	10.733333333333333;	4.266666666666667;	0.0
1378062816;	2;	5199.999252;	88.399987284;	1.7;	8359936.0;	89476.53333333334;	0.0;	10.2;	4.533333333333333;	0.0
1378063116;	2;	5199.999252;	88.399987284;	1.7;	8359936.0;	83884.0;	0.0;	10.266666666666667;	4.6;	0.0
1378063416;	2;	5199.999252;	90.133320368;	1.7333333333333334;	8359936.0;	89477.06666666667;	0.0;	10.266666666666667;	4.466666666666667;	0.0
1378063716;	2;	5199.999252;	90.133320368;	1.7333333333333334;	8359936.0;	89477.06666666667;	0.0;	10.266666666666667;	4.533333333333333;	0.0
1378064017;	2;	5199.999252;	93.599986536;	1.8;	8359936.0;	67108.0;	0.0;	10.133333333333333;	4.4;	0.0
1378064317;	2;	5199.999252;	116.13331662799999;	2.2333333333333334;	8359936.0;	212509.86666666667;	0.0;	15.733333333333333;	4.466666666666667;	0.0
1378064617;	2;	5199.999252;	86.6666542;	1.6666666666666665;	8359936.0;	173363.2;	0.0;	10.266666666666667;	4.4;	0.0
1378064917;	2;	5199.999252;	97.06665270399999;	1.8666666666666665;	8359936.0;	128624.8;	0.0;	10.133333333333333;	4.6;	0.0
1378065217;	2;	5199.999252;	100.533318872;	1.9333333333333333;	8359936.0;	117439.2;	0.0;	10.133333333333333;	4.4;	0.0
1378065517;	2;	5199.999252;	98.799985788;	1.9;	8359936.0;	44738.13333333333;	0.0;	10.066666666666666;	4.466666666666667;	0.0
1378065817;	2;	5199.999252;	90.133320368;	1.7333333333333334;	8359936.0;	100661.86666666667;	0.0;	11.066666666666666;	4.533333333333333;	0.06666666666666667
1378066117;	2;	5199.999252;	100.533318872;	1.9333333333333333;	8359936.0;	89477.6;	0.0;	11.066666666666666;	4.4;	0.0
1378066417;	2;	5199.999252;	90.133320368;	1.7333333333333334;	8359936.0;	134217.6;	0.0;	10.133333333333333;	4.466666666666667;	0.0
1378066717;	2;	5199.999252;	88.399987284;	1.7;	8359936.0;	95069.86666666667;	0.0;	10.266666666666667;	4.4;	0.0
1378067017;	2;	5199.999252;	95.33331962;	1.8333333333333335;	8359936.0;	100661.6;	0.0;	10.266666666666667;	4.466666666666667;	0.0
1378067317;	2;	5199.999252;	91.866653452;	1.7666666666666666;	8359936.0;	100662.4;	0.0;	10.266666666666667;	4.466666666666667;	0.0
1378067617;	2;	5199.999252;	93.599986536;	1.8;	8359936.0;	83884.0;	0.0;	10.266666666666667;	4.466666666666667;	0.0
1378067917;	2;	5199.999252;	112.66665045999999;	2.1666666666666665;	8359936.0;	257249.06666666668;	0.0;	15.733333333333333;	4.466666666666667;	0.0
1378068217;	2;	5199.999252;	90.133320368;	1.7333333333333334;	8359936.0;	173363.73333333334;	0.0;	10.333333333333334;	4.466666666666667;	0.0
1378068517;	2;	5199.999252;	88.399987284;	1.7;	8359936.0;	195733.33333333334;	0.0;	10.4;	4.533333333333333;	0.0
1378068817;	2;	5199.999252;	91.866653452;	1.7666666666666666;	8359936.0;	167771.2;	0.0;	10.4;	4.466666666666667;	0.0
1378069117;	2;	5199.999252;	86.6666542;	1.6666666666666665;	8359936.0;	145402.13333333333;	0.0;	10.133333333333333;	4.533333333333333;	0.0
1378069417;	2;	5199.999252;	97.06665270399999;	1.8666666666666665;	8359936.0;	178955.46666666667;	0.0;	11.2;	4.533333333333333;	0.06666666666666667
1378069717;	2;	5199.999252;	98.799985788;	1.9;	8359936.0;	150993.6;	0.0;	10.6;	4.466666666666667;	0.0
1378070017;	2;	5199.999252;	91.866653452;	1.7666666666666666;	8359936.0;	117438.4;	0.0;	10.466666666666667;	4.533333333333333;	0.0
1378070317;	2;	5199.999252;	91.866653452;	1.7666666666666666;	8359936.0;	83884.0;	0.0;	10.4;	4.4;	0.0
1378070617;	2;	5199.999252;	84.933321116;	1.6333333333333335;	8359936.0;	123031.73333333334;	0.0;	10.066666666666666;	4.533333333333333;	0.0
1378070917;	2;	5199.999252;	86.6666542;	1.6666666666666665;	8359936.0;	100662.4;	0.0;	10.266666666666667;	4.533333333333333;	0.0
1378071217;	2;	5199.999252;	112.66665045999999;	2.1666666666666665;	8359936.0;	128624.26666666666;	0.0;	10.266666666666667;	4.333333333333333;	0.0
1378071517;	2;	5199.999252;	123.066648964;	2.3666666666666667;	8359936.0;	268433.6;	0.0;	15.866666666666667;	4.666666666666667;	0.0
1378071817;	2;	5199.999252;	95.33331962;	1.8333333333333335;	8359936.0;	285211.2;	0.0;	10.266666666666667;	4.466666666666667;	0.0
1378072117;	2;	5199.999252;	86.6666542;	1.6666666666666665;	8359936.0;	150993.6;	0.0;	10.333333333333334;	4.533333333333333;	0.0
1378072418;	2;	5199.999252;	93.599986536;	1.8;	8359936.0;	139808.8;	0.0;	11.266666666666667;	4.4;	0.0
1378072718;	2;	5199.999252;	91.866653452;	1.7666666666666666;	8359936.0;	95069.33333333333;	0.0;	10.133333333333333;	4.333333333333333;	0.0
1378073018;	2;	5199.999252;	116.13331662799999;	2.2333333333333334;	8359936.0;	123031.73333333334;	0.0;	15.933333333333334;	4.533333333333333;	0.2
1378073318;	2;	5199.999252;	98.799985788;	1.9;	8359936.0;	167772.0;	0.0;	10.6;	4.4;	0.0
1378073618;	2;	5199.999252;	97.06665270399999;	1.8666666666666665;	8359936.0;	117439.2;	0.0;	10.333333333333334;	4.466666666666667;	0.0
1378073918;	2;	5199.999252;	97.06665270399999;	1.8666666666666665;	8359936.0;	195732.53333333333;	0.0;	10.133333333333333;	4.466666666666667;	0.0
1378074218;	2;	5199.999252;	98.799985788;	1.9;	8359936.0;	100662.66666666667;	0.0;	10.133333333333333;	4.4;	0.0
1378074518;	2;	5199.999252;	95.33331962;	1.8333333333333335;	8359936.0;	78292.53333333334;	0.0;	10.466666666666667;	4.466666666666667;	0.0
1378074818;	2;	5199.999252;	91.866653452;	1.7666666666666666;	8359936.0;	72700.26666666666;	0.0;	10.4;	4.533333333333333;	0.0
1378075118;	2;	5199.999252;	152.53331139199997;	2.933333333333333;	8359936.0;	301988.5333333333;	0.0;	37.53333333333333;	5.133333333333334;	1.4666666666666666
1378075418;	2;	5199.999252;	95.33331962;	1.8333333333333335;	8359936.0;	234879.73333333334;	0.0;	11.4;	4.666666666666667;	0.0
1378075718;	2;	5199.999252;	86.6666542;	1.6666666666666665;	8359936.0;	27961.333333333332;	0.0;	10.333333333333334;	4.466666666666667;	0.0
1378076018;	2;	5199.999252;	86.6666542;	1.6666666666666665;	8359936.0;	72700.26666666666;	0.0;	10.333333333333334;	4.466666666666667;	0.0
1378076318;	2;	5199.999252;	90.133320368;	1.7333333333333334;	8359936.0;	50331.2;	0.0;	10.266666666666667;	4.466666666666667;	0.0
1378076618;	2;	5199.999252;	98.799985788;	1.9;	8359936.0;	72700.0;	0.0;	11.133333333333333;	4.6;	0.06666666666666667
1378076918;	2;	5199.999252;	102.26665195599999;	1.9666666666666666;	8359936.0;	139809.33333333334;	0.0;	11.071428571428571;	4.533333333333333;	0.0
1378077218;	2;	5199.999252;	95.33331962;	1.8333333333333335;	8359936.0;	89477.06666666667;	0.0;	10.357142857142858;	4.466666666666667;	0.0
1378077518;	2;	5199.999252;	91.866653452;	1.7666666666666666;	8359936.0;	106254.4;	0.0;	10.2;	4.466666666666667;	0.0
1378077818;	2;	5199.999252;	88.399987284;	1.7;	8359936.0;	145401.33333333334;	0.0;	10.333333333333334;	4.4;	0.0
1378078118;	2;	5199.999252;	91.866653452;	1.7666666666666666;	8359936.0;	83885.06666666667;	0.0;	10.333333333333334;	4.466666666666667;	0.0
1378078418;	2;	5199.999252;	91.866653452;	1.7666666666666666;	8359936.0;	128624.26666666666;	0.0;	10.266666666666667;	4.333333333333333;	0.0
1378078718;	2;	5199.999252;	114.39998354400001;	2.2;	8359936.0;	285210.6666666667;	0.0;	15.866666666666667;	4.533333333333333;	0.0
1378079018;	2;	5199.999252;	91.866653452;	1.7666666666666666;	8359936.0;	201325.33333333334;	0.0;	10.2;	4.466666666666667;	0.0
1378079318;	2;	5199.999252;	86.6666542;	1.6666666666666665;	8359936.0;	162179.2;	0.0;	10.266666666666667;	4.466666666666667;	0.0
1378079618;	2;	5199.999252;	88.399987284;	1.7;	8359936.0;	117439.2;	0.0;	10.2;	4.466666666666667;	0.0
1378079918;	2;	5199.999252;	88.399987284;	1.7;	8359936.0;	100662.4;	0.0;	10.2;	4.533333333333333;	0.0
1378080218;	2;	5199.999252;	91.866653452;	1.7666666666666666;	8359936.0;	61515.2;	0.0;	11.133333333333333;	4.533333333333333;	0.06666666666666667
1378080518;	2;	5199.999252;	100.533318872;	1.9333333333333333;	8359936.0;	178955.46666666667;	0.0;	13.866666666666667;	4.733333333333333;	0.6666666666666666
1378080818;	2;	5199.999252;	103.99998504;	2.0;	8359936.0;	184548.0;	0.0;	14.933333333333334;	4.466666666666667;	0.0
1378081118;	2;	5199.999252;	90.133320368;	1.7333333333333334;	8359936.0;	67107.2;	0.0;	10.4;	4.533333333333333;	0.0
1378081418;	2;	5199.999252;	88.399987284;	1.7;	8359936.0;	128623.2;	0.0;	10.133333333333333;	4.466666666666667;	0.0
1378081718;	2;	5199.999252;	95.33331962;	1.8333333333333335;	8359936.0;	123031.73333333334;	0.0;	10.333333333333334;	4.533333333333333;	0.0
1378082018;	2;	5199.999252;	105.73331812399998;	2.033333333333333;	8359936.0;	150993.33333333334;	0.0;	10.133333333333333;	4.466666666666667;	0.0
1378082318;	2;	5199.999252;	107.46665120799999;	2.0666666666666664;	8359936.0;	262840.8;	0.0;	15.866666666666667;	4.466666666666667;	0.0
1378082618;	2;	5199.999252;	86.6666542;	1.6666666666666665;	8359936.0;	145401.33333333334;	0.0;	10.266666666666667;	4.4;	0.0
1378082918;	2;	5199.999252;	91.866653452;	1.7666666666666666;	8359936.0;	167771.2;	0.0;	10.333333333333334;	4.533333333333333;	0.0
1378083218;	2;	5199.999252;	90.133320368;	1.7333333333333334;	8359936.0;	89476.8;	0.0;	10.333333333333334;	4.4;	0.0
1378083518;	2;	5199.999252;	91.866653452;	1.7666666666666666;	8359936.0;	72700.26666666666;	0.0;	10.2;	4.466666666666667;	0.0
1378083818;	2;	5199.999252;	93.599986536;	1.8;	8359936.0;	184548.0;	0.0;	11.066666666666666;	4.6;	0.06666666666666667
1378084118;	2;	5199.999252;	91.866653452;	1.7666666666666666;	8359936.0;	128624.0;	0.0;	10.4;	4.466666666666667;	0.0
1378084418;	2;	5199.999252;	93.599986536;	1.8;	8359936.0;	150993.86666666667;	0.0;	10.066666666666666;	4.466666666666667;	0.0
1378084718;	2;	5199.999252;	90.133320368;	1.7333333333333334;	8359936.0;	150993.33333333334;	0.0;	10.333333333333334;	4.533333333333333;	0.0
1378085018;	2;	5199.999252;	97.06665270399999;	1.8666666666666665;	8359936.0;	162178.4;	0.0;	10.133333333333333;	4.466666666666667;	0.0
1378085318;	2;	5199.999252;	88.399987284;	1.7;	8359936.0;	83884.0;	0.0;	10.266666666666667;	4.466666666666667;	0.0
1378085618;	2;	5199.999252;	91.866653452;	1.7666666666666666;	8359936.0;	111846.66666666667;	0.0;	10.2;	4.466666666666667;	0.0
1378085918;	2;	5199.999252;	123.066648964;	2.3666666666666667;	8359936.0;	201324.8;	0.0;	75.0;	19.533333333333335;	0.26666666666666666
1378086218;	2;	5199.999252;	90.133320368;	1.7333333333333334;	8359936.0;	123032.0;	0.0;	10.266666666666667;	4.533333333333333;	0.0
1378086518;	2;	5199.999252;	88.399987284;	1.7;	8359936.0;	184548.8;	0.0;	10.333333333333334;	4.4;	0.0
1378086818;	2;	5199.999252;	88.399987284;	1.7;	8359936.0;	139808.26666666666;	0.0;	10.266666666666667;	4.466666666666667;	0.0
1378087118;	2;	5199.999252;	86.6666542;	1.6666666666666665;	8359936.0;	117439.2;	0.0;	10.333333333333334;	4.333333333333333;	0.0
1378087418;	2;	5199.999252;	251.33329717999996;	4.833333333333333;	8359936.0;	240472.26666666666;	0.0;	13.2;	6.0;	0.8666666666666667
1378087718;	2;	5199.999252;	93.599986536;	1.8;	8359936.0;	150993.6;	0.0;	12.333333333333334;	4.466666666666667;	0.0
1378088018;	2;	5199.999252;	90.133320368;	1.7333333333333334;	8359936.0;	134216.8;	0.0;	10.333333333333334;	4.333333333333333;	0.0
1378088319;	2;	5199.999252;	126.53331513200001;	2.4333333333333336;	8359936.0;	201325.86666666667;	0.0;	24.333333333333332;	11.4;	0.2
1378088619;	2;	5199.999252;	90.133320368;	1.7333333333333334;	8359936.0;	218102.4;	0.0;	10.2;	4.4;	0.0
1378088919;	2;	5199.999252;	97.06665270399999;	1.8666666666666665;	8359936.0;	223694.4;	0.0;	10.333333333333334;	4.4;	0.0
1378089219;	2;	5199.999252;	93.599986536;	1.8;	8359936.0;	100662.4;	0.0;	10.266666666666667;	4.4;	0.0
1378089519;	2;	5199.999252;	110.93331737599999;	2.1333333333333333;	8359936.0;	212510.66666666666;	0.0;	15.866666666666667;	4.466666666666667;	0.0
1378089819;	2;	5199.999252;	86.6666542;	1.6666666666666665;	8359936.0;	134216.0;	0.0;	10.466666666666667;	4.4;	0.0
1378090119;	2;	5199.999252;	84.933321116;	1.6333333333333335;	8359936.0;	117439.2;	0.0;	10.266666666666667;	4.4;	0.0
1378090419;	2;	5199.999252;	88.399987284;	1.7;	8359936.0;	16776.8;	0.0;	10.4;	4.466666666666667;	0.0
1378090719;	2;	5199.999252;	88.399987284;	1.7;	8359936.0;	100662.4;	0.0;	10.133333333333333;	4.4;	0.0
1378091019;	2;	5199.999252;	95.33331962;	1.8333333333333335;	8359936.0;	201325.6;	0.0;	11.066666666666666;	4.533333333333333;	0.06666666666666667
1378091319;	2;	5199.999252;	102.26665195599999;	1.9666666666666666;	8359936.0;	83884.0;	0.0;	10.533333333333333;	4.466666666666667;	0.0
1378091619;	2;	5199.999252;	90.133320368;	1.7333333333333334;	8359936.0;	134216.0;	0.0;	10.066666666666666;	4.466666666666667;	0.0
1378091919;	2;	5199.999252;	84.933321116;	1.6333333333333335;	8359936.0;	100662.4;	0.0;	10.333333333333334;	4.533333333333333;	0.0
1378092219;	2;	5199.999252;	84.933321116;	1.6333333333333335;	8359936.0;	106254.4;	0.0;	10.2;	4.4;	0.0
1378092519;	2;	5199.999252;	93.599986536;	1.8;	8359936.0;	167772.0;	0.0;	10.133333333333333;	4.466666666666667;	0.0
1378092819;	2;	5199.999252;	86.6666542;	1.6666666666666665;	8359936.0;	117439.46666666666;	0.0;	10.2;	4.333333333333333;	0.0
1378093119;	2;	5199.999252;	109.199984292;	2.1;	8359936.0;	184548.0;	0.0;	15.8;	4.466666666666667;	0.0
1378093419;	2;	5199.999252;	91.866653452;	1.7666666666666666;	8359936.0;	111846.66666666667;	0.0;	10.266666666666667;	4.466666666666667;	0.0
1378093719;	2;	5199.999252;	88.399987284;	1.7;	8359936.0;	111846.66666666667;	0.0;	10.333333333333334;	4.533333333333333;	0.0
1378094019;	2;	5199.999252;	93.599986536;	1.8;	8359936.0;	106253.86666666667;	0.0;	10.266666666666667;	4.533333333333333;	0.0
1378094319;	2;	5199.999252;	88.399987284;	1.7;	8359936.0;	123031.2;	0.0;	10.4;	4.466666666666667;	0.0
1378094619;	2;	5199.999252;	90.133320368;	1.7333333333333334;	8359936.0;	145401.86666666667;	0.0;	11.2;	4.6;	0.06666666666666667
1378094919;	2;	5199.999252;	102.26665195599999;	1.9666666666666666;	8359936.0;	95069.6;	0.0;	11.0;	4.533333333333333;	0.0
1378095219;	2;	5199.999252;	90.133320368;	1.7333333333333334;	8359936.0;	11184.533333333333;	0.0;	10.466666666666667;	4.466666666666667;	0.0
1378095519;	2;	5199.999252;	91.866653452;	1.7666666666666666;	8359936.0;	162179.46666666667;	0.0;	10.266666666666667;	4.4;	0.0
1378095819;	2;	5199.999252;	86.6666542;	1.6666666666666665;	8359936.0;	150994.4;	0.0;	10.133333333333333;	4.466666666666667;	0.0
1378096119;	2;	5199.999252;	90.133320368;	1.7333333333333334;	8359936.0;	22369.333333333332;	0.0;	10.2;	4.466666666666667;	0.0
1378096419;	2;	5199.999252;	90.133320368;	1.7333333333333334;	8359936.0;	106254.13333333333;	0.0;	10.466666666666667;	4.4;	0.0
1378096719;	2;	5199.999252;	112.66665045999999;	2.1666666666666665;	8359936.0;	201325.06666666668;	0.0;	15.8;	4.533333333333333;	0.0
1378097019;	2;	5199.999252;	83.19998803200001;	1.6;	8359936.0;	162178.4;	0.0;	10.133333333333333;	4.533333333333333;	0.0
1378097319;	2;	5199.999252;	91.866653452;	1.7666666666666666;	8359936.0;	11184.8;	0.0;	10.133333333333333;	4.266666666666667;	0.0
1378097619;	2;	5199.999252;	86.6666542;	1.6666666666666665;	8359936.0;	44738.13333333333;	0.0;	10.333333333333334;	4.4;	0.0
1378097919;	2;	5199.999252;	93.599986536;	1.8;	8359936.0;	117439.2;	0.0;	10.466666666666667;	4.4;	0.0
1378098219;	2;	5199.999252;	88.399987284;	1.7;	8359936.0;	106254.66666666667;	0.0;	11.0;	4.666666666666667;	0.06666666666666667
1378098519;	2;	5199.999252;	91.866653452;	1.7666666666666666;	8359936.0;	83884.0;	0.0;	11.066666666666666;	4.533333333333333;	0.0
1378098819;	2;	5199.999252;	86.6666542;	1.6666666666666665;	8359936.0;	100661.6;	0.0;	10.066666666666666;	4.666666666666667;	0.0
1378099119;	2;	5199.999252;	86.6666542;	1.6666666666666665;	8359936.0;	89477.6;	0.0;	10.0;	4.4;	0.0
1378099419;	2;	5199.999252;	90.133320368;	1.7333333333333334;	8359936.0;	117439.73333333334;	0.0;	10.333333333333334;	4.533333333333333;	0.0
1378099719;	2;	5199.999252;	86.6666542;	1.6666666666666665;	8359936.0;	100661.6;	0.0;	10.266666666666667;	4.466666666666667;	0.0
1378100019;	2;	5199.999252;	88.399987284;	1.7;	8359936.0;	145401.86666666667;	0.0;	10.266666666666667;	4.533333333333333;	0.0
1378100319;	2;	5199.999252;	114.39998354400001;	2.2;	8359936.0;	139809.33333333334;	0.0;	15.733333333333333;	4.466666666666667;	0.0
1378100620;	2;	5199.999252;	90.133320368;	1.7333333333333334;	8359936.0;	106255.2;	0.0;	10.266666666666667;	4.466666666666667;	0.0
1378100920;	2;	5199.999252;	84.933321116;	1.6333333333333335;	8359936.0;	83884.8;	0.0;	10.133333333333333;	4.4;	0.0
1378101220;	2;	5199.999252;	97.06665270399999;	1.8666666666666665;	8359936.0;	72700.53333333334;	0.0;	10.4;	4.533333333333333;	0.0
1378101520;	2;	5199.999252;	95.33331962;	1.8333333333333335;	8359936.0;	162178.66666666666;	0.0;	10.333333333333334;	4.466666666666667;	0.0
1378101820;	2;	5199.999252;	91.866653452;	1.7666666666666666;	8359936.0;	67107.2;	0.0;	11.2;	4.4;	0.06666666666666667
1378102120;	2;	5199.999252;	97.06665270399999;	1.8666666666666665;	8359936.0;	156586.66666666666;	0.0;	10.6;	4.333333333333333;	0.0
1378102420;	2;	5199.999252;	88.399987284;	1.7;	8359936.0;	162177.86666666667;	0.0;	10.333333333333334;	4.4;	0.0
1378102720;	2;	5199.999252;	88.399987284;	1.7;	8359936.0;	100661.33333333333;	0.0;	10.333333333333334;	4.4;	0.0
1378103020;	2;	5199.999252;	93.599986536;	1.8;	8359936.0;	55923.46666666667;	0.0;	10.133333333333333;	4.4;	0.0
1378103320;	2;	5199.999252;	95.33331962;	1.8333333333333335;	8359936.0;	139808.26666666666;	0.0;	10.333333333333334;	4.4;	0.0
1378103620;	2;	5199.999252;	90.133320368;	1.7333333333333334;	8359936.0;	134216.8;	0.0;	10.333333333333334;	4.466666666666667;	0.0
1378103920;	2;	5199.999252;	107.46665120799999;	2.0666666666666664;	8359936.0;	385874.4;	0.0;	16.066666666666666;	4.666666666666667;	0.0
1378104220;	2;	5199.999252;	91.866653452;	1.7666666666666666;	8359936.0;	184548.0;	0.0;	10.2;	4.533333333333333;	0.0
1378104520;	2;	5199.999252;	91.866653452;	1.7666666666666666;	8359936.0;	167771.2;	0.0;	10.133333333333333;	4.466666666666667;	0.0
1378104820;	2;	5199.999252;	88.399987284;	1.7;	8359936.0;	117439.2;	0.0;	10.466666666666667;	4.533333333333333;	0.0
1378105120;	2;	5199.999252;	90.133320368;	1.7333333333333334;	8359936.0;	39146.666666666664;	0.0;	10.266666666666667;	4.466666666666667;	0.0
1378105420;	2;	5199.999252;	93.599986536;	1.8;	8359936.0;	72700.26666666666;	0.0;	10.933333333333334;	4.666666666666667;	0.06666666666666667
1378105720;	2;	5199.999252;	91.866653452;	1.7666666666666666;	8359936.0;	150994.4;	0.0;	10.4;	4.533333333333333;	0.0
1378106020;	2;	5199.999252;	83.19998803200001;	1.6;	8359936.0;	167770.13333333333;	0.0;	10.333333333333334;	4.533333333333333;	0.0
1378106320;	2;	5199.999252;	98.799985788;	1.9;	8359936.0;	167770.4;	0.0;	10.266666666666667;	4.466666666666667;	0.0
1378106620;	2;	5199.999252;	98.799985788;	1.9;	8359936.0;	83884.8;	0.0;	10.333333333333334;	4.533333333333333;	0.0
1378106920;	2;	5199.999252;	90.133320368;	1.7333333333333334;	8359936.0;	55922.666666666664;	0.0;	10.4;	4.533333333333333;	0.0
1378107220;	2;	5199.999252;	91.866653452;	1.7666666666666666;	8359936.0;	150993.6;	0.0;	10.333333333333334;	4.6;	0.0
1378107520;	2;	5199.999252;	110.93331737599999;	2.1333333333333333;	8359936.0;	301988.0;	0.0;	15.666666666666666;	4.533333333333333;	0.0
1378107820;	2;	5199.999252;	90.133320368;	1.7333333333333334;	8359936.0;	150993.6;	0.0;	10.133333333333333;	4.6;	0.0
1378108120;	2;	5199.999252;	93.599986536;	1.8;	8359936.0;	100662.4;	0.0;	10.266666666666667;	4.533333333333333;	0.0
1378108420;	2;	5199.999252;	97.06665270399999;	1.8666666666666665;	8359936.0;	89477.86666666667;	0.0;	10.266666666666667;	4.4;	0.0
1378108720;	2;	5199.999252;	93.599986536;	1.8;	8359936.0;	117439.2;	0.0;	10.266666666666667;	4.466666666666667;	0.0
1378109020;	2;	5199.999252;	97.06665270399999;	1.8666666666666665;	8359936.0;	100661.6;	0.0;	11.0;	4.466666666666667;	0.06666666666666667
1378109320;	2;	5199.999252;	95.33331962;	1.8333333333333335;	8359936.0;	167772.0;	0.0;	10.8;	4.4;	0.0
1378109620;	2;	5199.999252;	88.399987284;	1.7;	8359936.0;	111847.2;	0.0;	10.2;	4.533333333333333;	0.0
1378109921;	2;	5199.999252;	93.599986536;	1.8;	8359936.0;	78291.73333333334;	0.0;	10.2;	4.4;	0.0
1378110221;	2;	5199.999252;	90.133320368;	1.7333333333333334;	8359936.0;	117438.4;	0.0;	10.266666666666667;	4.4;	0.0
1378110521;	2;	5199.999252;	98.799985788;	1.9;	8359936.0;	100662.13333333333;	0.0;	10.333333333333334;	4.466666666666667;	0.0
1378110820;	2;	5199.999252;	103.99998504;	2.0;	8359936.0;	134216.8;	0.0;	10.333333333333334;	4.466666666666667;	0.0
1378111120;	2;	5199.999252;	116.13331662799999;	2.2333333333333334;	8359936.0;	195732.26666666666;	0.0;	15.666666666666666;	4.533333333333333;	0.0
1378111420;	2;	5199.999252;	84.933321116;	1.6333333333333335;	8359936.0;	100661.86666666667;	0.0;	10.133333333333333;	4.466666666666667;	0.0
1378111720;	2;	5199.999252;	88.399987284;	1.7;	8359936.0;	111847.73333333334;	0.0;	10.333333333333334;	4.466666666666667;	0.0
1378112020;	2;	5199.999252;	90.133320368;	1.7333333333333334;	8359936.0;	117439.2;	0.0;	10.266666666666667;	4.533333333333333;	0.0
1378112320;	2;	5199.999252;	91.866653452;	1.7666666666666666;	8359936.0;	206917.33333333334;	0.0;	10.4;	4.4;	0.0
1378112621;	2;	5199.999252;	98.799985788;	1.9;	8359936.0;	106254.4;	0.0;	11.066666666666666;	4.533333333333333;	0.06666666666666667
1378112921;	2;	5199.999252;	97.06665270399999;	1.8666666666666665;	8359936.0;	150993.86666666667;	0.0;	10.466666666666667;	4.4;	0.0
1378113221;	2;	5199.999252;	102.26665195599999;	1.9666666666666666;	8359936.0;	123031.73333333334;	0.0;	10.333333333333334;	4.4;	0.0
1378113521;	2;	5199.999252;	86.6666542;	1.6666666666666665;	8359936.0;	162178.66666666666;	0.0;	10.2;	4.466666666666667;	0.0
1378113821;	2;	5199.999252;	86.6666542;	1.6666666666666665;	8359936.0;	178956.0;	0.0;	10.333333333333334;	4.466666666666667;	0.0
1378114121;	2;	5199.999252;	98.799985788;	1.9;	8359936.0;	139809.06666666668;	0.0;	10.333333333333334;	4.466666666666667;	0.0
1378114421;	2;	5199.999252;	97.06665270399999;	1.8666666666666665;	8359936.0;	27961.333333333332;	0.0;	10.4;	4.4;	0.0
1378114721;	2;	5199.999252;	109.199984292;	2.1;	8359936.0;	139808.53333333333;	0.0;	15.666666666666666;	4.533333333333333;	0.0
1378115021;	2;	5199.999252;	88.399987284;	1.7;	8359936.0;	95069.6;	0.0;	10.333333333333334;	4.466666666666667;	0.0
1378115321;	2;	5199.999252;	90.133320368;	1.7333333333333334;	8359936.0;	178956.0;	0.0;	10.333333333333334;	4.466666666666667;	0.0
1378115621;	2;	5199.999252;	95.33331962;	1.8333333333333335;	8359936.0;	134216.53333333333;	0.0;	10.2;	4.533333333333333;	0.0
1378115921;	2;	5199.999252;	91.866653452;	1.7666666666666666;	8359936.0;	83884.8;	0.0;	10.133333333333333;	4.266666666666667;	0.0
1378116221;	2;	5199.999252;	95.33331962;	1.8333333333333335;	8359936.0;	100662.4;	0.0;	11.0;	4.466666666666667;	0.06666666666666667
1378116521;	2;	5199.999252;	97.06665270399999;	1.8666666666666665;	8359936.0;	229287.46666666667;	0.0;	10.466666666666667;	4.4;	0.0
1378116821;	2;	5199.999252;	84.933321116;	1.6333333333333335;	8359936.0;	95069.06666666667;	0.0;	10.333333333333334;	4.4;	0.0
1378117121;	2;	5199.999252;	86.6666542;	1.6666666666666665;	8359936.0;	50330.4;	0.0;	10.333333333333334;	4.466666666666667;	0.0
1378117421;	2;	5199.999252;	91.866653452;	1.7666666666666666;	8359936.0;	72700.26666666666;	0.0;	10.2;	4.4;	0.0
1378117721;	2;	5199.999252;	93.599986536;	1.8;	8359936.0;	78291.73333333334;	0.0;	10.333333333333334;	4.333333333333333;	0.0
1378118021;	2;	5199.999252;	98.799985788;	1.9;	8359936.0;	106254.4;	0.0;	10.2;	4.333333333333333;	0.0
1378118321;	2;	5199.999252;	119.59998279599999;	2.3;	8359936.0;	212510.66666666666;	0.0;	15.866666666666667;	4.533333333333333;	0.0
1378118621;	2;	5199.999252;	88.399987284;	1.7;	8359936.0;	123031.2;	0.0;	10.266666666666667;	4.4;	0.0
1378118921;	2;	5199.999252;	93.599986536;	1.8;	8359936.0;	111846.4;	0.0;	10.266666666666667;	4.4;	0.0
1378119221;	2;	5199.999252;	93.599986536;	1.8;	8359936.0;	162178.93333333332;	0.0;	10.4;	4.4;	0.0
1378119521;	2;	5199.999252;	86.6666542;	1.6666666666666665;	8359936.0;	139808.8;	0.0;	10.333333333333334;	4.333333333333333;	0.0
1378119821;	2;	5199.999252;	103.99998504;	2.0;	8359936.0;	100662.66666666667;	0.0;	11.266666666666667;	4.533333333333333;	0.06666666666666667
1378120121;	2;	5199.999252;	100.533318872;	1.9333333333333333;	8359936.0;	123032.0;	0.0;	11.133333333333333;	4.466666666666667;	0.0
1378120421;	2;	5199.999252;	102.26665195599999;	1.9666666666666666;	8359936.0;	55922.666666666664;	0.0;	10.333333333333334;	4.466666666666667;	0.0
1378120721;	2;	5199.999252;	97.06665270399999;	1.8666666666666665;	8359936.0;	55922.666666666664;	0.0;	10.266666666666667;	4.4;	0.0
1378121021;	2;	5199.999252;	84.933321116;	1.6333333333333335;	8359936.0;	150993.6;	0.0;	10.266666666666667;	4.466666666666667;	0.0
1378121321;	2;	5199.999252;	90.133320368;	1.7333333333333334;	8359936.0;	33553.6;	0.0;	10.333333333333334;	4.466666666666667;	0.0
1378121622;	2;	5199.999252;	97.06665270399999;	1.8666666666666665;	8359936.0;	55922.666666666664;	0.0;	10.4;	4.466666666666667;	0.0
1378121922;	2;	5199.999252;	116.13331662799999;	2.2333333333333334;	8359936.0;	156586.13333333333;	0.0;	16.0;	4.666666666666667;	0.0
1378122222;	2;	5199.999252;	91.866653452;	1.7666666666666666;	8359936.0;	184548.8;	0.0;	10.266666666666667;	4.333333333333333;	0.0
1378122522;	2;	5199.999252;	91.866653452;	1.7666666666666666;	8359936.0;	117439.2;	0.0;	10.2;	4.4;	0.0
1378122822;	2;	5199.999252;	93.599986536;	1.8;	8359936.0;	123031.73333333334;	0.0;	10.333333333333334;	4.333333333333333;	0.0
1378123122;	2;	5199.999252;	88.399987284;	1.7;	8359936.0;	134216.8;	0.0;	10.133333333333333;	4.4;	0.0
1378123422;	2;	5199.999252;	95.33331962;	1.8333333333333335;	8359936.0;	100661.6;	0.0;	11.066666666666666;	4.6;	0.06666666666666667
1378123722;	2;	5199.999252;	97.06665270399999;	1.8666666666666665;	8359936.0;	50330.4;	0.0;	10.666666666666666;	4.4;	0.0
1378124022;	2;	5199.999252;	97.06665270399999;	1.8666666666666665;	8359936.0;	156585.6;	0.0;	10.266666666666667;	4.4;	0.0
1378124322;	2;	5199.999252;	91.866653452;	1.7666666666666666;	8359936.0;	67107.46666666666;	0.0;	10.333333333333334;	4.4;	0.0
1378124622;	2;	5199.999252;	97.06665270399999;	1.8666666666666665;	8359936.0;	139809.6;	0.0;	10.466666666666667;	4.4;	0.0
1378124922;	2;	5199.999252;	91.866653452;	1.7666666666666666;	8359936.0;	117440.0;	0.0;	10.4;	4.4;	0.0
1378125222;	2;	5199.999252;	98.799985788;	1.9;	8359936.0;	128623.2;	0.0;	10.333333333333334;	4.4;	0.0
1378125522;	2;	5199.999252;	121.33331587999999;	2.3333333333333335;	8359936.0;	223694.93333333332;	0.0;	15.6;	4.4;	0.0
1378125822;	2;	5199.999252;	103.99998504;	2.0;	8359936.0;	150993.6;	0.0;	10.4;	4.4;	0.0
1378126122;	2;	5199.999252;	95.33331962;	1.8333333333333335;	8359936.0;	117439.2;	0.0;	10.266666666666667;	4.4;	0.0
1378126422;	2;	5199.999252;	100.533318872;	1.9333333333333333;	8359936.0;	111846.66666666667;	0.0;	10.333333333333334;	4.4;	0.0
1378126722;	2;	5199.999252;	90.133320368;	1.7333333333333334;	8359936.0;	162178.13333333333;	0.0;	10.266666666666667;	4.4;	0.0
1378127022;	2;	5199.999252;	97.06665270399999;	1.8666666666666665;	8359936.0;	150994.4;	0.0;	11.133333333333333;	4.6;	0.06666666666666667
1378127322;	2;	5199.999252;	97.06665270399999;	1.8666666666666665;	8359936.0;	178955.73333333334;	0.0;	10.666666666666666;	4.533333333333333;	0.0
1378127622;	2;	5199.999252;	90.133320368;	1.7333333333333334;	8359936.0;	78292.0;	0.0;	10.333333333333334;	4.466666666666667;	0.0
1378127922;	2;	5199.999252;	88.399987284;	1.7;	8359936.0;	83884.0;	0.0;	10.4;	4.333333333333333;	0.0
1378128222;	2;	5199.999252;	86.6666542;	1.6666666666666665;	8359936.0;	89478.13333333333;	0.0;	10.4;	4.466666666666667;	0.0
1378128522;	2;	5199.999252;	95.33331962;	1.8333333333333335;	8359936.0;	72699.73333333334;	0.0;	10.333333333333334;	4.466666666666667;	0.0
1378128822;	2;	5199.999252;	88.399987284;	1.7;	8359936.0;	145400.8;	0.0;	10.4;	4.666666666666667;	0.0
1378129122;	2;	5199.999252;	110.93331737599999;	2.1333333333333333;	8359936.0;	301989.06666666665;	0.0;	15.8;	4.6;	0.0
1378129422;	2;	5199.999252;	90.133320368;	1.7333333333333334;	8359936.0;	156586.4;	0.0;	10.466666666666667;	4.6;	0.0
1378129722;	2;	5199.999252;	93.599986536;	1.8;	8359936.0;	83885.6;	0.0;	10.266666666666667;	4.533333333333333;	0.0
1378130022;	2;	5199.999252;	95.33331962;	1.8333333333333335;	8359936.0;	72699.46666666666;	0.0;	10.533333333333333;	4.533333333333333;	0.0
1378130322;	2;	5199.999252;	95.33331962;	1.8333333333333335;	8359936.0;	184548.26666666666;	0.0;	10.133333333333333;	4.533333333333333;	0.0
1378130622;	2;	5199.999252;	88.399987284;	1.7;	8359936.0;	218103.2;	0.0;	10.933333333333334;	4.8;	0.06666666666666667
1378130922;	2;	5199.999252;	95.33331962;	1.8333333333333335;	8359936.0;	184548.8;	0.0;	11.0;	4.666666666666667;	0.0
1378131222;	2;	5199.999252;	90.133320368;	1.7333333333333334;	8359936.0;	106254.13333333333;	0.0;	10.066666666666666;	4.466666666666667;	0.0
1378131522;	2;	5199.999252;	88.399987284;	1.7;	8359936.0;	128624.26666666666;	0.0;	10.266666666666667;	4.466666666666667;	0.0
1378131822;	2;	5199.999252;	88.399987284;	1.7;	8359936.0;	111846.13333333333;	0.0;	10.133333333333333;	4.4;	0.0
1378132122;	2;	5199.999252;	93.599986536;	1.8;	8359936.0;	156586.66666666666;	0.0;	10.133333333333333;	4.466666666666667;	0.0
1378132422;	2;	5199.999252;	84.933321116;	1.6333333333333335;	8359936.0;	95069.06666666667;	0.0;	10.266666666666667;	4.466666666666667;	0.0
1378132722;	2;	5199.999252;	109.199984292;	2.1;	8359936.0;	290803.2;	0.0;	15.6;	4.4;	0.0
1378133023;	2;	5199.999252;	93.599986536;	1.8;	8359936.0;	162178.66666666666;	0.0;	10.333333333333334;	4.466666666666667;	0.0
1378133323;	2;	5199.999252;	95.33331962;	1.8333333333333335;	8359936.0;	95070.66666666667;	0.0;	10.2;	4.533333333333333;	0.0
1378133623;	2;	5199.999252;	100.533318872;	1.9333333333333333;	8359936.0;	50330.4;	0.0;	10.4;	4.4;	0.0
1378133923;	2;	5199.999252;	88.399987284;	1.7;	8359936.0;	134217.06666666668;	0.0;	10.2;	4.666666666666667;	0.0
1378134223;	2;	5199.999252;	90.133320368;	1.7333333333333334;	8359936.0;	201325.6;	0.0;	11.266666666666667;	4.733333333333333;	0.06666666666666667
1378134523;	2;	5199.999252;	90.133320368;	1.7333333333333334;	8359936.0;	195732.26666666666;	0.0;	10.533333333333333;	4.466666666666667;	0.0
1378134823;	2;	5199.999252;	95.33331962;	1.8333333333333335;	8359936.0;	89477.06666666667;	0.0;	10.2;	4.6;	0.0
1378135123;	2;	5199.999252;	95.33331962;	1.8333333333333335;	8359936.0;	89476.53333333334;	0.0;	10.133333333333333;	4.466666666666667;	0.0
1378135423;	2;	5199.999252;	84.933321116;	1.6333333333333335;	8359936.0;	128624.26666666666;	0.0;	10.266666666666667;	4.533333333333333;	0.0
1378135723;	2;	5199.999252;	88.399987284;	1.7;	8359936.0;	162178.4;	0.0;	10.266666666666667;	4.533333333333333;	0.0
1378136023;	2;	5199.999252;	86.6666542;	1.6666666666666665;	8359936.0;	167770.93333333332;	0.0;	10.2;	4.466666666666667;	0.0
1378136323;	2;	5199.999252;	112.66665045999999;	2.1666666666666665;	8359936.0;	134216.26666666666;	0.0;	15.8;	4.666666666666667;	0.0
1378136623;	2;	5199.999252;	93.599986536;	1.8;	8359936.0;	195733.33333333334;	0.0;	10.4;	4.466666666666667;	0.0
1378136923;	2;	5199.999252;	98.799985788;	1.9;	8359936.0;	95069.06666666667;	0.0;	10.133333333333333;	4.4;	0.0
1378137223;	2;	5199.999252;	100.533318872;	1.9333333333333333;	8359936.0;	134216.53333333333;	0.0;	10.266666666666667;	4.4;	0.0
1378137523;	2;	5199.999252;	88.399987284;	1.7;	8359936.0;	123031.2;	0.0;	10.133333333333333;	4.533333333333333;	0.0
1378137823;	2;	5199.999252;	103.99998504;	2.0;	8359936.0;	100661.6;	0.0;	11.066666666666666;	4.666666666666667;	0.06666666666666667
1378138123;	2;	5199.999252;	90.133320368;	1.7333333333333334;	8359936.0;	156585.6;	0.0;	10.4;	4.466666666666667;	0.0
1378138423;	2;	5199.999252;	86.6666542;	1.6666666666666665;	8359936.0;	134216.26666666666;	0.0;	10.4;	4.466666666666667;	0.0
1378138723;	2;	5199.999252;	91.866653452;	1.7666666666666666;	8359936.0;	33553.6;	0.0;	10.333333333333334;	4.533333333333333;	0.0
1378139023;	2;	5199.999252;	100.533318872;	1.9333333333333333;	8359936.0;	67108.0;	0.0;	10.466666666666667;	4.4;	0.0
1378139323;	2;	5199.999252;	93.599986536;	1.8;	8359936.0;	27961.333333333332;	0.0;	10.133333333333333;	4.4;	0.0
1378139623;	2;	5199.999252;	90.133320368;	1.7333333333333334;	8359936.0;	117439.2;	0.0;	10.4;	4.333333333333333;	0.0
1378139923;	2;	5199.999252;	114.39998354400001;	2.2;	8359936.0;	218102.4;	0.0;	15.933333333333334;	4.6;	0.0
1378140223;	2;	5199.999252;	84.933321116;	1.6333333333333335;	8359936.0;	100661.6;	0.0;	10.4;	4.466666666666667;	0.0
1378140523;	2;	5199.999252;	95.33331962;	1.8333333333333335;	8359936.0;	178956.0;	0.0;	10.266666666666667;	4.466666666666667;	0.0
1378140824;	2;	5199.999252;	91.866653452;	1.7666666666666666;	8359936.0;	173362.93333333332;	0.0;	10.2;	4.4;	0.0
1378141124;	2;	5199.999252;	88.399987284;	1.7;	8359936.0;	150993.6;	0.0;	10.333333333333334;	4.466666666666667;	0.0
1378141424;	2;	5199.999252;	88.399987284;	1.7;	8359936.0;	134216.8;	0.0;	11.0;	4.6;	0.06666666666666667
1378141724;	2;	5199.999252;	98.799985788;	1.9;	8359936.0;	173362.4;	0.0;	11.333333333333334;	4.533333333333333;	0.0
1378142024;	2;	5199.999252;	91.866653452;	1.7666666666666666;	8359936.0;	78291.73333333334;	0.0;	10.266666666666667;	4.466666666666667;	0.0
1378142324;	2;	5199.999252;	102.26665195599999;	1.9666666666666666;	8359936.0;	83884.0;	0.0;	10.266666666666667;	4.533333333333333;	0.0
1378142624;	2;	5199.999252;	90.133320368;	1.7333333333333334;	8359936.0;	106254.13333333333;	0.0;	10.333333333333334;	4.4;	0.0
1378142924;	2;	5199.999252;	91.866653452;	1.7666666666666666;	8359936.0;	167772.0;	0.0;	10.333333333333334;	4.466666666666667;	0.0
1378143224;	2;	5199.999252;	90.133320368;	1.7333333333333334;	8359936.0;	156586.13333333333;	0.0;	10.333333333333334;	4.6;	0.0
1378143524;	2;	5199.999252;	117.86664971199998;	2.2666666666666666;	8359936.0;	218101.6;	0.0;	15.933333333333334;	4.6;	0.0
1378143824;	2;	5199.999252;	90.133320368;	1.7333333333333334;	8359936.0;	190140.26666666666;	0.0;	10.133333333333333;	4.6;	0.0
1378144124;	2;	5199.999252;	91.866653452;	1.7666666666666666;	8359936.0;	111847.2;	0.0;	10.333333333333334;	4.6;	0.0
1378144424;	2;	5199.999252;	90.133320368;	1.7333333333333334;	8359936.0;	128624.53333333334;	0.0;	10.266666666666667;	4.4;	0.0
1378144724;	2;	5199.999252;	95.33331962;	1.8333333333333335;	8359936.0;	100661.6;	0.0;	10.133333333333333;	4.533333333333333;	0.0
1378145024;	2;	5199.999252;	90.133320368;	1.7333333333333334;	8359936.0;	167771.2;	0.0;	11.066666666666666;	4.6;	0.06666666666666667
1378145324;	2;	5199.999252;	102.26665195599999;	1.9666666666666666;	8359936.0;	173363.73333333334;	0.0;	10.6;	4.533333333333333;	0.0
1378145624;	2;	5199.999252;	90.133320368;	1.7333333333333334;	8359936.0;	128623.46666666666;	0.0;	10.2;	4.6;	0.0
1378145924;	2;	5199.999252;	93.599986536;	1.8;	8359936.0;	72699.73333333334;	0.0;	10.133333333333333;	4.533333333333333;	0.0
1378146224;	2;	5199.999252;	91.866653452;	1.7666666666666666;	8359936.0;	128623.2;	0.0;	10.2;	4.4;	0.0
1378146524;	2;	5199.999252;	93.599986536;	1.8;	8359936.0;	212509.6;	0.0;	10.066666666666666;	4.466666666666667;	0.0
1378146824;	2;	5199.999252;	88.399987284;	1.7;	8359936.0;	72699.46666666666;	0.0;	10.2;	4.533333333333333;	0.0
1378147124;	2;	5199.999252;	109.199984292;	2.1;	8359936.0;	234879.46666666667;	0.0;	15.8;	4.6;	0.0
1378147424;	2;	5199.999252;	93.599986536;	1.8;	8359936.0;	229287.46666666667;	0.0;	10.333333333333334;	4.6;	0.0
1378147724;	2;	5199.999252;	93.599986536;	1.8;	8359936.0;	95070.13333333333;	0.0;	10.2;	4.533333333333333;	0.0
1378148024;	2;	5199.999252;	91.866653452;	1.7666666666666666;	8359936.0;	83884.0;	0.0;	10.266666666666667;	4.6;	0.0
1378148324;	2;	5199.999252;	91.866653452;	1.7666666666666666;	8359936.0;	139809.33333333334;	0.0;	10.133333333333333;	4.466666666666667;	0.0
1378148624;	2;	5199.999252;	93.599986536;	1.8;	8359936.0;	212509.86666666667;	0.0;	10.933333333333334;	4.733333333333333;	0.06666666666666667
1378148924;	2;	5199.999252;	95.33331962;	1.8333333333333335;	8359936.0;	162178.13333333333;	0.0;	10.4;	4.533333333333333;	0.0
1378149224;	2;	5199.999252;	90.133320368;	1.7333333333333334;	8359936.0;	100661.86666666667;	0.0;	10.333333333333334;	4.666666666666667;	0.0
1378149524;	2;	5199.999252;	88.399987284;	1.7;	8359936.0;	55922.666666666664;	0.0;	10.266666666666667;	4.6;	0.0
1378149824;	2;	5199.999252;	90.133320368;	1.7333333333333334;	8359936.0;	83884.0;	0.0;	10.333333333333334;	4.6;	0.0
1378150124;	2;	5199.999252;	91.866653452;	1.7666666666666666;	8359936.0;	100661.6;	0.0;	10.2;	4.533333333333333;	0.0
1378150424;	2;	5199.999252;	91.866653452;	1.7666666666666666;	8359936.0;	156586.13333333333;	0.0;	10.533333333333333;	4.533333333333333;	0.0
1378150724;	2;	5199.999252;	114.39998354400001;	2.2;	8359936.0;	201324.8;	0.0;	15.8;	4.466666666666667;	0.0
1378151024;	2;	5199.999252;	93.599986536;	1.8;	8359936.0;	195733.06666666668;	0.0;	10.466666666666667;	4.466666666666667;	0.0
1378151324;	2;	5199.999252;	90.133320368;	1.7333333333333334;	8359936.0;	128624.0;	0.0;	10.266666666666667;	4.466666666666667;	0.0
1378151624;	2;	5199.999252;	90.133320368;	1.7333333333333334;	8359936.0;	128624.26666666666;	0.0;	10.266666666666667;	4.533333333333333;	0.0
1378151924;	2;	5199.999252;	95.33331962;	1.8333333333333335;	8359936.0;	167770.4;	0.0;	10.333333333333334;	4.4;	0.0
1378152224;	2;	5199.999252;	91.866653452;	1.7666666666666666;	8359936.0;	150992.8;	0.0;	11.066666666666666;	4.533333333333333;	0.06666666666666667
1378152525;	2;	5199.999252;	100.533318872;	1.9333333333333333;	8359936.0;	117439.2;	0.0;	11.266666666666667;	4.4;	0.0
1378152825;	2;	5199.999252;	91.866653452;	1.7666666666666666;	8359936.0;	145400.8;	0.0;	10.2;	4.466666666666667;	0.0
1378153125;	2;	5199.999252;	93.599986536;	1.8;	8359936.0;	111847.2;	0.0;	10.333333333333334;	4.4;	0.0
1378153425;	2;	5199.999252;	95.33331962;	1.8333333333333335;	8359936.0;	39145.86666666667;	0.0;	10.333333333333334;	4.4;	0.0
1378153725;	2;	5199.999252;	90.133320368;	1.7333333333333334;	8359936.0;	100662.4;	0.0;	10.2;	4.333333333333333;	0.0
1378154025;	2;	5199.999252;	93.599986536;	1.8;	8359936.0;	117439.2;	0.0;	10.266666666666667;	4.333333333333333;	0.0
1378154325;	2;	5199.999252;	116.13331662799999;	2.2333333333333334;	8359936.0;	240471.73333333334;	0.0;	16.2;	4.6;	0.0
1378154625;	2;	5199.999252;	91.866653452;	1.7666666666666666;	8359936.0;	195732.53333333333;	0.0;	10.4;	4.333333333333333;	0.0
1378154925;	2;	5199.999252;	93.599986536;	1.8;	8359936.0;	162179.46666666667;	0.0;	10.333333333333334;	4.4;	0.0
1378155225;	2;	5199.999252;	102.26665195599999;	1.9666666666666666;	8359936.0;	16776.8;	0.0;	10.466666666666667;	4.466666666666667;	0.0
1378155525;	2;	5199.999252;	91.866653452;	1.7666666666666666;	8359936.0;	100662.4;	0.0;	10.333333333333334;	4.4;	0.0
1378155825;	2;	5199.999252;	95.33331962;	1.8333333333333335;	8359936.0;	100662.4;	0.0;	11.133333333333333;	4.666666666666667;	0.0
1378156125;	2;	5199.999252;	93.599986536;	1.8;	8359936.0;	117439.2;	0.0;	10.933333333333334;	4.533333333333333;	0.0
1378156425;	2;	5199.999252;	86.6666542;	1.6666666666666665;	8359936.0;	134216.8;	0.0;	10.2;	4.533333333333333;	0.0
1378156725;	2;	5199.999252;	93.599986536;	1.8;	8359936.0;	106254.13333333333;	0.0;	10.533333333333333;	4.533333333333333;	0.0
1378157025;	2;	5199.999252;	90.133320368;	1.7333333333333334;	8359936.0;	150993.86666666667;	0.0;	10.4;	4.533333333333333;	0.0
1378157325;	2;	5199.999252;	90.133320368;	1.7333333333333334;	8359936.0;	50331.2;	0.0;	10.066666666666666;	4.6;	0.0
1378157625;	2;	5199.999252;	98.799985788;	1.9;	8359936.0;	106253.86666666667;	0.0;	10.4;	4.6;	0.0
1378157925;	2;	5199.999252;	126.53331513200001;	2.4333333333333336;	8359936.0;	223695.73333333334;	0.0;	16.066666666666666;	4.466666666666667;	0.0
1378158225;	2;	5199.999252;	95.33331962;	1.8333333333333335;	8359936.0;	167771.2;	0.0;	10.2;	4.466666666666667;	0.0
1378158525;	2;	5199.999252;	93.599986536;	1.8;	8359936.0;	67108.0;	0.0;	10.266666666666667;	4.533333333333333;	0.0
1378158825;	2;	5199.999252;	90.133320368;	1.7333333333333334;	8359936.0;	134216.0;	0.0;	11.133333333333333;	4.533333333333333;	0.0
1378159125;	2;	5199.999252;	97.06665270399999;	1.8666666666666665;	8359936.0;	111846.4;	0.0;	10.333333333333334;	4.466666666666667;	0.0
1378159425;	2;	5199.999252;	90.133320368;	1.7333333333333334;	8359936.0;	162178.13333333333;	0.0;	10.933333333333334;	4.466666666666667;	0.0
1378159725;	2;	5199.999252;	86.6666542;	1.6666666666666665;	8359936.0;	100661.6;	0.0;	10.733333333333333;	4.533333333333333;	0.0
1378160025;	2;	5199.999252;	83.19998803200001;	1.6;	8359936.0;	83884.0;	0.0;	10.4;	4.533333333333333;	0.0
1378160325;	2;	5199.999252;	91.866653452;	1.7666666666666666;	8359936.0;	145401.86666666667;	0.0;	10.466666666666667;	4.6;	0.0
1378160625;	2;	5199.999252;	103.99998504;	2.0;	8359936.0;	111846.66666666667;	0.0;	10.4;	4.6;	0.0
1378160925;	2;	5199.999252;	90.133320368;	1.7333333333333334;	8359936.0;	67108.26666666666;	0.0;	10.2;	4.666666666666667;	0.0
1378161225;	2;	5199.999252;	91.866653452;	1.7666666666666666;	8359936.0;	83885.6;	0.0;	10.266666666666667;	4.666666666666667;	0.0
1378161525;	2;	5199.999252;	149.06664522399998;	2.8666666666666667;	8359936.0;	279619.2;	0.0;	39.8;	6.6;	3.1333333333333333
1378161825;	2;	5199.999252;	129.9999813;	2.5;	8359936.0;	447390.4;	0.0;	15.933333333333334;	4.666666666666667;	0.0
1378162125;	2;	5199.999252;	86.6666542;	1.6666666666666665;	8359936.0;	178956.0;	0.0;	10.6;	4.533333333333333;	0.0
1378162425;	2;	5199.999252;	91.866653452;	1.7666666666666666;	8359936.0;	106254.93333333333;	0.0;	10.333333333333334;	4.533333333333333;	0.0
1378162725;	2;	5199.999252;	90.133320368;	1.7333333333333334;	8359936.0;	195733.33333333334;	0.0;	10.266666666666667;	4.6;	0.0
1378163025;	2;	5199.999252;	107.46665120799999;	2.0666666666666664;	8359936.0;	195732.8;	0.0;	15.8;	4.6;	0.13333333333333333
1378163325;	2;	5199.999252;	98.799985788;	1.9;	8359936.0;	223694.93333333332;	0.0;	10.8;	4.4;	0.0
1378163625;	2;	5199.999252;	95.33331962;	1.8333333333333335;	8359936.0;	89477.06666666667;	0.0;	10.266666666666667;	4.466666666666667;	0.0
1378163926;	2;	5199.999252;	95.33331962;	1.8333333333333335;	8359936.0;	50330.4;	0.0;	10.428571428571429;	4.466666666666667;	0.0
1378164226;	2;	5199.999252;	91.866653452;	1.7666666666666666;	8359936.0;	89477.06666666667;	0.0;	10.285714285714286;	4.533333333333333;	0.0
1378164526;	2;	5199.999252;	102.26665195599999;	1.9666666666666666;	8359936.0;	145400.8;	0.0;	10.428571428571429;	4.533333333333333;	0.0
1378164826;	2;	5199.999252;	91.866653452;	1.7666666666666666;	8359936.0;	83884.8;	0.0;	10.266666666666667;	4.466666666666667;	0.0
1378165126;	2;	5199.999252;	114.39998354400001;	2.2;	8359936.0;	178955.2;	0.0;	15.666666666666666;	4.733333333333333;	0.0
1378165426;	2;	5199.999252;	90.133320368;	1.7333333333333334;	8359936.0;	139808.0;	0.0;	10.466666666666667;	4.4;	0.0
1378165726;	2;	5199.999252;	90.133320368;	1.7333333333333334;	8359936.0;	83884.0;	0.0;	10.2;	4.533333333333333;	0.0
1378166026;	2;	5199.999252;	93.599986536;	1.8;	8359936.0;	134216.0;	0.0;	10.0;	4.533333333333333;	0.0
1378166326;	2;	5199.999252;	95.33331962;	1.8333333333333335;	8359936.0;	117439.2;	0.0;	10.266666666666667;	4.4;	0.0
1378166626;	2;	5199.999252;	95.33331962;	1.8333333333333335;	8359936.0;	223694.4;	0.0;	11.0;	4.6;	0.0
1378166926;	2;	5199.999252;	97.06665270399999;	1.8666666666666665;	8359936.0;	257248.8;	0.0;	10.533333333333333;	4.533333333333333;	0.0
1378167226;	2;	5199.999252;	112.66665045999999;	2.1666666666666665;	8359936.0;	341135.73333333334;	0.0;	18.333333333333332;	4.666666666666667;	0.6666666666666666
1378167526;	2;	5199.999252;	90.133320368;	1.7333333333333334;	8359936.0;	156585.6;	0.0;	10.333333333333334;	4.533333333333333;	0.0
1378167826;	2;	5199.999252;	91.866653452;	1.7666666666666666;	8359936.0;	150993.6;	0.0;	10.4;	4.4;	0.0
1378168126;	2;	5199.999252;	91.866653452;	1.7666666666666666;	8359936.0;	83884.26666666666;	0.0;	10.266666666666667;	4.466666666666667;	0.0
1378168426;	2;	5199.999252;	95.33331962;	1.8333333333333335;	8359936.0;	139808.8;	0.0;	10.333333333333334;	4.466666666666667;	0.0
1378168726;	2;	5199.999252;	129.9999813;	2.5;	8359936.0;	195732.8;	0.0;	89.46666666666667;	19.466666666666665;	0.3333333333333333
1378169026;	2;	5199.999252;	98.799985788;	1.9;	8359936.0;	162178.93333333332;	0.0;	10.333333333333334;	4.466666666666667;	0.0
1378169326;	2;	5199.999252;	95.33331962;	1.8333333333333335;	8359936.0;	195733.06666666668;	0.0;	10.266666666666667;	4.533333333333333;	0.0
1378169627;	2;	5199.999252;	95.33331962;	1.8333333333333335;	8359936.0;	50330.4;	0.0;	10.333333333333334;	4.466666666666667;	0.0
1378169927;	2;	5199.999252;	86.6666542;	1.6666666666666665;	8359936.0;	11184.533333333333;	0.0;	10.266666666666667;	4.6;	0.0
1378170227;	2;	5199.999252;	97.06665270399999;	1.8666666666666665;	8359936.0;	50330.4;	0.0;	11.133333333333333;	4.666666666666667;	0.0
1378170527;	2;	5199.999252;	95.33331962;	1.8333333333333335;	8359936.0;	201325.33333333334;	0.0;	10.4;	4.533333333333333;	0.0
1378170827;	2;	5199.999252;	95.33331962;	1.8333333333333335;	8359936.0;	39146.4;	0.0;	10.333333333333334;	4.6;	0.0
1378171127;	2;	5199.999252;	88.399987284;	1.7;	8359936.0;	27961.333333333332;	0.0;	10.066666666666666;	4.466666666666667;	0.0
1378171427;	2;	5199.999252;	91.866653452;	1.7666666666666666;	8359936.0;	106254.13333333333;	0.0;	10.266666666666667;	4.4;	0.0
1378171727;	2;	5199.999252;	93.599986536;	1.8;	8359936.0;	150993.6;	0.0;	10.266666666666667;	4.533333333333333;	0.0
1378172027;	2;	5199.999252;	91.866653452;	1.7666666666666666;	8359936.0;	83885.6;	0.0;	10.0;	4.533333333333333;	0.0
1378172327;	2;	5199.999252;	114.39998354400001;	2.2;	8359936.0;	268434.13333333336;	0.0;	16.0;	4.533333333333333;	0.0
1378172627;	2;	5199.999252;	91.866653452;	1.7666666666666666;	8359936.0;	111846.66666666667;	0.0;	10.266666666666667;	4.533333333333333;	0.0
1378172927;	2;	5199.999252;	90.133320368;	1.7333333333333334;	8359936.0;	117438.4;	0.0;	10.2;	4.466666666666667;	0.0
1378173227;	2;	5199.999252;	103.99998504;	2.0;	8359936.0;	33553.6;	0.0;	10.4;	4.6;	0.0
1378173527;	2;	5199.999252;	91.866653452;	1.7666666666666666;	8359936.0;	44738.13333333333;	0.0;	10.333333333333334;	4.533333333333333;	0.0
1378173827;	2;	5199.999252;	251.33329717999996;	4.833333333333333;	8359936.0;	145400.53333333333;	0.0;	13.133333333333333;	6.133333333333334;	0.8
1378174127;	2;	5199.999252;	102.26665195599999;	1.9666666666666666;	8359936.0;	150993.6;	0.0;	12.133333333333333;	4.6;	0.0
1378174427;	2;	5199.999252;	129.9999813;	2.5;	8359936.0;	190140.8;	0.0;	37.666666666666664;	11.4;	0.2
1378174727;	2;	5199.999252;	93.599986536;	1.8;	8359936.0;	285211.2;	0.0;	10.333333333333334;	4.4;	0.0
1378175027;	2;	5199.999252;	91.866653452;	1.7666666666666666;	8359936.0;	195733.06666666668;	0.0;	10.266666666666667;	4.466666666666667;	0.0
1378175327;	2;	5199.999252;	95.33331962;	1.8333333333333335;	8359936.0;	201324.8;	0.0;	10.066666666666666;	4.4;	0.0
1378175627;	2;	5199.999252;	91.866653452;	1.7666666666666666;	8359936.0;	83885.6;	0.0;	10.266666666666667;	4.533333333333333;	0.0
1378175927;	2;	5199.999252;	110.93331737599999;	2.1333333333333333;	8359936.0;	111848.0;	0.0;	15.866666666666667;	4.466666666666667;	0.0
1378176227;	2;	5199.999252;	90.133320368;	1.7333333333333334;	8359936.0;	100662.4;	0.0;	10.2;	4.466666666666667;	0.0
1378176527;	2;	5199.999252;	88.399987284;	1.7;	8359936.0;	67107.2;	0.0;	10.133333333333333;	4.466666666666667;	0.0
1378176827;	2;	5199.999252;	91.866653452;	1.7666666666666666;	8359936.0;	173362.93333333332;	0.0;	10.4;	4.533333333333333;	0.0
1378177127;	2;	5199.999252;	90.133320368;	1.7333333333333334;	8359936.0;	83885.86666666667;	0.0;	10.066666666666666;	4.466666666666667;	0.0
1378177427;	2;	5199.999252;	91.866653452;	1.7666666666666666;	8359936.0;	139808.26666666666;	0.0;	11.133333333333333;	4.533333333333333;	0.0
1378177727;	2;	5199.999252;	95.33331962;	1.8333333333333335;	8359936.0;	128623.73333333334;	0.0;	10.666666666666666;	4.466666666666667;	0.0
1378178027;	2;	5199.999252;	93.599986536;	1.8;	8359936.0;	44738.13333333333;	0.0;	10.333333333333334;	4.466666666666667;	0.0
1378178327;	2;	5199.999252;	97.06665270399999;	1.8666666666666665;	8359936.0;	83885.33333333333;	0.0;	10.133333333333333;	4.533333333333333;	0.0
1378178627;	2;	5199.999252;	91.866653452;	1.7666666666666666;	8359936.0;	100661.6;	0.0;	10.4;	4.6;	0.0
1378178927;	2;	5199.999252;	90.133320368;	1.7333333333333334;	8359936.0;	117439.46666666666;	0.0;	10.4;	4.6;	0.0
1378179227;	2;	5199.999252;	88.399987284;	1.7;	8359936.0;	184548.0;	0.0;	10.333333333333334;	4.466666666666667;	0.0
1378179527;	2;	5199.999252;	116.13331662799999;	2.2333333333333334;	8359936.0;	218102.93333333332;	0.0;	16.066666666666666;	4.6;	0.0
1378179828;	2;	5199.999252;	93.599986536;	1.8;	8359936.0;	195733.33333333334;	0.0;	10.2;	4.4;	0.0
1378180128;	2;	5199.999252;	90.133320368;	1.7333333333333334;	8359936.0;	78291.73333333334;	0.0;	10.4;	4.6;	0.0
1378180428;	2;	5199.999252;	93.599986536;	1.8;	8359936.0;	134216.8;	0.0;	10.266666666666667;	4.466666666666667;	0.0
1378180728;	2;	5199.999252;	91.866653452;	1.7666666666666666;	8359936.0;	100661.6;	0.0;	10.133333333333333;	4.466666666666667;	0.0
1378181028;	2;	5199.999252;	93.599986536;	1.8;	8359936.0;	123030.93333333333;	0.0;	11.066666666666666;	4.533333333333333;	0.0
1378181328;	2;	5199.999252;	90.133320368;	1.7333333333333334;	8359936.0;	83884.0;	0.0;	10.2;	4.4;	0.0
1378181628;	2;	5199.999252;	90.133320368;	1.7333333333333334;	8359936.0;	100661.6;	0.0;	10.4;	4.4;	0.0
1378181928;	2;	5199.999252;	88.399987284;	1.7;	8359936.0;	139808.0;	0.0;	10.2;	4.466666666666667;	0.0
1378182228;	2;	5199.999252;	90.133320368;	1.7333333333333334;	8359936.0;	67107.46666666666;	0.0;	10.266666666666667;	4.4;	0.0
1378182528;	2;	5199.999252;	88.399987284;	1.7;	8359936.0;	100661.6;	0.0;	10.266666666666667;	4.6;	0.0
1378182828;	2;	5199.999252;	83.19998803200001;	1.6;	8359936.0;	67107.2;	0.0;	10.266666666666667;	4.4;	0.0
1378183128;	2;	5199.999252;	112.66665045999999;	2.1666666666666665;	8359936.0;	218102.13333333333;	0.0;	16.0;	4.466666666666667;	0.0
1378183428;	2;	5199.999252;	86.6666542;	1.6666666666666665;	8359936.0;	274026.6666666667;	0.0;	10.266666666666667;	4.533333333333333;	0.0
1378183728;	2;	5199.999252;	86.6666542;	1.6666666666666665;	8359936.0;	139808.8;	0.0;	10.266666666666667;	4.466666666666667;	0.0
1378184028;	2;	5199.999252;	97.06665270399999;	1.8666666666666665;	8359936.0;	139808.53333333333;	0.0;	10.4;	4.466666666666667;	0.0
1378184328;	2;	5199.999252;	103.99998504;	2.0;	8359936.0;	139808.0;	0.0;	10.466666666666667;	4.466666666666667;	0.0
1378184628;	2;	5199.999252;	91.866653452;	1.7666666666666666;	8359936.0;	83884.0;	0.0;	11.0;	4.533333333333333;	0.0
1378184928;	2;	5199.999252;	95.33331962;	1.8333333333333335;	8359936.0;	83884.0;	0.0;	11.133333333333333;	4.533333333333333;	0.0
1378185228;	2;	5199.999252;	91.866653452;	1.7666666666666666;	8359936.0;	111846.4;	0.0;	10.466666666666667;	4.4;	0.0
1378185528;	2;	5199.999252;	88.399987284;	1.7;	8359936.0;	128624.26666666666;	0.0;	10.066666666666666;	4.466666666666667;	0.0
1378185828;	2;	5199.999252;	84.933321116;	1.6333333333333335;	8359936.0;	190140.26666666666;	0.0;	10.4;	4.466666666666667;	0.0
1378186128;	2;	5199.999252;	90.133320368;	1.7333333333333334;	8359936.0;	123031.2;	0.0;	10.2;	4.533333333333333;	0.0
1378186428;	2;	5199.999252;	86.6666542;	1.6666666666666665;	8359936.0;	111846.66666666667;	0.0;	10.533333333333333;	4.533333333333333;	0.0
1378186728;	2;	5199.999252;	109.199984292;	2.1;	8359936.0;	201325.33333333334;	0.0;	16.0;	4.6;	0.0
1378187028;	2;	5199.999252;	88.399987284;	1.7;	8359936.0;	190140.8;	0.0;	10.266666666666667;	4.533333333333333;	0.0
1378187328;	2;	5199.999252;	90.133320368;	1.7333333333333334;	8359936.0;	89476.8;	0.0;	10.266666666666667;	4.6;	0.0
1378187628;	2;	5199.999252;	97.06665270399999;	1.8666666666666665;	8359936.0;	139809.86666666667;	0.0;	10.2;	4.533333333333333;	0.0
1378187928;	2;	5199.999252;	90.133320368;	1.7333333333333334;	8359936.0;	178955.46666666667;	0.0;	10.2;	4.466666666666667;	0.0
1378188228;	2;	5199.999252;	95.33331962;	1.8333333333333335;	8359936.0;	150993.33333333334;	0.0;	11.066666666666666;	4.8;	0.0
1378188529;	2;	5199.999252;	90.133320368;	1.7333333333333334;	8359936.0;	195732.8;	0.0;	10.533333333333333;	4.466666666666667;	0.0
1378188829;	2;	5199.999252;	93.599986536;	1.8;	8359936.0;	111847.2;	0.0;	10.2;	4.4;	0.0
1378189129;	2;	5199.999252;	86.6666542;	1.6666666666666665;	8359936.0;	100661.6;	0.0;	10.2;	4.466666666666667;	0.0
1378189429;	2;	5199.999252;	90.133320368;	1.7333333333333334;	8359936.0;	67108.0;	0.0;	10.266666666666667;	4.466666666666667;	0.0
1378189729;	2;	5199.999252;	97.06665270399999;	1.8666666666666665;	8359936.0;	162178.66666666666;	0.0;	10.466666666666667;	4.466666666666667;	0.0
1378190029;	2;	5199.999252;	84.933321116;	1.6333333333333335;	8359936.0;	134216.0;	0.0;	10.333333333333334;	4.533333333333333;	0.0
1378190329;	2;	5199.999252;	109.199984292;	2.1;	8359936.0;	173363.46666666667;	0.0;	15.866666666666667;	4.6;	0.0
1378190629;	2;	5199.999252;	91.866653452;	1.7666666666666666;	8359936.0;	145400.53333333333;	0.0;	10.266666666666667;	4.533333333333333;	0.0
1378190929;	2;	5199.999252;	90.133320368;	1.7333333333333334;	8359936.0;	139808.8;	0.0;	10.2;	4.6;	0.0
1378191229;	2;	5199.999252;	88.399987284;	1.7;	8359936.0;	67107.2;	0.0;	10.4;	4.533333333333333;	0.0
1378191529;	2;	5199.999252;	86.6666542;	1.6666666666666665;	8359936.0;	173362.4;	0.0;	10.266666666666667;	4.6;	0.0
1378191829;	2;	5199.999252;	90.133320368;	1.7333333333333334;	8359936.0;	111846.4;	0.0;	10.933333333333334;	4.6;	0.0
1378192129;	2;	5199.999252;	95.33331962;	1.8333333333333335;	8359936.0;	111846.93333333333;	0.0;	10.133333333333333;	4.466666666666667;	0.0
1378192429;	2;	5199.999252;	95.33331962;	1.8333333333333335;	8359936.0;	111846.66666666667;	0.0;	10.133333333333333;	4.666666666666667;	0.0
1378192729;	2;	5199.999252;	90.133320368;	1.7333333333333334;	8359936.0;	134216.0;	0.0;	10.066666666666666;	4.533333333333333;	0.0
1378193029;	2;	5199.999252;	90.133320368;	1.7333333333333334;	8359936.0;	67108.0;	0.0;	9.866666666666667;	4.4;	0.0
1378193329;	2;	5199.999252;	102.26665195599999;	1.9666666666666666;	8359936.0;	83885.06666666667;	0.0;	10.0;	4.333333333333333;	0.0
1378193629;	2;	5199.999252;	91.866653452;	1.7666666666666666;	8359936.0;	145401.06666666668;	0.0;	10.0;	4.466666666666667;	0.0
1378193929;	2;	5199.999252;	107.46665120799999;	2.0666666666666664;	8359936.0;	184548.8;	0.0;	15.933333333333334;	4.4;	0.0
1378194229;	2;	5199.999252;	86.6666542;	1.6666666666666665;	8359936.0;	123031.2;	0.0;	10.133333333333333;	4.266666666666667;	0.0
1378194529;	2;	5199.999252;	91.866653452;	1.7666666666666666;	8359936.0;	106254.93333333333;	0.0;	10.066666666666666;	4.4;	0.0
1378194829;	2;	5199.999252;	86.6666542;	1.6666666666666665;	8359936.0;	67108.0;	0.0;	10.0;	4.533333333333333;	0.0
1378195129;	2;	5199.999252;	91.866653452;	1.7666666666666666;	8359936.0;	67107.2;	0.0;	9.933333333333334;	4.4;	0.0
1378195429;	2;	5199.999252;	88.399987284;	1.7;	8359936.0;	55922.666666666664;	0.0;	10.666666666666666;	4.4;	0.0
1378195729;	2;	5199.999252;	95.33331962;	1.8333333333333335;	8359936.0;	167771.46666666667;	0.0;	10.933333333333334;	4.4;	0.0
1378196029;	2;	5199.999252;	86.6666542;	1.6666666666666665;	8359936.0;	190140.53333333333;	0.0;	9.866666666666667;	4.333333333333333;	0.0
1378196329;	2;	5199.999252;	81.466654948;	1.5666666666666667;	8359936.0;	78292.0;	0.0;	9.933333333333334;	4.4;	0.0
1378196629;	2;	5199.999252;	84.933321116;	1.6333333333333335;	8359936.0;	106254.4;	0.0;	9.933333333333334;	4.266666666666667;	0.0
1378196929;	2;	5199.999252;	86.6666542;	1.6666666666666665;	8359936.0;	139808.53333333333;	0.0;	9.866666666666667;	4.333333333333333;	0.0
1378197229;	2;	5199.999252;	86.6666542;	1.6666666666666665;	8359936.0;	117438.4;	0.0;	10.0;	4.4;	0.0
1378197529;	2;	5199.999252;	114.39998354400001;	2.2;	8359936.0;	369097.6;	0.0;	15.666666666666666;	4.4;	0.0
1378197829;	2;	5199.999252;	84.933321116;	1.6333333333333335;	8359936.0;	218101.86666666667;	0.0;	9.866666666666667;	4.333333333333333;	0.0
1378198129;	2;	5199.999252;	86.6666542;	1.6666666666666665;	8359936.0;	100662.13333333333;	0.0;	9.866666666666667;	4.333333333333333;	0.0
1378198429;	2;	5199.999252;	90.133320368;	1.7333333333333334;	8359936.0;	83884.0;	0.0;	9.933333333333334;	4.4;	0.0
1378198730;	2;	5199.999252;	103.99998504;	2.0;	8359936.0;	106255.2;	0.0;	10.066666666666666;	4.4;	0.0
1378199030;	2;	5199.999252;	84.933321116;	1.6333333333333335;	8359936.0;	251656.8;	0.0;	10.866666666666667;	4.4;	0.0
1378199330;	2;	5199.999252;	90.133320368;	1.7333333333333334;	8359936.0;	106254.13333333333;	0.0;	10.133333333333333;	4.4;	0.0
1378199630;	2;	5199.999252;	93.599986536;	1.8;	8359936.0;	39145.86666666667;	0.0;	10.0;	4.333333333333333;	0.0
1378199930;	2;	5199.999252;	93.599986536;	1.8;	8359936.0;	0.0;	0.0;	9.933333333333334;	4.266666666666667;	0.0
1378200230;	2;	5199.999252;	95.33331962;	1.8333333333333335;	8359936.0;	89477.86666666667;	0.0;	10.0;	4.466666666666667;	0.0
1378200530;	2;	5199.999252;	100.533318872;	1.9333333333333333;	8359936.0;	100661.6;	0.0;	10.0;	4.466666666666667;	0.0
1378200830;	2;	5199.999252;	86.6666542;	1.6666666666666665;	8359936.0;	201325.33333333334;	0.0;	10.133333333333333;	4.333333333333333;	0.0
1378201130;	2;	5199.999252;	109.199984292;	2.1;	8359936.0;	218102.4;	0.0;	15.6;	4.6;	0.0
1378201430;	2;	5199.999252;	97.06665270399999;	1.8666666666666665;	8359936.0;	195732.53333333333;	0.0;	10.2;	4.333333333333333;	0.0
1378201730;	2;	5199.999252;	88.399987284;	1.7;	8359936.0;	206917.86666666667;	0.0;	10.066666666666666;	4.4;	0.0
1378202030;	2;	5199.999252;	88.399987284;	1.7;	8359936.0;	162178.93333333332;	0.0;	9.866666666666667;	4.266666666666667;	0.0
1378202330;	2;	5199.999252;	86.6666542;	1.6666666666666665;	8359936.0;	134217.6;	0.0;	9.8;	4.4;	0.0
1378202630;	2;	5199.999252;	91.866653452;	1.7666666666666666;	8359936.0;	139808.8;	0.0;	10.666666666666666;	4.4;	0.0
1378202930;	2;	5199.999252;	88.399987284;	1.7;	8359936.0;	201325.33333333334;	0.0;	10.266666666666667;	4.466666666666667;	0.0
1378203230;	2;	5199.999252;	88.399987284;	1.7;	8359936.0;	22369.6;	0.0;	10.0;	4.4;	0.0
1378203530;	2;	5199.999252;	90.133320368;	1.7333333333333334;	8359936.0;	128623.46666666666;	0.0;	9.933333333333334;	4.333333333333333;	0.0
1378203830;	2;	5199.999252;	93.599986536;	1.8;	8359936.0;	134215.73333333334;	0.0;	9.866666666666667;	4.333333333333333;	0.0
1378204130;	2;	5199.999252;	84.933321116;	1.6333333333333335;	8359936.0;	167770.4;	0.0;	9.8;	4.333333333333333;	0.0
1378204430;	2;	5199.999252;	83.19998803200001;	1.6;	8359936.0;	139808.8;	0.0;	9.933333333333334;	4.266666666666667;	0.0
1378204730;	2;	5199.999252;	107.46665120799999;	2.0666666666666664;	8359936.0;	234880.0;	0.0;	15.533333333333333;	4.4;	0.0
1378205030;	2;	5199.999252;	91.866653452;	1.7666666666666666;	8359936.0;	128623.73333333334;	0.0;	9.8;	4.4;	0.0
1378205330;	2;	5199.999252;	81.466654948;	1.5666666666666667;	8359936.0;	190140.8;	0.0;	9.8;	4.333333333333333;	0.0
1378205630;	2;	5199.999252;	83.19998803200001;	1.6;	8359936.0;	83884.8;	0.0;	9.866666666666667;	4.266666666666667;	0.0
1378205930;	2;	5199.999252;	84.933321116;	1.6333333333333335;	8359936.0;	83884.8;	0.0;	9.733333333333333;	4.333333333333333;	0.0
1378206230;	2;	5199.999252;	450.66660183999994;	8.666666666666666;	8359936.0;	313172.5333333333;	3.333333333333333;	29.0;	6.6;	1.9333333333333333
1378206530;	2;	5199.999252;	88.399987284;	1.7;	8359936.0;	234880.0;	0.0;	10.733333333333333;	4.4;	0.0
1378206831;	2;	5199.999252;	86.6666542;	1.6666666666666665;	8359936.0;	117439.2;	0.0;	9.866666666666667;	4.333333333333333;	0.0
1378207131;	2;	5199.999252;	84.933321116;	1.6333333333333335;	8359936.0;	67107.2;	0.0;	10.0;	4.4;	0.0
1378207431;	2;	5199.999252;	83.19998803200001;	1.6;	8359936.0;	72699.46666666666;	0.0;	9.866666666666667;	4.333333333333333;	0.0
1378207731;	2;	5199.999252;	84.933321116;	1.6333333333333335;	8359936.0;	218101.6;	0.0;	10.0;	4.4;	0.0
1378208031;	2;	5199.999252;	86.6666542;	1.6666666666666665;	8359936.0;	117439.2;	0.0;	10.133333333333333;	4.4;	0.0
1378208331;	2;	5199.999252;	116.13331662799999;	2.2333333333333334;	8359936.0;	234880.0;	0.0;	15.533333333333333;	4.333333333333333;	0.0
1378208631;	2;	5199.999252;	84.933321116;	1.6333333333333335;	8359936.0;	134216.8;	0.0;	10.0;	4.4;	0.0
1378208931;	2;	5199.999252;	79.733321864;	1.5333333333333334;	8359936.0;	167772.0;	0.0;	10.0;	4.4;	0.0
1378209231;	2;	5199.999252;	81.466654948;	1.5666666666666667;	8359936.0;	83884.0;	0.0;	9.866666666666667;	4.333333333333333;	0.0
1378209531;	2;	5199.999252;	86.6666542;	1.6666666666666665;	8359936.0;	100661.6;	0.0;	10.133333333333333;	4.333333333333333;	0.0
1378209831;	2;	5199.999252;	88.399987284;	1.7;	8359936.0;	83884.0;	0.0;	10.666666666666666;	4.4;	0.0
1378210131;	2;	5199.999252;	90.133320368;	1.7333333333333334;	8359936.0;	145401.86666666667;	0.0;	10.266666666666667;	4.4;	0.0
1378210431;	2;	5199.999252;	86.6666542;	1.6666666666666665;	8359936.0;	106254.93333333333;	0.0;	10.066666666666666;	4.333333333333333;	0.0
1378210731;	2;	5199.999252;	84.933321116;	1.6333333333333335;	8359936.0;	167771.2;	0.0;	9.866666666666667;	4.4;	0.0
1378211031;	2;	5199.999252;	83.19998803200001;	1.6;	8359936.0;	145401.06666666668;	0.0;	10.066666666666666;	4.266666666666667;	0.0
1378211331;	2;	5199.999252;	84.933321116;	1.6333333333333335;	8359936.0;	123031.46666666666;	0.0;	10.2;	4.4;	0.0
1378211631;	2;	5199.999252;	83.19998803200001;	1.6;	8359936.0;	111846.13333333333;	0.0;	9.866666666666667;	4.466666666666667;	0.0
1378211931;	2;	5199.999252;	103.99998504;	2.0;	8359936.0;	173363.2;	0.0;	15.8;	4.4;	0.0
1378212231;	2;	5199.999252;	81.466654948;	1.5666666666666667;	8359936.0;	190141.06666666668;	0.0;	9.933333333333334;	4.333333333333333;	0.0
1378212531;	2;	5199.999252;	93.599986536;	1.8;	8359936.0;	11184.8;	0.0;	10.0;	4.466666666666667;	0.0
1378212831;	2;	5199.999252;	547.7332545439999;	10.533333333333333;	8359936.0;	156586.13333333333;	3.333333333333333;	54.53333333333334;	9.0;	3.066666666666667
1378213131;	2;	5199.999252;	545.99992146;	10.5;	8359936.0;	497723.2;	3.333333333333333;	29.733333333333334;	6.933333333333334;	2.1333333333333333
1378213431;	2;	5199.999252;	84.933321116;	1.6333333333333335;	8359936.0;	475353.3333333333;	0.0;	11.8;	4.333333333333333;	0.0
1378213731;	2;	5199.999252;	86.6666542;	1.6666666666666665;	8359936.0;	145400.8;	0.0;	10.4;	4.266666666666667;	0.0
1378214031;	2;	5199.999252;	88.399987284;	1.7;	8359936.0;	50330.4;	0.0;	10.066666666666666;	4.133333333333334;	0.0
1378214331;	2;	5199.999252;	83.19998803200001;	1.6;	8359936.0;	83884.0;	0.0;	9.933333333333334;	4.266666666666667;	0.0
1378214631;	2;	5199.999252;	90.133320368;	1.7333333333333334;	8359936.0;	150993.6;	0.0;	9.866666666666667;	4.133333333333334;	0.0
1378214931;	2;	5199.999252;	97.06665270399999;	1.8666666666666665;	8359936.0;	83884.0;	0.0;	9.866666666666667;	4.333333333333333;	0.0
1378215231;	2;	5199.999252;	81.466654948;	1.5666666666666667;	8359936.0;	67107.2;	0.0;	9.866666666666667;	4.266666666666667;	0.0
1378215531;	2;	5199.999252;	107.46665120799999;	2.0666666666666664;	8359936.0;	173363.2;	0.0;	15.533333333333333;	4.333333333333333;	0.0
1378215831;	2;	5199.999252;	84.933321116;	1.6333333333333335;	8359936.0;	78292.0;	0.0;	9.866666666666667;	4.333333333333333;	0.0
1378216131;	2;	5199.999252;	91.866653452;	1.7666666666666666;	8359936.0;	72699.46666666666;	0.0;	9.866666666666667;	4.333333333333333;	0.0
1378216431;	2;	5199.999252;	93.599986536;	1.8;	8359936.0;	89477.33333333333;	0.0;	9.866666666666667;	4.266666666666667;	0.0
1378216731;	2;	5199.999252;	83.19998803200001;	1.6;	8359936.0;	106254.13333333333;	0.0;	9.866666666666667;	4.333333333333333;	0.0
1378217031;	2;	5199.999252;	86.6666542;	1.6666666666666665;	8359936.0;	134216.8;	0.0;	10.666666666666666;	4.4;	0.0
1378217331;	2;	5199.999252;	88.399987284;	1.7;	8359936.0;	240472.0;	0.0;	10.666666666666666;	4.4;	0.0
1378217631;	2;	5199.999252;	81.466654948;	1.5666666666666667;	8359936.0;	27961.333333333332;	0.0;	9.866666666666667;	4.333333333333333;	0.0
1378217932;	2;	5199.999252;	83.19998803200001;	1.6;	8359936.0;	78291.73333333334;	0.0;	9.866666666666667;	4.333333333333333;	0.0
1378218232;	2;	5199.999252;	83.19998803200001;	1.6;	8359936.0;	106254.66666666667;	0.0;	9.866666666666667;	4.4;	0.0
1378218532;	2;	5199.999252;	83.19998803200001;	1.6;	8359936.0;	72700.8;	0.0;	9.933333333333334;	4.4;	0.0
1378218832;	2;	5199.999252;	83.19998803200001;	1.6;	8359936.0;	61514.933333333334;	0.0;	9.933333333333334;	4.4;	0.0
1378219132;	2;	5199.999252;	105.73331812399998;	2.033333333333333;	8359936.0;	251656.26666666666;	0.0;	15.533333333333333;	4.466666666666667;	0.0
1378219432;	2;	5199.999252;	84.933321116;	1.6333333333333335;	8359936.0;	184548.53333333333;	0.0;	10.0;	4.4;	0.0
1378219732;	2;	5199.999252;	84.933321116;	1.6333333333333335;	8359936.0;	184548.0;	0.0;	9.866666666666667;	4.333333333333333;	0.0
1378220032;	2;	5199.999252;	83.19998803200001;	1.6;	8359936.0;	145401.33333333334;	0.0;	10.0;	4.4;	0.0
1378220332;	2;	5199.999252;	84.933321116;	1.6333333333333335;	8359936.0;	195733.06666666668;	0.0;	10.0;	4.2;	0.0
1378220632;	2;	5199.999252;	93.599986536;	1.8;	8359936.0;	184548.8;	0.0;	10.666666666666666;	4.4;	0.0
1378220932;	2;	5199.999252;	91.866653452;	1.7666666666666666;	8359936.0;	95069.06666666667;	0.0;	10.266666666666667;	4.2;	0.0
1378221232;	2;	5199.999252;	88.399987284;	1.7;	8359936.0;	89477.06666666667;	0.0;	10.2;	4.2;	0.0
1378221532;	2;	5199.999252;	84.933321116;	1.6333333333333335;	8359936.0;	83884.0;	0.0;	10.0;	4.266666666666667;	0.0
1378221832;	2;	5199.999252;	86.6666542;	1.6666666666666665;	8359936.0;	162178.93333333332;	0.0;	9.933333333333334;	4.266666666666667;	0.0
1378222132;	2;	5199.999252;	83.19998803200001;	1.6;	8359936.0;	83884.0;	0.0;	10.0;	4.266666666666667;	0.0
1378222432;	2;	5199.999252;	86.6666542;	1.6666666666666665;	8359936.0;	178955.2;	0.0;	10.066666666666666;	4.266666666666667;	0.0
1378222732;	2;	5199.999252;	112.66665045999999;	2.1666666666666665;	8359936.0;	251656.8;	0.0;	15.4;	4.333333333333333;	0.0
1378223032;	2;	5199.999252;	91.866653452;	1.7666666666666666;	8359936.0;	201325.6;	0.0;	10.066666666666666;	4.2;	0.0
1378223332;	2;	5199.999252;	86.6666542;	1.6666666666666665;	8359936.0;	134216.0;	0.0;	9.8;	4.2;	0.0
1378223632;	2;	5199.999252;	98.799985788;	1.9;	8359936.0;	111847.46666666666;	0.0;	10.066666666666666;	4.266666666666667;	0.0
1378223932;	2;	5199.999252;	84.933321116;	1.6333333333333335;	8359936.0;	33554.4;	0.0;	9.933333333333334;	4.333333333333333;	0.0
1378224232;	2;	5199.999252;	93.599986536;	1.8;	8359936.0;	44738.13333333333;	0.0;	10.8;	4.4;	0.0
1378224532;	2;	5199.999252;	86.6666542;	1.6666666666666665;	8359936.0;	117438.4;	0.0;	10.466666666666667;	4.4;	0.0
1378224832;	2;	5199.999252;	93.599986536;	1.8;	8359936.0;	167770.66666666666;	0.0;	10.133333333333333;	4.333333333333333;	0.0
1378225132;	2;	5199.999252;	95.33331962;	1.8333333333333335;	8359936.0;	100662.4;	0.0;	9.8;	4.333333333333333;	0.0
1378225432;	2;	5199.999252;	97.06665270399999;	1.8666666666666665;	8359936.0;	167771.2;	0.0;	10.066666666666666;	4.4;	0.0
1378225732;	2;	5199.999252;	84.933321116;	1.6333333333333335;	8359936.0;	100662.4;	0.0;	9.866666666666667;	4.333333333333333;	0.0
1378226032;	2;	5199.999252;	98.799985788;	1.9;	8359936.0;	72700.26666666666;	0.0;	10.0;	4.2;	0.0
1378226332;	2;	5199.999252;	114.39998354400001;	2.2;	8359936.0;	184548.0;	0.0;	15.466666666666667;	4.4;	0.0
1378226632;	2;	5199.999252;	84.933321116;	1.6333333333333335;	8359936.0;	134216.8;	0.0;	9.933333333333334;	4.333333333333333;	0.0
1378226932;	2;	5199.999252;	88.399987284;	1.7;	8359936.0;	156586.93333333332;	0.0;	9.933333333333334;	4.333333333333333;	0.0
1378227232;	2;	5199.999252;	105.73331812399998;	2.033333333333333;	8359936.0;	100661.6;	0.0;	9.933333333333334;	4.4;	0.0
1378227533;	2;	5199.999252;	109.199984292;	2.1;	8359936.0;	83884.0;	0.0;	9.933333333333334;	4.266666666666667;	0.0
1378227833;	2;	5199.999252;	114.39998354400001;	2.2;	8359936.0;	117439.2;	0.0;	10.666666666666666;	4.466666666666667;	0.0
1378228133;	2;	5199.999252;	107.46665120799999;	2.0666666666666664;	8359936.0;	100661.6;	0.0;	10.666666666666666;	4.4;	0.0
1378228433;	2;	5199.999252;	103.99998504;	2.0;	8359936.0;	67107.2;	0.0;	10.066666666666666;	4.4;	0.0
1378228733;	2;	5199.999252;	105.73331812399998;	2.033333333333333;	8359936.0;	117438.66666666667;	0.0;	10.0;	4.333333333333333;	0.0
1378229033;	2;	5199.999252;	105.73331812399998;	2.033333333333333;	8359936.0;	83884.53333333334;	0.0;	10.0;	4.333333333333333;	0.0
1378229333;	2;	5199.999252;	105.73331812399998;	2.033333333333333;	8359936.0;	61514.933333333334;	0.0;	10.0;	4.266666666666667;	0.0
1378229633;	2;	5199.999252;	109.199984292;	2.1;	8359936.0;	39146.4;	0.0;	10.0;	4.333333333333333;	0.0
1378229933;	2;	5199.999252;	119.59998279599999;	2.3;	8359936.0;	162178.13333333333;	0.0;	15.6;	4.466666666666667;	0.0
1378230233;	2;	5199.999252;	103.99998504;	2.0;	8359936.0;	178956.26666666666;	0.0;	10.0;	4.466666666666667;	0.0
1378230533;	2;	5199.999252;	105.73331812399998;	2.033333333333333;	8359936.0;	78292.8;	0.0;	10.0;	4.466666666666667;	0.0
1378230833;	2;	5199.999252;	105.73331812399998;	2.033333333333333;	8359936.0;	162178.66666666666;	0.0;	10.066666666666666;	4.333333333333333;	0.0
1378231133;	2;	5199.999252;	103.99998504;	2.0;	8359936.0;	78292.8;	0.0;	9.933333333333334;	4.4;	0.0
1378231433;	2;	5199.999252;	112.66665045999999;	2.1666666666666665;	8359936.0;	100662.4;	0.0;	10.666666666666666;	4.466666666666667;	0.0
1378231733;	2;	5199.999252;	103.99998504;	2.0;	8359936.0;	212510.13333333333;	0.0;	10.066666666666666;	4.466666666666667;	0.0
1378232033;	2;	5199.999252;	109.199984292;	2.1;	8359936.0;	139809.06666666668;	0.0;	9.933333333333334;	4.266666666666667;	0.0
1378232333;	2;	5199.999252;	103.99998504;	2.0;	8359936.0;	95069.6;	0.0;	10.066666666666666;	4.4;	0.0
1378232633;	2;	5199.999252;	103.99998504;	2.0;	8359936.0;	95069.6;	0.0;	9.933333333333334;	4.266666666666667;	0.0
1378232933;	2;	5199.999252;	103.99998504;	2.0;	8359936.0;	178955.46666666667;	0.0;	10.0;	4.333333333333333;	0.0
1378233233;	2;	5199.999252;	109.199984292;	2.1;	8359936.0;	44738.4;	0.0;	10.0;	4.2;	0.0
1378233533;	2;	5199.999252;	121.33331587999999;	2.3333333333333335;	8359936.0;	206918.13333333333;	0.0;	15.6;	4.466666666666667;	0.0
1378233833;	2;	5199.999252;	103.99998504;	2.0;	8359936.0;	184548.26666666666;	0.0;	10.066666666666666;	4.266666666666667;	0.0
1378234133;	2;	5199.999252;	103.99998504;	2.0;	8359936.0;	128624.26666666666;	0.0;	9.8;	4.333333333333333;	0.0
1378234433;	2;	5199.999252;	102.26665195599999;	1.9666666666666666;	8359936.0;	212510.4;	0.0;	10.266666666666667;	4.4;	0.0
1378234733;	2;	5199.999252;	102.26665195599999;	1.9666666666666666;	8359936.0;	106253.6;	0.0;	9.933333333333334;	4.4;	0.0
1378235033;	2;	5199.999252;	109.199984292;	2.1;	8359936.0;	78292.53333333334;	0.0;	10.8;	4.533333333333333;	0.0
1378235333;	2;	5199.999252;	103.99998504;	2.0;	8359936.0;	111847.73333333334;	0.0;	10.133333333333333;	4.4;	0.0
1378235633;	2;	5199.999252;	103.99998504;	2.0;	8359936.0;	50330.666666666664;	0.0;	10.133333333333333;	4.333333333333333;	0.0
1378235933;	2;	5199.999252;	105.73331812399998;	2.033333333333333;	8359936.0;	95069.06666666667;	0.0;	9.866666666666667;	4.333333333333333;	0.0
1378236233;	2;	5199.999252;	103.99998504;	2.0;	8359936.0;	89477.06666666667;	0.0;	9.866666666666667;	4.333333333333333;	0.0
1378236533;	2;	5199.999252;	103.99998504;	2.0;	8359936.0;	27961.333333333332;	0.0;	9.8;	4.4;	0.0
1378236834;	2;	5199.999252;	103.99998504;	2.0;	8359936.0;	50330.4;	0.0;	10.133333333333333;	4.466666666666667;	0.0
1378237134;	2;	5199.999252;	124.79998204799999;	2.4;	8359936.0;	212510.4;	0.0;	15.266666666666667;	4.333333333333333;	0.0
1378237434;	2;	5199.999252;	107.46665120799999;	2.0666666666666664;	8359936.0;	223695.2;	0.0;	10.066666666666666;	4.466666666666667;	0.0
1378237734;	2;	5199.999252;	103.99998504;	2.0;	8359936.0;	83884.0;	0.0;	9.8;	4.266666666666667;	0.0
1378238034;	2;	5199.999252;	105.73331812399998;	2.033333333333333;	8359936.0;	117439.2;	0.0;	10.066666666666666;	4.466666666666667;	0.0
1378238334;	2;	5199.999252;	103.99998504;	2.0;	8359936.0;	67108.26666666666;	0.0;	9.866666666666667;	4.4;	0.0
1378238634;	2;	5199.999252;	103.99998504;	2.0;	8359936.0;	234879.73333333334;	0.0;	10.6;	4.466666666666667;	0.0
1378238934;	2;	5199.999252;	103.99998504;	2.0;	8359936.0;	184548.53333333333;	0.0;	10.666666666666666;	4.4;	0.0
1378239234;	2;	5199.999252;	103.99998504;	2.0;	8359936.0;	128624.53333333334;	0.0;	10.0;	4.4;	0.0
1378239534;	2;	5199.999252;	103.99998504;	2.0;	8359936.0;	50330.4;	0.0;	9.933333333333334;	4.266666666666667;	0.0
1378239834;	2;	5199.999252;	103.99998504;	2.0;	8359936.0;	100661.86666666667;	0.0;	10.066666666666666;	4.466666666666667;	0.0
1378240134;	2;	5199.999252;	103.99998504;	2.0;	8359936.0;	167772.0;	0.0;	10.0;	4.266666666666667;	0.0
1378240434;	2;	5199.999252;	105.73331812399998;	2.033333333333333;	8359936.0;	150993.6;	0.0;	10.066666666666666;	4.466666666666667;	0.0
1378240734;	2;	5199.999252;	123.066648964;	2.3666666666666667;	8359936.0;	223694.93333333332;	0.0;	15.333333333333334;	4.466666666666667;	0.0
1378241034;	2;	5199.999252;	105.73331812399998;	2.033333333333333;	8359936.0;	167770.4;	0.0;	10.133333333333333;	4.4;	0.0
1378241334;	2;	5199.999252;	103.99998504;	2.0;	8359936.0;	100662.4;	0.0;	9.866666666666667;	4.4;	0.0
1378241634;	2;	5199.999252;	107.46665120799999;	2.0666666666666664;	8359936.0;	83884.0;	0.0;	9.8;	4.333333333333333;	0.0
1378241934;	2;	5199.999252;	103.99998504;	2.0;	8359936.0;	117438.4;	0.0;	10.066666666666666;	4.4;	0.0
1378242234;	2;	5199.999252;	103.99998504;	2.0;	8359936.0;	134216.8;	0.0;	10.733333333333333;	4.4;	0.0
1378242534;	2;	5199.999252;	102.26665195599999;	1.9666666666666666;	8359936.0;	218102.4;	0.0;	10.133333333333333;	4.4;	0.0
1378242834;	2;	5199.999252;	109.199984292;	2.1;	8359936.0;	67107.2;	0.0;	10.266666666666667;	4.266666666666667;	0.0
1378243134;	2;	5199.999252;	109.199984292;	2.1;	8359936.0;	83884.8;	0.0;	9.866666666666667;	4.333333333333333;	0.0
1378243434;	2;	5199.999252;	109.199984292;	2.1;	8359936.0;	61515.73333333333;	0.0;	9.933333333333334;	4.4;	0.0
1378243734;	2;	5199.999252;	103.99998504;	2.0;	8359936.0;	61514.933333333334;	0.0;	10.066666666666666;	4.4;	0.0
1378244034;	2;	5199.999252;	124.79998204799999;	2.4;	8359936.0;	117438.4;	0.0;	9.866666666666667;	4.4;	0.0
1378244334;	2;	5199.999252;	142.13331288799998;	2.733333333333333;	8359936.0;	201325.33333333334;	0.0;	15.6;	4.533333333333333;	0.0
1378244634;	2;	5199.999252;	103.99998504;	2.0;	8359936.0;	78292.26666666666;	0.0;	9.933333333333334;	4.333333333333333;	0.0
1378244934;	2;	5199.999252;	103.99998504;	2.0;	8359936.0;	67107.2;	0.0;	9.666666666666666;	4.533333333333333;	0.0
1378245234;	2;	5199.999252;	103.99998504;	2.0;	8359936.0;	89477.86666666667;	0.0;	10.933333333333334;	4.533333333333333;	0.0
1378245534;	2;	5199.999252;	103.99998504;	2.0;	8359936.0;	128624.26666666666;	0.0;	9.866666666666667;	4.4;	0.0
1378245834;	2;	5199.999252;	105.73331812399998;	2.033333333333333;	8359936.0;	61515.2;	0.0;	10.6;	4.533333333333333;	0.0
1378246134;	2;	5199.999252;	103.99998504;	2.0;	8359936.0;	83884.0;	0.0;	10.333333333333334;	4.4;	0.0
1378246434;	2;	5199.999252;	103.99998504;	2.0;	8359936.0;	72699.46666666666;	0.0;	9.733333333333333;	4.4;	0.0
1378246734;	2;	5199.999252;	105.73331812399998;	2.033333333333333;	8359936.0;	44738.13333333333;	0.0;	9.8;	4.4;	0.0
1378247034;	2;	5199.999252;	105.73331812399998;	2.033333333333333;	8359936.0;	106254.13333333333;	0.0;	10.066666666666666;	4.4;	0.0
1378247334;	2;	5199.999252;	103.99998504;	2.0;	8359936.0;	229287.46666666667;	0.0;	10.066666666666666;	4.333333333333333;	0.0
1378247634;	2;	5199.999252;	105.73331812399998;	2.033333333333333;	8359936.0;	150993.6;	0.0;	10.066666666666666;	4.333333333333333;	0.0
1378247935;	2;	5199.999252;	187.199973072;	3.6;	8359936.0;	268434.4;	0.0;	44.2;	5.333333333333333;	2.1333333333333333
1378248235;	2;	5199.999252;	103.99998504;	2.0;	8359936.0;	369097.06666666665;	0.0;	10.066666666666666;	4.533333333333333;	0.0
1378248535;	2;	5199.999252;	103.99998504;	2.0;	8359936.0;	67107.2;	0.0;	9.933333333333334;	4.266666666666667;	0.0
1378248835;	2;	5199.999252;	103.99998504;	2.0;	8359936.0;	100661.6;	0.0;	10.2;	4.333333333333333;	0.0
1378249135;	2;	5199.999252;	103.99998504;	2.0;	8359936.0;	83884.8;	0.0;	9.866666666666667;	4.333333333333333;	0.0
1378249435;	2;	5199.999252;	105.73331812399998;	2.033333333333333;	8359936.0;	33553.6;	0.0;	10.857142857142858;	4.4;	0.0
1378249735;	2;	5199.999252;	105.73331812399998;	2.033333333333333;	8359936.0;	117439.46666666666;	0.0;	10.8;	4.333333333333333;	0.0
1378250035;	2;	5199.999252;	103.99998504;	2.0;	8359936.0;	77893.14285714286;	0.0;	9.928571428571429;	4.5;	0.0
1378250335;	2;	5199.999252;	116.13331662799999;	2.2333333333333334;	8359936.0;	44739.2;	0.0;	10.23076923076923;	4.266666666666667;	0.0
1378250635;	2;	5199.999252;	105.73331812399998;	2.033333333333333;	8359936.0;	145401.86666666667;	0.0;	10.133333333333333;	4.2;	0.0
1378250935;	2;	5199.999252;	103.99998504;	2.0;	8359936.0;	106254.13333333333;	0.0;	9.933333333333334;	4.466666666666667;	0.0
1378251235;	2;	5199.999252;	107.46665120799999;	2.0666666666666664;	8359936.0;	67107.2;	0.0;	10.066666666666666;	4.333333333333333;	0.0
1378251536;	2;	5199.999252;	123.066648964;	2.3666666666666667;	8359936.0;	184547.2;	0.0;	15.2;	4.533333333333333;	0.0
1378251836;	2;	5199.999252;	103.99998504;	2.0;	8359936.0;	117438.4;	0.0;	10.066666666666666;	4.333333333333333;	0.0
1378252136;	2;	5199.999252;	109.199984292;	2.1;	8359936.0;	39145.86666666667;	0.0;	9.933333333333334;	4.266666666666667;	0.0
1378252436;	2;	5199.999252;	103.99998504;	2.0;	8359936.0;	27961.333333333332;	0.0;	10.0;	4.333333333333333;	0.0
1378252736;	2;	5199.999252;	105.73331812399998;	2.033333333333333;	8359936.0;	5592.266666666666;	0.0;	9.8;	4.266666666666667;	0.0
1378253036;	2;	5199.999252;	121.33331587999999;	2.3333333333333335;	8359936.0;	78292.8;	0.0;	15.6;	4.4;	0.06666666666666667
1378253336;	2;	5199.999252;	157.73331064399997;	3.033333333333333;	8359936.0;	274026.6666666667;	0.0;	58.2;	6.933333333333334;	134.8
1378253636;	2;	5199.999252;	582.3999162239999;	11.2;	8359936.0;	301989.06666666665;	0.0;	108.86666666666666;	9.6;	76.0
1378253936;	2;	5199.999252;	103.99998504;	2.0;	8359936.0;	318765.3333333333;	0.0;	10.933333333333334;	4.4;	0.0
1378254236;	2;	5199.999252;	102.26665195599999;	1.9666666666666666;	8359936.0;	111846.66666666667;	0.0;	9.933333333333334;	4.266666666666667;	0.0
1378254536;	2;	5199.999252;	103.99998504;	2.0;	8359936.0;	134216.26666666666;	0.0;	9.8;	4.333333333333333;	0.0
1378254836;	2;	5199.999252;	103.99998504;	2.0;	8359936.0;	100662.4;	0.0;	10.133333333333333;	4.333333333333333;	0.0
1378255136;	2;	5199.999252;	119.59998279599999;	2.3;	8359936.0;	123032.8;	0.0;	15.333333333333334;	4.4;	0.0
1378255436;	2;	5199.999252;	107.46665120799999;	2.0666666666666664;	8359936.0;	262842.13333333336;	0.0;	10.0;	4.266666666666667;	0.0
1378255736;	2;	5199.999252;	103.99998504;	2.0;	8359936.0;	67107.2;	0.0;	9.866666666666667;	4.333333333333333;	0.0
1378256036;	2;	5199.999252;	102.26665195599999;	1.9666666666666666;	8359936.0;	111846.93333333333;	0.0;	10.133333333333333;	4.2;	0.0
1378256336;	2;	5199.999252;	103.99998504;	2.0;	8359936.0;	173363.2;	0.0;	9.733333333333333;	4.266666666666667;	0.0
1378256636;	2;	5199.999252;	105.73331812399998;	2.033333333333333;	8359936.0;	173364.0;	0.0;	10.666666666666666;	4.333333333333333;	0.0
1378256936;	2;	5199.999252;	102.26665195599999;	1.9666666666666666;	8359936.0;	134216.8;	0.0;	10.266666666666667;	4.333333333333333;	0.0
1378257236;	2;	5199.999252;	103.99998504;	2.0;	8359936.0;	78292.26666666666;	0.0;	10.0;	4.466666666666667;	0.0
1378257536;	2;	5199.999252;	103.99998504;	2.0;	8359936.0;	117438.4;	0.0;	9.8;	4.333333333333333;	0.0
1378257836;	2;	5199.999252;	103.99998504;	2.0;	8359936.0;	27961.333333333332;	0.0;	9.866666666666667;	4.266666666666667;	0.0
1378258136;	2;	5199.999252;	103.99998504;	2.0;	8359936.0;	22369.066666666666;	0.0;	9.866666666666667;	4.266666666666667;	0.0
1378258436;	2;	5199.999252;	103.99998504;	2.0;	8359936.0;	83884.0;	0.0;	9.933333333333334;	4.333333333333333;	0.0
1378258736;	2;	5199.999252;	121.33331587999999;	2.3333333333333335;	8359936.0;	162178.13333333333;	0.0;	15.466666666666667;	4.4;	0.0
1378259036;	2;	5199.999252;	105.73331812399998;	2.033333333333333;	8359936.0;	134217.6;	0.0;	9.8;	4.266666666666667;	0.0
1378259336;	2;	5199.999252;	105.73331812399998;	2.033333333333333;	8359936.0;	0.0;	0.0;	10.0;	4.4;	0.0
1378259636;	2;	5199.999252;	107.46665120799999;	2.0666666666666664;	8359936.0;	167772.0;	0.0;	9.933333333333334;	4.2;	0.0
1378259936;	2;	5199.999252;	103.99998504;	2.0;	8359936.0;	117440.0;	0.0;	9.8;	4.333333333333333;	0.0
1378260236;	2;	5199.999252;	270.399961104;	5.2;	8359936.0;	83884.8;	0.0;	12.8;	5.866666666666666;	0.8
1378260537;	2;	5199.999252;	103.99998504;	2.0;	8359936.0;	150992.8;	0.0;	11.866666666666667;	4.333333333333333;	0.0
1378260837;	2;	5199.999252;	140.399979804;	2.7;	8359936.0;	167770.4;	0.0;	25.2;	11.2;	0.2
1378261137;	2;	5199.999252;	102.26665195599999;	1.9666666666666666;	8359936.0;	301988.0;	0.0;	9.866666666666667;	4.333333333333333;	0.0
1378261437;	2;	5199.999252;	103.99998504;	2.0;	8359936.0;	83884.0;	0.0;	9.866666666666667;	4.333333333333333;	0.0
1378261737;	2;	5199.999252;	107.46665120799999;	2.0666666666666664;	8359936.0;	100661.6;	0.0;	10.0;	4.266666666666667;	0.0
1378262037;	2;	5199.999252;	105.73331812399998;	2.033333333333333;	8359936.0;	145401.86666666667;	0.0;	10.066666666666666;	4.4;	0.0
1378262337;	2;	5199.999252;	121.33331587999999;	2.3333333333333335;	8359936.0;	184548.0;	0.0;	15.266666666666667;	4.333333333333333;	0.0
1378262637;	2;	5199.999252;	107.46665120799999;	2.0666666666666664;	8359936.0;	150993.6;	0.0;	10.066666666666666;	4.266666666666667;	0.0
1378262937;	2;	5199.999252;	107.46665120799999;	2.0666666666666664;	8359936.0;	139809.06666666668;	0.0;	9.733333333333333;	4.333333333333333;	0.0
1378263237;	2;	5199.999252;	103.99998504;	2.0;	8359936.0;	61514.933333333334;	0.0;	10.0;	4.2;	0.0
1378263537;	2;	5199.999252;	102.26665195599999;	1.9666666666666666;	8359936.0;	89476.8;	0.0;	9.666666666666666;	4.333333333333333;	0.0
1378263837;	2;	5199.999252;	107.46665120799999;	2.0666666666666664;	8359936.0;	156586.13333333333;	0.0;	10.8;	4.333333333333333;	0.0
1378264137;	2;	5199.999252;	103.99998504;	2.0;	8359936.0;	162178.13333333333;	0.0;	10.066666666666666;	4.4;	0.0
1378264437;	2;	5199.999252;	103.99998504;	2.0;	8359936.0;	195732.53333333333;	0.0;	9.933333333333334;	4.333333333333333;	0.0
1378264737;	2;	5199.999252;	107.46665120799999;	2.0666666666666664;	8359936.0;	139808.8;	0.0;	10.0;	4.466666666666667;	0.0
1378265037;	2;	5199.999252;	105.73331812399998;	2.033333333333333;	8359936.0;	106254.13333333333;	0.0;	10.0;	4.4;	0.0
1378265337;	2;	5199.999252;	103.99998504;	2.0;	8359936.0;	27961.333333333332;	0.0;	10.066666666666666;	4.4;	0.0
1378265637;	2;	5199.999252;	107.46665120799999;	2.0666666666666664;	8359936.0;	100662.4;	0.0;	10.066666666666666;	4.333333333333333;	0.0
1378265937;	2;	5199.999252;	123.066648964;	2.3666666666666667;	8359936.0;	341135.4666666667;	0.0;	15.6;	4.466666666666667;	0.0
1378266237;	2;	5199.999252;	103.99998504;	2.0;	8359936.0;	184548.26666666666;	0.0;	9.933333333333334;	4.333333333333333;	0.0
1378266537;	2;	5199.999252;	102.26665195599999;	1.9666666666666666;	8359936.0;	134216.8;	0.0;	9.866666666666667;	4.4;	0.0
1378266837;	2;	5199.999252;	103.99998504;	2.0;	8359936.0;	123032.26666666666;	0.0;	9.933333333333334;	4.4;	0.0
1378267137;	2;	5199.999252;	103.99998504;	2.0;	8359936.0;	44738.13333333333;	0.0;	9.933333333333334;	4.333333333333333;	0.0
1378267437;	2;	5199.999252;	103.99998504;	2.0;	8359936.0;	184548.26666666666;	0.0;	10.666666666666666;	4.333333333333333;	0.0
1378267737;	2;	5199.999252;	107.46665120799999;	2.0666666666666664;	8359936.0;	128624.8;	0.0;	10.066666666666666;	4.4;	0.0
1378268037;	2;	5199.999252;	100.533318872;	1.9333333333333333;	8359936.0;	50330.666666666664;	0.0;	10.0;	4.4;	0.0
1378268338;	2;	5199.999252;	90.133320368;	1.7333333333333334;	8359936.0;	128624.26666666666;	0.0;	9.933333333333334;	4.4;	0.0
1378268638;	2;	5199.999252;	93.599986536;	1.8;	8359936.0;	128624.53333333334;	0.0;	10.133333333333333;	4.266666666666667;	0.0
1378268938;	2;	5199.999252;	88.399987284;	1.7;	8359936.0;	156586.93333333332;	0.0;	10.0;	4.533333333333333;	0.0
1378269238;	2;	5199.999252;	91.866653452;	1.7666666666666666;	8359936.0;	111846.66666666667;	0.0;	10.066666666666666;	4.333333333333333;	0.0
1378269538;	2;	5199.999252;	117.86664971199998;	2.2666666666666666;	8359936.0;	290803.73333333334;	0.0;	15.466666666666667;	4.466666666666667;	0.0
1378269838;	2;	5199.999252;	97.06665270399999;	1.8666666666666665;	8359936.0;	95069.86666666667;	0.0;	10.066666666666666;	4.2;	0.0
1378270138;	2;	5199.999252;	93.599986536;	1.8;	8359936.0;	61514.933333333334;	0.0;	10.0;	4.333333333333333;	0.0
1378270438;	2;	5199.999252;	91.866653452;	1.7666666666666666;	8359936.0;	44738.4;	0.0;	10.0;	4.466666666666667;	0.0
1378270738;	2;	5199.999252;	83.19998803200001;	1.6;	8359936.0;	139808.8;	0.0;	9.933333333333334;	4.4;	0.0
1378271038;	2;	5199.999252;	102.26665195599999;	1.9666666666666666;	8359936.0;	89477.86666666667;	0.0;	10.8;	4.466666666666667;	0.0
1378271338;	2;	5199.999252;	97.06665270399999;	1.8666666666666665;	8359936.0;	195733.06666666668;	0.0;	10.6;	4.4;	0.0
1378271638;	2;	5199.999252;	100.533318872;	1.9333333333333333;	8359936.0;	78291.73333333334;	0.0;	10.066666666666666;	4.266666666666667;	0.0
1378271938;	2;	5199.999252;	90.133320368;	1.7333333333333334;	8359936.0;	67107.2;	0.0;	9.933333333333334;	4.4;	0.0
1378272238;	2;	5199.999252;	88.399987284;	1.7;	8359936.0;	89476.53333333334;	0.0;	10.133333333333333;	4.333333333333333;	0.0
1378272538;	2;	5199.999252;	91.866653452;	1.7666666666666666;	8359936.0;	72700.8;	0.0;	9.866666666666667;	4.333333333333333;	0.0
1378272838;	2;	5199.999252;	103.99998504;	2.0;	8359936.0;	117439.2;	0.0;	9.866666666666667;	4.4;	0.0
1378273138;	2;	5199.999252;	114.39998354400001;	2.2;	8359936.0;	212510.13333333333;	0.0;	15.333333333333334;	4.4;	0.0
1378273438;	2;	5199.999252;	95.33331962;	1.8333333333333335;	8359936.0;	218102.4;	0.0;	10.133333333333333;	4.2;	0.0
1378273738;	2;	5199.999252;	103.99998504;	2.0;	8359936.0;	156585.6;	0.0;	9.733333333333333;	4.4;	0.0
1378274038;	2;	5199.999252;	102.26665195599999;	1.9666666666666666;	8359936.0;	123031.73333333334;	0.0;	10.0;	4.2;	0.0
1378274338;	2;	5199.999252;	102.26665195599999;	1.9666666666666666;	8359936.0;	89477.86666666667;	0.0;	9.933333333333334;	4.2;	0.0
1378274638;	2;	5199.999252;	107.46665120799999;	2.0666666666666664;	8359936.0;	83884.8;	0.0;	10.933333333333334;	4.266666666666667;	0.0
1378274938;	2;	5199.999252;	107.46665120799999;	2.0666666666666664;	8359936.0;	100661.6;	0.0;	10.266666666666667;	4.2;	0.0
1378275238;	2;	5199.999252;	103.99998504;	2.0;	8359936.0;	78291.73333333334;	0.0;	10.066666666666666;	4.2;	0.0
1378275538;	2;	5199.999252;	103.99998504;	2.0;	8359936.0;	162178.4;	0.0;	10.0;	4.4;	0.0
1378275838;	2;	5199.999252;	100.533318872;	1.9333333333333333;	8359936.0;	167771.2;	0.0;	10.0;	4.266666666666667;	0.0
1378276138;	2;	5199.999252;	102.26665195599999;	1.9666666666666666;	8359936.0;	16776.8;	0.0;	9.933333333333334;	4.333333333333333;	0.0
1378276438;	2;	5199.999252;	109.199984292;	2.1;	8359936.0;	89477.33333333333;	0.0;	10.066666666666666;	4.4;	0.0
1378276738;	2;	5199.999252;	119.59998279599999;	2.3;	8359936.0;	268434.4;	0.0;	15.133333333333333;	4.4;	0.0
1378277038;	2;	5199.999252;	103.99998504;	2.0;	8359936.0;	117439.2;	0.0;	10.066666666666666;	4.266666666666667;	0.0
1378277338;	2;	5199.999252;	103.99998504;	2.0;	8359936.0;	50330.4;	0.0;	9.8;	4.4;	0.0
1378277638;	2;	5199.999252;	103.99998504;	2.0;	8359936.0;	184547.2;	0.0;	10.066666666666666;	4.333333333333333;	0.0
1378277938;	2;	5199.999252;	103.99998504;	2.0;	8359936.0;	156586.4;	0.0;	9.8;	4.4;	0.0
1378278238;	2;	5199.999252;	110.93331737599999;	2.1333333333333333;	8359936.0;	150994.4;	0.0;	10.6;	4.466666666666667;	0.0
1378278538;	2;	5199.999252;	102.26665195599999;	1.9666666666666666;	8359936.0;	134216.8;	0.0;	10.0;	4.333333333333333;	0.0
1378278838;	2;	5199.999252;	103.99998504;	2.0;	8359936.0;	117439.2;	0.0;	9.866666666666667;	4.266666666666667;	0.0
1378279138;	2;	5199.999252;	103.99998504;	2.0;	8359936.0;	117439.2;	0.0;	10.0;	4.4;	0.0
1378279438;	2;	5199.999252;	103.99998504;	2.0;	8359936.0;	167770.4;	0.0;	9.8;	4.4;	0.0
1378279738;	2;	5199.999252;	103.99998504;	2.0;	8359936.0;	67107.2;	0.0;	10.0;	4.4;	0.0
1378280038;	2;	5199.999252;	109.199984292;	2.1;	8359936.0;	111846.66666666667;	0.0;	9.933333333333334;	4.4;	0.0
1378280338;	2;	5199.999252;	121.33331587999999;	2.3333333333333335;	8359936.0;	274027.2;	0.0;	15.466666666666667;	4.466666666666667;	0.0
1378280638;	2;	5199.999252;	103.99998504;	2.0;	8359936.0;	212511.2;	0.0;	9.866666666666667;	4.333333333333333;	0.0
1378280938;	2;	5199.999252;	103.99998504;	2.0;	8359936.0;	123031.73333333334;	0.0;	9.8;	4.466666666666667;	0.0
1378281238;	2;	5199.999252;	107.46665120799999;	2.0666666666666664;	8359936.0;	167770.4;	0.0;	9.933333333333334;	4.333333333333333;	0.0
1378281538;	2;	5199.999252;	105.73331812399998;	2.033333333333333;	8359936.0;	11184.533333333333;	0.0;	9.866666666666667;	4.4;	0.0
1378281838;	2;	5199.999252;	110.93331737599999;	2.1333333333333333;	8359936.0;	128624.0;	0.0;	10.6;	4.4;	0.0
1378282138;	2;	5199.999252;	105.73331812399998;	2.033333333333333;	8359936.0;	173363.46666666667;	0.0;	11.0;	4.533333333333333;	0.0
1378282438;	2;	5199.999252;	105.73331812399998;	2.033333333333333;	8359936.0;	100662.93333333333;	0.0;	9.8;	4.266666666666667;	0.0
1378282739;	2;	5199.999252;	103.99998504;	2.0;	8359936.0;	145400.8;	0.0;	10.066666666666666;	4.466666666666667;	0.0
1378283039;	2;	5199.999252;	103.99998504;	2.0;	8359936.0;	167770.4;	0.0;	9.866666666666667;	4.4;	0.0
1378283339;	2;	5199.999252;	105.73331812399998;	2.033333333333333;	8359936.0;	89477.06666666667;	0.0;	10.0;	4.4;	0.0
1378283639;	2;	5199.999252;	103.99998504;	2.0;	8359936.0;	106254.4;	0.0;	9.933333333333334;	4.333333333333333;	0.0
1378283939;	2;	5199.999252;	121.33331587999999;	2.3333333333333335;	8359936.0;	234880.0;	0.0;	15.533333333333333;	4.4;	0.0
1378284239;	2;	5199.999252;	103.99998504;	2.0;	8359936.0;	111847.73333333334;	0.0;	9.933333333333334;	4.4;	0.0
1378284539;	2;	5199.999252;	105.73331812399998;	2.033333333333333;	8359936.0;	162178.66666666666;	0.0;	10.0;	4.333333333333333;	0.0
1378284839;	2;	5199.999252;	103.99998504;	2.0;	8359936.0;	162178.13333333333;	0.0;	9.933333333333334;	4.466666666666667;	0.0
1378285139;	2;	5199.999252;	103.99998504;	2.0;	8359936.0;	128623.2;	0.0;	9.933333333333334;	4.333333333333333;	0.0
1378285439;	2;	5199.999252;	109.199984292;	2.1;	8359936.0;	106254.4;	0.0;	10.6;	4.4;	0.0
1378285739;	2;	5199.999252;	103.99998504;	2.0;	8359936.0;	173362.4;	0.0;	10.133333333333333;	4.333333333333333;	0.0
1378286039;	2;	5199.999252;	102.26665195599999;	1.9666666666666666;	8359936.0;	78291.73333333334;	0.0;	9.933333333333334;	4.333333333333333;	0.0
1378286339;	2;	5199.999252;	103.99998504;	2.0;	8359936.0;	100661.86666666667;	0.0;	9.466666666666667;	4.2;	0.0
1378286639;	2;	5199.999252;	103.99998504;	2.0;	8359936.0;	139809.06666666668;	0.0;	9.6;	4.266666666666667;	0.0
1378286939;	2;	5199.999252;	107.46665120799999;	2.0666666666666664;	8359936.0;	173363.46666666667;	0.0;	9.6;	4.266666666666667;	0.0
1378287239;	2;	5199.999252;	103.99998504;	2.0;	8359936.0;	150993.33333333334;	0.0;	9.733333333333333;	4.266666666666667;	0.0
1378287539;	2;	5199.999252;	123.066648964;	2.3666666666666667;	8359936.0;	229286.4;	0.0;	15.133333333333333;	4.333333333333333;	0.0
1378287839;	2;	5199.99926;	111.09089328181817;	2.1363636363636362;	8359936.0;	38129.09090909091;	0.0;	9.6;	4.2;	0.0
1378288139;	2;	5199.99926;	97.06665285333331;	1.8666666666666665;	8359936.0;	83884.0;	0.0;	9.8;	4.2;	0.0
1378288439;	2;	5199.998812;	133.24996955749998;	2.5625;	8359936.0;	0.0;	0.0;	9.857142857142858;	4.571428571428571;	0.0
1378288739;	2;	5199.998812;	103.99997624;	2.0;	8359936.0;	50331.2;	0.0;	9.6;	4.2;	0.0
1378289039;	2;	5199.998812;	95.33331155333333;	1.8333333333333335;	8359936.0;	39145.86666666667;	0.0;	10.333333333333334;	4.2;	0.0
1378289340;	2;	5199.998812;	88.399979804;	1.7;	8359936.0;	117439.2;	0.0;	10.066666666666666;	4.133333333333334;	0.0
1378289640;	2;	5199.998812;	102.26664330266665;	1.9666666666666666;	8359936.0;	83884.53333333334;	0.0;	9.666666666666666;	4.066666666666666;	0.0
1378289940;	2;	5199.998812;	95.33331155333333;	1.8333333333333335;	8359936.0;	44738.666666666664;	0.0;	9.733333333333333;	4.133333333333334;	0.0
1378290240;	2;	5199.998812;	97.06664449066666;	1.8666666666666665;	8359936.0;	139809.33333333334;	0.0;	9.8;	4.066666666666666;	0.0
1378290540;	2;	5199.998812;	98.79997742799998;	1.9;	8359936.0;	178954.93333333332;	0.0;	9.6;	4.066666666666666;	0.0
1378290840;	2;	5199.998812;	86.66664686666665;	1.6666666666666665;	8359936.0;	190140.53333333333;	0.0;	9.733333333333333;	4.133333333333334;	0.0
1378291140;	2;	5199.998812;	103.99997624;	2.0;	8359936.0;	173363.2;	0.0;	15.133333333333333;	4.2;	0.0
1378291440;	2;	5199.998812;	83.19998099200001;	1.6;	8359936.0;	83884.53333333334;	0.0;	9.6;	4.133333333333334;	0.0
1378291740;	2;	5199.998812;	100.53331036533332;	1.9333333333333333;	8359936.0;	150993.6;	0.0;	10.4;	4.4;	0.06666666666666667
1378292040;	2;	5199.998812;	516.5332153253333;	9.933333333333334;	8359936.0;	441799.4666666667;	3.333333333333333;	28.066666666666666;	6.866666666666666;	2.6
1378292340;	2;	5199.998812;	65.86665161866667;	1.2666666666666666;	8359936.0;	419428.8;	0.0;	4.266666666666667;	0.8;	0.0
1378292640;	2;	5199.998812;	72.799983368;	1.4;	8359936.0;	117439.2;	0.0;	4.0;	0.9333333333333333;	0.0
1378292940;	2;	5199.998812;	77.99998218;	1.5;	8359936.0;	128624.53333333334;	0.0;	4.133333333333334;	0.9333333333333333;	0.0
1378293240;	2;	5199.998812;	83.19998099200001;	1.6;	8359936.0;	33553.6;	0.0;	3.066666666666667;	0.8666666666666667;	0.0
1378293540;	2;	5199.998812;	65.86665161866667;	1.2666666666666666;	8359936.0;	22369.066666666666;	0.0;	3.1333333333333333;	0.8666666666666667;	0.0
1378293840;	2;	5199.998812;	71.06665043066666;	1.3666666666666665;	8359936.0;	50331.2;	0.0;	3.2666666666666666;	0.8666666666666667;	0.0
1378294140;	2;	5199.998812;	65.86665161866667;	1.2666666666666666;	8359936.0;	50330.666666666664;	0.0;	3.4;	0.9333333333333333;	0.0
1378294440;	2;	5199.998812;	76.26664924266666;	1.4666666666666666;	8359936.0;	117440.0;	0.0;	3.8;	1.0666666666666667;	0.0
1378294740;	2;	5199.998812;	93.599978616;	1.8;	8359936.0;	139809.06666666668;	0.0;	9.133333333333333;	1.1333333333333333;	0.0
1378295040;	2;	5199.998812;	74.53331630533333;	1.4333333333333333;	8359936.0;	100661.6;	0.0;	3.7333333333333334;	1.1333333333333333;	0.0
1378295340;	2;	5199.998812;	71.06665043066666;	1.3666666666666665;	8359936.0;	117439.2;	0.0;	3.466666666666667;	1.0666666666666667;	0.0
1378295640;	2;	5199.998812;	83.19998099200001;	1.6;	8359936.0;	50331.2;	0.0;	4.333333333333333;	1.4;	0.0
1378295940;	2;	5199.998812;	81.46664805466666;	1.5666666666666667;	8359936.0;	117439.2;	0.0;	5.066666666666666;	2.0;	0.0
1378296240;	2;	5199.998812;	79.73331511733333;	1.5333333333333334;	8359936.0;	83884.8;	0.0;	6.2;	2.1333333333333333;	0.0
1378296540;	2;	5199.998812;	79.73331511733333;	1.5333333333333334;	8359936.0;	83884.0;	0.0;	5.733333333333333;	2.1333333333333333;	0.0
1378296840;	2;	5199.998812;	79.73331511733333;	1.5333333333333334;	8359936.0;	89476.8;	0.0;	5.2;	2.1333333333333333;	0.0
1378297140;	2;	5199.998812;	77.99998218;	1.5;	8359936.0;	78293.6;	0.0;	6.466666666666667;	2.8666666666666667;	0.0
1378297441;	2;	5199.998812;	79.73331511733333;	1.5333333333333334;	8359936.0;	27961.333333333332;	0.0;	6.6;	2.8666666666666667;	0.0
1378297741;	2;	5199.998812;	77.99998218;	1.5;	8359936.0;	83884.0;	0.0;	6.466666666666667;	2.8;	0.0
1378298041;	2;	5199.998812;	77.99998218;	1.5;	8359936.0;	78292.26666666666;	0.0;	6.6;	2.8666666666666667;	0.0
1378298341;	2;	5199.998812;	98.79997742799998;	1.9;	8359936.0;	246064.53333333333;	0.0;	12.2;	2.8;	0.0
1378298641;	2;	5199.998812;	77.99998218;	1.5;	8359936.0;	145400.8;	0.0;	6.666666666666667;	2.8;	0.0
1378298941;	2;	5199.998812;	79.73331511733333;	1.5333333333333334;	8359936.0;	100662.4;	0.0;	6.733333333333333;	2.7333333333333334;	0.0
1378299241;	2;	5199.998812;	83.19998099200001;	1.6;	8359936.0;	33553.6;	0.0;	7.066666666666666;	2.933333333333333;	0.0
1378299541;	2;	5199.998812;	77.99998218;	1.5;	8359936.0;	156586.4;	0.0;	6.933333333333334;	2.8;	0.0
1378299841;	2;	5199.998812;	79.73331511733333;	1.5333333333333334;	8359936.0;	27961.6;	0.0;	7.6;	3.1333333333333333;	0.0
1378300141;	2;	5199.998812;	77.99998218;	1.5;	8359936.0;	50331.46666666667;	0.0;	7.4;	3.1333333333333333;	0.0
1378300441;	2;	5199.998812;	79.73331511733333;	1.5333333333333334;	8359936.0;	89478.13333333333;	0.0;	7.066666666666666;	3.066666666666667;	0.0
1378300741;	2;	5199.998812;	77.99998218;	1.5;	8359936.0;	106254.13333333333;	0.0;	7.066666666666666;	3.0;	0.0
1378301041;	2;	5199.998812;	77.99998218;	1.5;	8359936.0;	61515.73333333333;	0.0;	7.0;	3.0;	0.0
1378301341;	2;	5199.998812;	79.73331511733333;	1.5333333333333334;	8359936.0;	33553.86666666667;	0.0;	7.133333333333334;	3.0;	0.0
1378301641;	2;	5199.998812;	77.99998218;	1.5;	8359936.0;	100663.2;	0.0;	7.6;	3.2666666666666666;	0.0
1378301941;	2;	5199.998812;	98.79997742799998;	1.9;	8359936.0;	341136.0;	0.0;	13.266666666666667;	3.466666666666667;	0.0
1378302241;	2;	5199.998812;	77.99998218;	1.5;	8359936.0;	145401.33333333334;	0.0;	7.666666666666667;	3.1333333333333333;	0.0
1378302541;	2;	5199.998812;	83.19998099200001;	1.6;	8359936.0;	128624.26666666666;	0.0;	7.8;	3.1333333333333333;	0.0
1378302841;	2;	5199.998812;	77.99998218;	1.5;	8359936.0;	195732.53333333333;	0.0;	7.733333333333333;	3.3333333333333335;	0.0
1378303141;	2;	5199.998812;	81.46664805466666;	1.5666666666666667;	8359936.0;	111846.13333333333;	0.0;	7.333333333333333;	3.2666666666666666;	0.0
1378303441;	2;	5199.998812;	77.99998218;	1.5;	8359936.0;	134216.0;	0.0;	8.333333333333334;	3.4;	0.0
1378303741;	2;	5199.998812;	88.399979804;	1.7;	8359936.0;	162178.13333333333;	0.0;	8.266666666666667;	3.466666666666667;	0.0
1378304041;	2;	5199.998812;	77.99998218;	1.5;	8359936.0;	83884.53333333334;	0.0;	7.533333333333333;	3.4;	0.0
1378304341;	2;	5199.998812;	81.46664805466666;	1.5666666666666667;	8359936.0;	55922.666666666664;	0.0;	7.533333333333333;	3.2;	0.0
1378304642;	2;	5199.998812;	77.99998218;	1.5;	8359936.0;	27961.333333333332;	0.0;	7.466666666666667;	3.2;	0.0
1378304942;	2;	5199.998812;	79.73331511733333;	1.5333333333333334;	8359936.0;	95070.13333333333;	0.0;	8.0;	3.3333333333333335;	0.0
1378305242;	2;	5199.998812;	77.99998218;	1.5;	8359936.0;	111846.93333333333;	0.0;	7.666666666666667;	3.4;	0.0
1378305542;	2;	5199.998812;	105.73330917733333;	2.033333333333333;	8359936.0;	162178.66666666666;	0.0;	13.4;	3.6;	0.0
1378305842;	2;	5199.998812;	77.99998218;	1.5;	8359936.0;	83885.6;	0.0;	7.466666666666667;	3.3333333333333335;	0.0
1378306142;	2;	5199.998812;	77.99998218;	1.5;	8359936.0;	78292.53333333334;	0.0;	7.6;	3.3333333333333335;	0.0
1378306442;	2;	5199.998812;	79.73331511733333;	1.5333333333333334;	8359936.0;	123031.73333333334;	0.0;	7.533333333333333;	3.466666666666667;	0.0
1378306742;	2;	5199.998812;	77.99998218;	1.5;	8359936.0;	117439.2;	0.0;	7.933333333333334;	3.466666666666667;	0.0
1378307042;	2;	5199.998812;	79.73331511733333;	1.5333333333333334;	8359936.0;	117439.2;	0.0;	8.733333333333333;	3.533333333333333;	0.0
1378307342;	2;	5199.998812;	77.99998218;	1.5;	8359936.0;	134216.8;	0.0;	8.6;	3.6;	0.0
1378307641;	2;	5199.998812;	84.93331392933334;	1.6333333333333335;	8359936.0;	134216.8;	0.0;	9.0;	4.0;	0.0
1378307941;	2;	5199.998812;	86.66664686666665;	1.6666666666666665;	8359936.0;	50331.2;	0.0;	9.8;	4.666666666666667;	0.0
1378308241;	2;	5199.998812;	84.93331392933334;	1.6333333333333335;	8359936.0;	89477.06666666667;	0.0;	9.866666666666667;	4.733333333333333;	0.0
1378308541;	2;	5199.998812;	90.13331274133334;	1.7333333333333334;	8359936.0;	83884.0;	0.0;	9.733333333333333;	4.6;	0.0
1378308841;	2;	5199.998812;	97.06664449066666;	1.8666666666666665;	8359936.0;	117438.66666666667;	0.0;	9.866666666666667;	4.533333333333333;	0.0
1378309141;	2;	5199.998812;	107.46664211466664;	2.0666666666666664;	8359936.0;	223694.4;	0.0;	15.266666666666667;	4.666666666666667;	0.0
1378309441;	2;	5199.998812;	84.93331392933334;	1.6333333333333335;	8359936.0;	134216.53333333333;	0.0;	10.0;	4.6;	0.0
1378309741;	2;	5199.998812;	88.399979804;	1.7;	8359936.0;	11184.533333333333;	0.0;	9.866666666666667;	4.533333333333333;	0.0
1378310041;	2;	5199.998812;	90.13331274133334;	1.7333333333333334;	8359936.0;	83884.0;	0.0;	9.866666666666667;	4.6;	0.0
1378310341;	2;	5199.998812;	86.66664686666665;	1.6666666666666665;	8359936.0;	39145.86666666667;	0.0;	10.4;	4.733333333333333;	0.0
1378310641;	2;	5199.998812;	88.399979804;	1.7;	8359936.0;	128625.06666666667;	0.0;	10.933333333333334;	4.8;	0.0
1378310941;	2;	5199.998812;	86.66664686666665;	1.6666666666666665;	8359936.0;	212509.6;	0.0;	10.8;	4.733333333333333;	0.0
1378311241;	2;	5199.998812;	91.86664567866666;	1.7666666666666666;	8359936.0;	145401.06666666668;	0.0;	10.2;	4.666666666666667;	0.0
1378311541;	2;	5199.998812;	88.399979804;	1.7;	8359936.0;	83884.26666666666;	0.0;	10.133333333333333;	4.666666666666667;	0.0
1378311842;	2;	5199.998812;	91.86664567866666;	1.7666666666666666;	8359936.0;	67107.2;	0.0;	10.066666666666666;	4.6;	0.0
1378312142;	2;	5199.998812;	90.13331274133334;	1.7333333333333334;	8359936.0;	95069.06666666667;	0.0;	10.0;	4.733333333333333;	0.0
1378312442;	2;	5199.998812;	91.86664567866666;	1.7666666666666666;	8359936.0;	156585.33333333334;	0.0;	10.266666666666667;	4.866666666666666;	0.0
1378312742;	2;	5199.998812;	110.93330798933333;	2.1333333333333333;	8359936.0;	285211.2;	0.0;	15.6;	4.666666666666667;	0.0
1378313042;	2;	5199.998812;	93.599978616;	1.8;	8359936.0;	89477.33333333333;	0.0;	10.4;	4.733333333333333;	0.0
1378313342;	2;	5199.998812;	90.13331274133334;	1.7333333333333334;	8359936.0;	61515.73333333333;	0.0;	9.933333333333334;	4.533333333333333;	0.0
1378313642;	2;	5199.998812;	86.66664686666665;	1.6666666666666665;	8359936.0;	123032.53333333334;	0.0;	10.133333333333333;	4.733333333333333;	0.0
1378313942;	2;	5199.998812;	86.66664686666665;	1.6666666666666665;	8359936.0;	128624.26666666666;	0.0;	10.066666666666666;	4.8;	0.0
1378314242;	2;	5199.998812;	95.33331155333333;	1.8333333333333335;	8359936.0;	128624.0;	0.0;	10.933333333333334;	4.866666666666666;	0.0
1378314542;	2;	5199.998812;	95.33331155333333;	1.8333333333333335;	8359936.0;	190140.26666666666;	0.0;	10.733333333333333;	4.733333333333333;	0.0
1378314842;	2;	5199.998812;	103.99997624;	2.0;	8359936.0;	150994.4;	0.0;	10.2;	4.666666666666667;	0.0
1378315142;	2;	5199.998812;	95.33331155333333;	1.8333333333333335;	8359936.0;	150994.4;	0.0;	10.2;	4.666666666666667;	0.0
1378315442;	2;	5199.998812;	91.86664567866666;	1.7666666666666666;	8359936.0;	150994.13333333333;	0.0;	10.266666666666667;	4.8;	0.0
1378315742;	2;	5199.998812;	91.86664567866666;	1.7666666666666666;	8359936.0;	139808.8;	0.0;	10.266666666666667;	4.866666666666666;	0.0
1378316042;	2;	5199.998812;	93.599978616;	1.8;	8359936.0;	50330.4;	0.0;	10.2;	4.733333333333333;	0.0
1378316342;	2;	5199.998812;	114.399973864;	2.2;	8359936.0;	313173.6;	0.0;	15.933333333333334;	4.8;	0.0
1378316642;	2;	5199.998812;	91.86664567866666;	1.7666666666666666;	8359936.0;	117438.66666666667;	0.0;	10.0;	4.666666666666667;	0.0
1378316942;	2;	5199.998812;	93.599978616;	1.8;	8359936.0;	274027.2;	0.0;	10.133333333333333;	4.733333333333333;	0.0
1378317242;	2;	5199.998812;	86.66664686666665;	1.6666666666666665;	8359936.0;	145400.53333333333;	0.0;	10.066666666666666;	4.8;	0.0
1378317542;	2;	5199.998812;	88.399979804;	1.7;	8359936.0;	83884.0;	0.0;	10.066666666666666;	4.8;	0.0
1378317842;	2;	5199.998812;	93.599978616;	1.8;	8359936.0;	67107.2;	0.0;	10.866666666666667;	5.0;	0.0
1378318142;	2;	5199.998812;	93.599978616;	1.8;	8359936.0;	134216.0;	0.0;	10.466666666666667;	4.8;	0.0
1378318442;	2;	5199.998812;	90.13331274133334;	1.7333333333333334;	8359936.0;	117439.2;	0.0;	10.266666666666667;	4.733333333333333;	0.0
1378318742;	2;	5199.998812;	90.13331274133334;	1.7333333333333334;	8359936.0;	212510.13333333333;	0.0;	10.2;	4.733333333333333;	0.0
1378319042;	2;	5199.998812;	91.86664567866666;	1.7666666666666666;	8359936.0;	100661.6;	0.0;	10.333333333333334;	4.666666666666667;	0.0
1378319342;	2;	5199.998812;	97.06664449066666;	1.8666666666666665;	8359936.0;	106254.13333333333;	0.0;	10.266666666666667;	4.6;	0.0
1378319642;	2;	5199.998812;	95.33331155333333;	1.8333333333333335;	8359936.0;	128623.46666666666;	0.0;	10.2;	4.733333333333333;	0.0
1378319942;	2;	5199.998812;	114.399973864;	2.2;	8359936.0;	285211.4666666667;	0.0;	19.733333333333334;	4.866666666666666;	0.0
1378320243;	2;	5199.998812;	91.86664567866666;	1.7666666666666666;	8359936.0;	184548.0;	0.0;	10.466666666666667;	4.8;	0.0
1378320543;	2;	5199.998812;	88.399979804;	1.7;	8359936.0;	150993.6;	0.0;	9.8;	4.733333333333333;	0.0
1378320843;	2;	5199.998812;	88.399979804;	1.7;	8359936.0;	123031.73333333334;	0.0;	10.533333333333333;	4.8;	0.0
1378321143;	2;	5199.998812;	90.13331274133334;	1.7333333333333334;	8359936.0;	39145.86666666667;	0.0;	10.066666666666666;	4.733333333333333;	0.0
1378321443;	2;	5199.998812;	95.33331155333333;	1.8333333333333335;	8359936.0;	145401.33333333334;	0.0;	11.0;	4.8;	0.0
1378321743;	2;	5199.998812;	91.86664567866666;	1.7666666666666666;	8359936.0;	106254.13333333333;	0.0;	10.333333333333334;	4.8;	0.0
1378322043;	2;	5199.998812;	90.13331274133334;	1.7333333333333334;	8359936.0;	206918.13333333333;	0.0;	10.2;	4.6;	0.0
1378322343;	2;	5199.998812;	93.599978616;	1.8;	8359936.0;	89477.33333333333;	0.0;	9.933333333333334;	4.733333333333333;	0.0
1378322643;	2;	5199.998812;	95.33331155333333;	1.8333333333333335;	8359936.0;	50330.4;	0.0;	10.066666666666666;	4.733333333333333;	0.0
1378322943;	2;	5199.998812;	93.599978616;	1.8;	8359936.0;	128624.26666666666;	0.0;	10.266666666666667;	4.733333333333333;	0.0
1378323243;	2;	5199.998812;	88.399979804;	1.7;	8359936.0;	139809.33333333334;	0.0;	10.133333333333333;	4.733333333333333;	0.0
1378323543;	2;	5199.998812;	105.73330917733333;	2.033333333333333;	8359936.0;	257250.13333333333;	0.0;	15.733333333333333;	4.666666666666667;	0.0
1378323843;	2;	5199.998812;	84.93331392933334;	1.6333333333333335;	8359936.0;	139808.8;	0.0;	10.066666666666666;	4.8;	0.0
1378324143;	2;	5199.998812;	88.399979804;	1.7;	8359936.0;	95069.33333333333;	0.0;	10.133333333333333;	4.666666666666667;	0.0
1378324443;	2;	5199.998812;	88.399979804;	1.7;	8359936.0;	100661.6;	0.0;	10.266666666666667;	4.733333333333333;	0.0
1378324743;	2;	5199.998812;	90.13331274133334;	1.7333333333333334;	8359936.0;	123031.73333333334;	0.0;	10.0;	4.666666666666667;	0.0
1378325043;	2;	5199.998812;	91.86664567866666;	1.7666666666666666;	8359936.0;	117439.2;	0.0;	10.8;	4.8;	0.06666666666666667
1378325343;	2;	5199.998812;	97.06664449066666;	1.8666666666666665;	8359936.0;	83884.0;	0.0;	10.733333333333333;	4.6;	0.0
1378325643;	2;	5199.998812;	88.399979804;	1.7;	8359936.0;	67107.2;	0.0;	10.4;	4.733333333333333;	0.0
1378325943;	2;	5199.998812;	86.66664686666665;	1.6666666666666665;	8359936.0;	173363.73333333334;	0.0;	10.2;	4.666666666666667;	0.0
1378326243;	2;	5199.998812;	97.06664449066666;	1.8666666666666665;	8359936.0;	111846.66666666667;	0.0;	10.133333333333333;	4.6;	0.0
1378326543;	2;	5199.998812;	91.86664567866666;	1.7666666666666666;	8359936.0;	106254.13333333333;	0.0;	10.2;	4.733333333333333;	0.0
1378326843;	2;	5199.998812;	93.599978616;	1.8;	8359936.0;	100663.2;	0.0;	10.066666666666666;	4.666666666666667;	0.0
1378327143;	2;	5199.998812;	114.399973864;	2.2;	8359936.0;	218102.66666666666;	0.0;	15.733333333333333;	4.733333333333333;	0.0
1378327443;	2;	5199.998812;	88.399979804;	1.7;	8359936.0;	190139.73333333334;	0.0;	10.133333333333333;	4.666666666666667;	0.0
1378327743;	2;	5199.998812;	90.13331274133334;	1.7333333333333334;	8359936.0;	139809.33333333334;	0.0;	10.2;	4.733333333333333;	0.0
1378328043;	2;	5199.998812;	86.66664686666665;	1.6666666666666665;	8359936.0;	83885.6;	0.0;	10.333333333333334;	4.6;	0.0
1378328343;	2;	5199.998812;	86.66664686666665;	1.6666666666666665;	8359936.0;	83885.06666666667;	0.0;	10.2;	4.8;	0.0
1378328643;	2;	5199.998812;	95.33331155333333;	1.8333333333333335;	8359936.0;	145401.86666666667;	0.0;	10.933333333333334;	4.866666666666666;	0.0
1378328943;	2;	5199.998812;	90.13331274133334;	1.7333333333333334;	8359936.0;	218102.4;	0.0;	10.4;	4.733333333333333;	0.0
1378329244;	2;	5199.998812;	91.86664567866666;	1.7666666666666666;	8359936.0;	100662.4;	0.0;	10.066666666666666;	4.6;	0.0
1378329544;	2;	5199.998812;	88.399979804;	1.7;	8359936.0;	67107.2;	0.0;	10.066666666666666;	4.733333333333333;	0.0
1378329844;	2;	5199.998812;	84.93331392933334;	1.6333333333333335;	8359936.0;	67107.2;	0.0;	10.133333333333333;	4.666666666666667;	0.0
1378330144;	2;	5199.998812;	83.19998099200001;	1.6;	8359936.0;	100661.86666666667;	0.0;	10.266666666666667;	4.733333333333333;	0.0
1378330444;	2;	5199.998812;	86.66664686666665;	1.6666666666666665;	8359936.0;	134216.8;	0.0;	10.266666666666667;	4.733333333333333;	0.0
1378330744;	2;	5199.998812;	109.19997505200001;	2.1;	8359936.0;	117439.2;	0.0;	15.666666666666666;	4.666666666666667;	0.0
1378331044;	2;	5199.998812;	88.399979804;	1.7;	8359936.0;	123031.73333333334;	0.0;	10.2;	4.733333333333333;	0.0
1378331344;	2;	5199.998812;	90.13331274133334;	1.7333333333333334;	8359936.0;	89477.06666666667;	0.0;	10.0;	4.733333333333333;	0.0
1378331644;	2;	5199.998812;	91.86664567866666;	1.7666666666666666;	8359936.0;	67107.2;	0.0;	11.266666666666667;	4.733333333333333;	0.0
1378331944;	2;	5199.998812;	86.66664686666665;	1.6666666666666665;	8359936.0;	89476.8;	0.0;	10.133333333333333;	4.866666666666666;	0.0
1378332244;	2;	5199.998812;	93.599978616;	1.8;	8359936.0;	89478.4;	0.0;	10.666666666666666;	4.8;	0.0
1378332544;	2;	5199.998812;	90.13331274133334;	1.7333333333333334;	8359936.0;	83884.0;	0.0;	10.4;	4.866666666666666;	0.0
1378332844;	2;	5199.998812;	91.86664567866666;	1.7666666666666666;	8359936.0;	55922.666666666664;	0.0;	10.066666666666666;	4.733333333333333;	0.0
1378333144;	2;	5199.998812;	88.399979804;	1.7;	8359936.0;	83884.8;	0.0;	10.333333333333334;	4.733333333333333;	0.0
1378333444;	2;	5199.998812;	93.599978616;	1.8;	8359936.0;	111846.66666666667;	0.0;	10.066666666666666;	4.733333333333333;	0.0
1378333744;	2;	5199.998812;	91.86664567866666;	1.7666666666666666;	8359936.0;	117439.2;	0.0;	10.266666666666667;	4.733333333333333;	0.0
1378334044;	2;	5199.998812;	88.399979804;	1.7;	8359936.0;	156586.13333333333;	0.0;	10.2;	4.666666666666667;	0.0
1378334344;	2;	5199.998812;	171.59996079599998;	3.3;	8359936.0;	346727.4666666667;	0.0;	40.666666666666664;	5.6;	1.6
1378334644;	2;	5199.998812;	84.93331392933334;	1.6333333333333335;	8359936.0;	307581.06666666665;	0.0;	11.066666666666666;	4.866666666666666;	0.0
1378334944;	2;	5199.998812;	90.13331274133334;	1.7333333333333334;	8359936.0;	173362.93333333332;	0.0;	10.2;	4.8;	0.0
1378335244;	2;	5199.998812;	88.399979804;	1.7;	8359936.0;	55923.46666666667;	0.0;	10.066666666666666;	4.666666666666667;	0.0
1378335544;	2;	5199.998812;	86.66664686666665;	1.6666666666666665;	8359936.0;	89476.8;	0.0;	10.133333333333333;	4.666666666666667;	0.0
1378335844;	2;	5199.998812;	90.13331274133334;	1.7333333333333334;	8359936.0;	156586.66666666666;	0.0;	10.933333333333334;	4.733333333333333;	0.0
1378336144;	2;	5199.998812;	95.33331155333333;	1.8333333333333335;	8359936.0;	184548.8;	0.0;	11.071428571428571;	4.733333333333333;	0.0
1378336444;	2;	5199.998812;	95.33331155333333;	1.8333333333333335;	8359936.0;	72700.8;	0.0;	9.785714285714286;	4.666666666666667;	0.0
1378336744;	2;	5199.998812;	86.66664686666665;	1.6666666666666665;	8359936.0;	44738.13333333333;	0.0;	10.066666666666666;	4.733333333333333;	0.0
1378337045;	2;	5199.998812;	88.399979804;	1.7;	8359936.0;	134216.8;	0.0;	10.333333333333334;	4.6;	0.0
1378337345;	2;	5199.998812;	88.399979804;	1.7;	8359936.0;	156586.13333333333;	0.0;	10.066666666666666;	4.666666666666667;	0.0
1378337645;	2;	5199.998812;	88.399979804;	1.7;	8359936.0;	83884.8;	0.0;	10.266666666666667;	4.733333333333333;	0.0
1378337945;	2;	5199.998812;	110.93330798933333;	2.1333333333333333;	8359936.0;	212509.33333333334;	0.0;	15.933333333333334;	4.733333333333333;	0.0
1378338245;	2;	5199.998812;	88.399979804;	1.7;	8359936.0;	195733.06666666668;	0.0;	10.0;	4.6;	0.0
1378338545;	2;	5199.998812;	84.93331392933334;	1.6333333333333335;	8359936.0;	173363.2;	0.0;	10.066666666666666;	4.8;	0.0
1378338845;	2;	5199.998812;	79.73331511733333;	1.5333333333333334;	8359936.0;	89476.8;	0.0;	10.133333333333333;	4.733333333333333;	0.0
1378339145;	2;	5199.998812;	90.13331274133334;	1.7333333333333334;	8359936.0;	173363.46666666667;	0.0;	10.266666666666667;	4.866666666666666;	0.0
1378339445;	2;	5199.998812;	93.599978616;	1.8;	8359936.0;	167771.2;	0.0;	11.0;	4.8;	0.0
1378339745;	2;	5199.998812;	93.599978616;	1.8;	8359936.0;	117439.2;	0.0;	13.933333333333334;	4.8;	0.13333333333333333
1378340045;	2;	5199.998812;	88.399979804;	1.7;	8359936.0;	83884.0;	0.0;	10.2;	4.733333333333333;	0.0
1378340345;	2;	5199.998812;	88.399979804;	1.7;	8359936.0;	72699.46666666666;	0.0;	10.0;	4.6;	0.0
1378340645;	2;	5199.998812;	90.13331274133334;	1.7333333333333334;	8359936.0;	100662.4;	0.0;	10.333333333333334;	4.666666666666667;	0.0
1378340945;	2;	5199.998812;	86.66664686666665;	1.6666666666666665;	8359936.0;	128623.2;	0.0;	10.066666666666666;	4.6;	0.0
1378341245;	2;	5199.998812;	86.66664686666665;	1.6666666666666665;	8359936.0;	184548.0;	0.0;	10.2;	4.666666666666667;	0.0
1378341545;	2;	5199.998812;	105.73330917733333;	2.033333333333333;	8359936.0;	313173.86666666664;	0.0;	15.866666666666667;	4.733333333333333;	0.0
1378341845;	2;	5199.998812;	84.93331392933334;	1.6333333333333335;	8359936.0;	206917.06666666668;	0.0;	10.0;	4.733333333333333;	0.0
1378342145;	2;	5199.998812;	93.599978616;	1.8;	8359936.0;	123031.73333333334;	0.0;	10.066666666666666;	4.8;	0.0
1378342445;	2;	5199.998812;	88.399979804;	1.7;	8359936.0;	83884.8;	0.0;	10.133333333333333;	4.666666666666667;	0.0
1378342745;	2;	5199.998812;	88.399979804;	1.7;	8359936.0;	83884.0;	0.0;	9.933333333333334;	4.666666666666667;	0.0
1378343045;	2;	5199.998812;	109.19997505200001;	2.1;	8359936.0;	156585.86666666667;	0.0;	15.866666666666667;	4.933333333333334;	0.13333333333333333
1378343345;	2;	5199.998812;	90.13331274133334;	1.7333333333333334;	8359936.0;	167771.2;	0.0;	10.133333333333333;	4.6;	0.0
1378343645;	2;	5199.998812;	88.399979804;	1.7;	8359936.0;	134216.8;	0.0;	10.333333333333334;	4.8;	0.0
1378343945;	2;	5199.998812;	86.66664686666665;	1.6666666666666665;	8359936.0;	61516.0;	0.0;	10.2;	4.733333333333333;	0.0
1378344245;	2;	5199.998812;	84.93331392933334;	1.6333333333333335;	8359936.0;	67107.2;	0.0;	10.266666666666667;	4.8;	0.0
1378344545;	2;	5199.998812;	91.86664567866666;	1.7666666666666666;	8359936.0;	33554.4;	0.0;	10.133333333333333;	4.8;	0.0
1378344845;	2;	5199.998812;	88.399979804;	1.7;	8359936.0;	67108.8;	0.0;	10.266666666666667;	4.8;	0.0
1378345145;	2;	5199.998812;	117.86663973866665;	2.2666666666666666;	8359936.0;	201325.33333333334;	0.0;	75.06666666666666;	19.866666666666667;	0.3333333333333333
1378345445;	2;	5199.998812;	90.13331274133334;	1.7333333333333334;	8359936.0;	95068.8;	0.0;	10.333333333333334;	4.733333333333333;	0.0
1378345745;	2;	5199.998812;	88.399979804;	1.7;	8359936.0;	139808.8;	0.0;	10.133333333333333;	4.666666666666667;	0.0
1378346045;	2;	5199.998812;	88.399979804;	1.7;	8359936.0;	134216.53333333333;	0.0;	10.333333333333334;	4.666666666666667;	0.0
1378346345;	2;	5199.998812;	91.86664567866666;	1.7666666666666666;	8359936.0;	117439.46666666666;	0.0;	9.866666666666667;	4.6;	0.0
1378346645;	2;	5199.998812;	246.13327710133333;	4.733333333333333;	8359936.0;	184547.73333333334;	0.0;	12.933333333333334;	6.333333333333333;	0.8666666666666667
1378346945;	2;	5199.998812;	117.86663973866665;	2.2666666666666666;	8359936.0;	218102.66666666666;	0.0;	26.333333333333332;	11.6;	0.2
1378347245;	2;	5199.998812;	81.46664805466666;	1.5666666666666667;	8359936.0;	150993.6;	0.0;	10.333333333333334;	4.733333333333333;	0.0
1378347545;	2;	5199.998812;	83.19998099200001;	1.6;	8359936.0;	201324.53333333333;	0.0;	10.133333333333333;	4.666666666666667;	0.0
1378347845;	2;	5199.998812;	86.66664686666665;	1.6666666666666665;	8359936.0;	89477.33333333333;	0.0;	10.066666666666666;	4.666666666666667;	0.0
1378348145;	2;	5199.998812;	88.399979804;	1.7;	8359936.0;	61515.46666666667;	0.0;	10.066666666666666;	4.666666666666667;	0.0
1378348445;	2;	5199.998812;	84.93331392933334;	1.6333333333333335;	8359936.0;	100662.4;	0.0;	10.0;	4.8;	0.0
1378348745;	2;	5199.998812;	105.73330917733333;	2.033333333333333;	8359936.0;	201324.53333333333;	0.0;	15.8;	4.933333333333334;	0.0
1378349045;	2;	5199.998812;	83.19998099200001;	1.6;	8359936.0;	156586.13333333333;	0.0;	10.066666666666666;	4.733333333333333;	0.0
1378349345;	2;	5199.998812;	84.93331392933334;	1.6333333333333335;	8359936.0;	123031.46666666666;	0.0;	10.066666666666666;	4.733333333333333;	0.0
1378349645;	2;	5199.998812;	83.19998099200001;	1.6;	8359936.0;	106254.4;	0.0;	10.2;	4.666666666666667;	0.0
1378349945;	2;	5199.998812;	79.73331511733333;	1.5333333333333334;	8359936.0;	145401.86666666667;	0.0;	10.133333333333333;	4.733333333333333;	0.0
1378350245;	2;	5199.998812;	90.13331274133334;	1.7333333333333334;	8359936.0;	117438.4;	0.0;	10.733333333333333;	4.8;	0.0
1378350545;	2;	5199.998812;	86.66664686666665;	1.6666666666666665;	8359936.0;	195733.06666666668;	0.0;	10.6;	4.733333333333333;	0.0
1378350845;	2;	5199.998812;	84.93331392933334;	1.6333333333333335;	8359936.0;	117439.2;	0.0;	10.0;	4.6;	0.0
1378351145;	2;	5199.998812;	86.66664686666665;	1.6666666666666665;	8359936.0;	195732.8;	0.0;	10.266666666666667;	4.6;	0.0
1378351445;	2;	5199.998812;	86.66664686666665;	1.6666666666666665;	8359936.0;	145401.06666666668;	0.0;	10.2;	4.8;	0.0
1378351745;	2;	5199.998812;	86.66664686666665;	1.6666666666666665;	8359936.0;	117439.2;	0.0;	10.266666666666667;	4.666666666666667;	0.0
1378352046;	2;	5199.998812;	86.66664686666665;	1.6666666666666665;	8359936.0;	78291.73333333334;	0.0;	10.0;	4.533333333333333;	0.0
1378352346;	2;	5199.99798;	181.9999293;	3.5;	8359936.0;	251656.0;	0.0;	13.0;	6.0;	0.0
1378352646;	2;	5199.99798;	114.39995556000002;	2.2;	8359936.0;	195732.53333333333;	0.0;	10.266666666666667;	4.666666666666667;	0.0
1378352946;	2;	5199.99798;	110.93329024;	2.1333333333333333;	8359936.0;	89476.8;	0.0;	10.0;	4.8;	0.0
1378353246;	2;	5199.99798;	109.19995758;	2.1;	8359936.0;	27961.333333333332;	0.0;	10.2;	4.666666666666667;	0.0
1378353546;	2;	5199.99798;	109.19995758;	2.1;	8359936.0;	55922.666666666664;	0.0;	10.133333333333333;	4.733333333333333;	0.0
1378353846;	2;	5199.99798;	116.13328822000001;	2.2333333333333334;	8359936.0;	150993.6;	0.0;	10.866666666666667;	4.733333333333333;	0.0
1378354146;	2;	5199.99798;	110.93329024;	2.1333333333333333;	8359936.0;	156586.13333333333;	0.0;	10.666666666666666;	4.866666666666666;	0.0
1378354446;	2;	5199.99798;	105.73329226;	2.033333333333333;	8359936.0;	128624.26666666666;	0.0;	9.866666666666667;	4.666666666666667;	0.0
1378354746;	2;	5199.99798;	103.9999596;	2.0;	8359936.0;	134216.8;	0.0;	10.133333333333333;	4.733333333333333;	0.0
1378355046;	2;	5199.99798;	103.9999596;	2.0;	8359936.0;	128624.53333333334;	0.0;	10.266666666666667;	4.733333333333333;	0.0
1378355346;	2;	5199.99798;	109.19995758;	2.1;	8359936.0;	106254.4;	0.0;	10.266666666666667;	4.8;	0.0
1378355646;	2;	5199.99798;	105.73329226;	2.033333333333333;	8359936.0;	145401.86666666667;	0.0;	10.133333333333333;	4.733333333333333;	0.0
1378355946;	2;	5199.99798;	126.53328418000001;	2.4333333333333336;	8359936.0;	173363.46666666667;	0.0;	15.8;	4.8;	0.0
1378356246;	2;	5199.99798;	109.19995758;	2.1;	8359936.0;	67107.46666666666;	0.0;	10.266666666666667;	4.733333333333333;	0.0
1378356546;	2;	5199.99798;	109.19995758;	2.1;	8359936.0;	167771.2;	0.0;	10.2;	4.6;	0.0
1378356846;	2;	5199.99798;	109.19995758;	2.1;	8359936.0;	134216.0;	0.0;	10.066666666666666;	4.6;	0.0
1378357146;	2;	5199.99798;	109.19995758;	2.1;	8359936.0;	67108.0;	0.0;	10.2;	4.733333333333333;	0.0
1378357446;	2;	5199.99798;	109.19995758;	2.1;	8359936.0;	201326.4;	0.0;	10.8;	4.8;	0.0
1378357746;	2;	5199.99798;	109.19995758;	2.1;	8359936.0;	156585.6;	0.0;	11.2;	4.666666666666667;	0.0
1378358046;	2;	5199.99798;	103.9999596;	2.0;	8359936.0;	150994.4;	0.0;	10.266666666666667;	4.733333333333333;	0.0
1378358346;	2;	5199.99798;	102.26662694000001;	1.9666666666666666;	8359936.0;	22369.333333333332;	0.0;	10.266666666666667;	4.6;	0.0
1378358646;	2;	5199.99798;	107.46662492;	2.0666666666666664;	8359936.0;	117439.2;	0.0;	10.266666666666667;	4.533333333333333;	0.0
1378358947;	2;	5199.99798;	109.19995758;	2.1;	8359936.0;	167771.2;	0.0;	10.266666666666667;	4.733333333333333;	0.0
1378359247;	2;	5199.99798;	107.46662492;	2.0666666666666664;	8359936.0;	0.0;	0.0;	10.133333333333333;	4.6;	0.0
1378359547;	2;	5199.99798;	126.53328418000001;	2.4333333333333336;	8359936.0;	139809.6;	0.0;	15.666666666666666;	4.733333333333333;	0.0
1378359847;	2;	5199.99798;	109.19995758;	2.1;	8359936.0;	218103.2;	0.0;	10.133333333333333;	4.6;	0.0
1378360147;	2;	5199.99798;	100.53329428;	1.9333333333333333;	8359936.0;	67108.0;	0.0;	10.133333333333333;	4.733333333333333;	0.0
1378360447;	2;	5199.99798;	98.79996161999999;	1.9;	8359936.0;	83885.33333333333;	0.0;	10.266666666666667;	4.6;	0.0
1378360747;	2;	5199.99798;	97.06662896;	1.8666666666666665;	8359936.0;	83884.8;	0.0;	10.066666666666666;	4.533333333333333;	0.0
1378361047;	2;	5199.99798;	91.86663098;	1.7666666666666666;	8359936.0;	117439.2;	0.0;	10.866666666666667;	4.666666666666667;	0.0
1378361347;	2;	5199.99798;	95.3332963;	1.8333333333333335;	8359936.0;	162178.66666666666;	0.0;	10.4;	4.666666666666667;	0.0
1378361647;	2;	5199.99798;	91.86663098;	1.7666666666666666;	8359936.0;	218103.2;	0.0;	10.0;	4.666666666666667;	0.0
1378361947;	2;	5199.99798;	95.3332963;	1.8333333333333335;	8359936.0;	262842.4;	0.0;	10.0;	4.6;	0.0
1378362247;	2;	5199.99798;	88.39996565999999;	1.7;	8359936.0;	78292.26666666666;	0.0;	10.2;	4.733333333333333;	0.0
1378362547;	2;	5199.99798;	91.86663098;	1.7666666666666666;	8359936.0;	111847.46666666666;	0.0;	10.466666666666667;	4.533333333333333;	0.0
1378362847;	2;	5199.99798;	91.86663098;	1.7666666666666666;	8359936.0;	78292.53333333334;	0.0;	10.0;	4.733333333333333;	0.0
1378363147;	2;	5199.99798;	110.93329024;	2.1333333333333333;	8359936.0;	206916.8;	0.0;	15.933333333333334;	4.8;	0.0
1378363447;	2;	5199.99798;	93.59996364;	1.8;	8359936.0;	145400.8;	0.0;	10.333333333333334;	4.733333333333333;	0.0
1378363747;	2;	5199.99798;	98.79996161999999;	1.9;	8359936.0;	83884.0;	0.0;	10.333333333333334;	4.533333333333333;	0.0
1378364047;	2;	5199.99798;	88.39996565999999;	1.7;	8359936.0;	134216.0;	0.0;	10.133333333333333;	4.6;	0.0
1378364347;	2;	5199.99798;	100.53329428;	1.9333333333333333;	8359936.0;	106254.13333333333;	0.0;	10.066666666666666;	4.666666666666667;	0.0
1378364647;	2;	5199.99798;	95.3332963;	1.8333333333333335;	8359936.0;	218101.86666666667;	0.0;	10.8;	4.733333333333333;	0.0
1378364947;	2;	5199.99798;	90.13329832000001;	1.7333333333333334;	8359936.0;	218103.2;	0.0;	10.6;	4.666666666666667;	0.0
1378365247;	2;	5199.99798;	100.53329428;	1.9333333333333333;	8359936.0;	178956.53333333333;	0.0;	10.333333333333334;	4.6;	0.0
1378365547;	2;	5199.99798;	90.13329832000001;	1.7333333333333334;	8359936.0;	201325.33333333334;	0.0;	9.933333333333334;	4.666666666666667;	0.0
1378365847;	2;	5199.99798;	91.86663098;	1.7666666666666666;	8359936.0;	167771.2;	0.0;	10.4;	4.866666666666666;	0.0
1378366147;	2;	5199.99798;	90.13329832000001;	1.7333333333333334;	8359936.0;	44739.2;	0.0;	10.2;	4.8;	0.0
1378366447;	2;	5199.99798;	102.26662694000001;	1.9666666666666666;	8359936.0;	78291.73333333334;	0.0;	10.333333333333334;	4.733333333333333;	0.0
1378366747;	2;	5199.99798;	117.86662087999999;	2.2666666666666666;	8359936.0;	218101.86666666667;	0.0;	15.6;	4.733333333333333;	0.0
1378367047;	2;	5199.99798;	103.9999596;	2.0;	8359936.0;	123031.2;	0.0;	10.266666666666667;	4.733333333333333;	0.0
1378367347;	2;	5199.99798;	105.73329226;	2.033333333333333;	8359936.0;	83885.6;	0.0;	9.8;	4.6;	0.0
1378367647;	2;	5199.99798;	105.73329226;	2.033333333333333;	8359936.0;	106255.2;	0.0;	10.4;	4.666666666666667;	0.0
1378367947;	2;	5199.99798;	107.46662492;	2.0666666666666664;	8359936.0;	83884.8;	0.0;	10.066666666666666;	4.733333333333333;	0.0
1378368247;	2;	5199.99798;	110.93329024;	2.1333333333333333;	8359936.0;	89477.86666666667;	0.0;	11.2;	4.733333333333333;	0.0
1378368547;	2;	5199.99798;	109.19995758;	2.1;	8359936.0;	178955.73333333334;	0.0;	11.266666666666667;	4.6;	0.0
1378368848;	2;	5199.99798;	107.46662492;	2.0666666666666664;	8359936.0;	106254.4;	0.0;	10.266666666666667;	4.6;	0.0
1378369148;	2;	5199.99798;	105.73329226;	2.033333333333333;	8359936.0;	78292.53333333334;	0.0;	10.133333333333333;	4.666666666666667;	0.0
1378369448;	2;	5199.99798;	105.73329226;	2.033333333333333;	8359936.0;	106254.66666666667;	0.0;	10.333333333333334;	4.8;	0.0
1378369748;	2;	5199.99798;	105.73329226;	2.033333333333333;	8359936.0;	123032.0;	0.0;	10.133333333333333;	4.8;	0.0
1378370048;	2;	5199.99798;	107.46662492;	2.0666666666666664;	8359936.0;	33553.6;	0.0;	10.133333333333333;	4.8;	0.0
1378370348;	2;	5199.99798;	133.46661482000002;	2.566666666666667;	8359936.0;	190140.0;	0.0;	15.666666666666666;	4.666666666666667;	0.0
1378370648;	2;	5199.99798;	107.46662492;	2.0666666666666664;	8359936.0;	178955.73333333334;	0.0;	10.2;	4.6;	0.0
1378370948;	2;	5199.99798;	110.93329024;	2.1333333333333333;	8359936.0;	117439.2;	0.0;	10.4;	4.666666666666667;	0.0
1378371248;	2;	5199.99798;	109.19995758;	2.1;	8359936.0;	106254.4;	0.0;	10.266666666666667;	4.733333333333333;	0.0
1378371548;	2;	5199.99798;	173.333266;	3.333333333333333;	8359936.0;	128624.53333333334;	0.4666666666666667;	14.066666666666666;	7.133333333333334;	0.6
1378371848;	2;	5199.99798;	504.39980405999995;	9.7;	8359936.0;	329950.6666666667;	2.8666666666666663;	25.133333333333333;	6.866666666666666;	2.0
1378372148;	2;	5199.99798;	103.9999596;	2.0;	8359936.0;	178956.53333333333;	0.0;	11.666666666666666;	4.8;	0.0
1378372448;	2;	5199.99798;	103.9999596;	2.0;	8359936.0;	173362.93333333332;	0.0;	10.266666666666667;	4.6;	0.0
1378372748;	2;	5199.99798;	107.46662492;	2.0666666666666664;	8359936.0;	156585.6;	0.0;	10.133333333333333;	4.666666666666667;	0.0
1378373047;	2;	5199.99798;	105.73329226;	2.033333333333333;	8359936.0;	134215.73333333334;	0.0;	10.333333333333334;	4.6;	0.0
1378373347;	2;	5199.99798;	107.46662492;	2.0666666666666664;	8359936.0;	44738.13333333333;	0.0;	10.0;	4.666666666666667;	0.0
1378373647;	2;	5199.99798;	105.73329226;	2.033333333333333;	8359936.0;	83884.0;	0.0;	10.4;	4.666666666666667;	0.0
1378373947;	2;	5199.99798;	124.79995152;	2.4;	8359936.0;	240472.26666666666;	0.0;	15.666666666666666;	4.733333333333333;	0.0
1378374247;	2;	5199.99798;	105.73329226;	2.033333333333333;	8359936.0;	201325.6;	0.0;	10.133333333333333;	4.666666666666667;	0.0
1378374547;	2;	5199.99798;	107.46662492;	2.0666666666666664;	8359936.0;	134216.8;	0.0;	10.066666666666666;	4.666666666666667;	0.0
1378374847;	2;	5199.99798;	109.19995758;	2.1;	8359936.0;	83884.0;	0.0;	10.2;	4.8;	0.0
1378375147;	2;	5199.99798;	107.46662492;	2.0666666666666664;	8359936.0;	83884.8;	0.0;	10.333333333333334;	4.666666666666667;	0.0
1378375447;	2;	5199.99798;	107.46662492;	2.0666666666666664;	8359936.0;	16776.8;	0.0;	10.666666666666666;	4.6;	0.0
1378375747;	2;	5199.99798;	105.73329226;	2.033333333333333;	8359936.0;	178955.46666666667;	0.0;	10.733333333333333;	4.533333333333333;	0.0
1378376047;	2;	5199.99798;	105.73329226;	2.033333333333333;	8359936.0;	167770.4;	0.0;	10.133333333333333;	4.666666666666667;	0.0
1378376347;	2;	5199.99798;	107.46662492;	2.0666666666666664;	8359936.0;	72700.26666666666;	0.0;	10.333333333333334;	4.666666666666667;	0.0
1378376648;	2;	5199.99798;	107.46662492;	2.0666666666666664;	8359936.0;	100661.6;	0.0;	10.133333333333333;	4.733333333333333;	0.0
1378376948;	2;	5199.99798;	107.46662492;	2.0666666666666664;	8359936.0;	184548.8;	0.0;	10.2;	4.4;	0.0
1378377248;	2;	5199.99798;	109.19995758;	2.1;	8359936.0;	50330.4;	0.0;	10.066666666666666;	4.6;	0.0
1378377548;	2;	5199.99798;	123.06661886;	2.3666666666666667;	8359936.0;	290803.2;	0.0;	15.6;	4.733333333333333;	0.0
1378377848;	2;	5199.99798;	105.73329226;	2.033333333333333;	8359936.0;	218103.2;	0.0;	10.266666666666667;	4.533333333333333;	0.0
1378378148;	2;	5199.99798;	107.46662492;	2.0666666666666664;	8359936.0;	61515.73333333333;	0.0;	10.266666666666667;	4.666666666666667;	0.0
1378378448;	2;	5199.99798;	103.9999596;	2.0;	8359936.0;	106254.13333333333;	0.0;	10.2;	4.666666666666667;	0.0
1378378748;	2;	5199.99798;	103.9999596;	2.0;	8359936.0;	100662.4;	0.0;	10.2;	4.733333333333333;	0.0
1378379048;	2;	5199.99798;	109.19995758;	2.1;	8359936.0;	100662.4;	0.0;	10.733333333333333;	4.666666666666667;	0.0
1378379348;	2;	5199.99798;	105.73329226;	2.033333333333333;	8359936.0;	100661.6;	0.0;	11.133333333333333;	4.666666666666667;	0.0
1378379648;	2;	5199.99798;	105.73329226;	2.033333333333333;	8359936.0;	117439.2;	0.0;	10.2;	4.6;	0.0
1378379948;	2;	5199.99798;	105.73329226;	2.033333333333333;	8359936.0;	11184.533333333333;	0.0;	10.133333333333333;	4.6;	0.0
1378380248;	2;	5199.99798;	107.46662492;	2.0666666666666664;	8359936.0;	95069.33333333333;	0.0;	10.333333333333334;	4.733333333333333;	0.0
1378380548;	2;	5199.99798;	107.46662492;	2.0666666666666664;	8359936.0;	44738.13333333333;	0.0;	10.333333333333334;	4.733333333333333;	0.0
1378380848;	2;	5199.99798;	103.9999596;	2.0;	8359936.0;	83884.8;	0.0;	10.333333333333334;	4.666666666666667;	0.0
1378381148;	2;	5199.99798;	119.59995353999999;	2.3;	8359936.0;	274027.2;	0.0;	15.733333333333333;	4.666666666666667;	0.0
1378381448;	2;	5199.99798;	103.9999596;	2.0;	8359936.0;	178955.2;	0.0;	10.333333333333334;	4.733333333333333;	0.0
1378381748;	2;	5199.99798;	105.73329226;	2.033333333333333;	8359936.0;	145400.8;	0.0;	10.266666666666667;	4.666666666666667;	0.0
1378382048;	2;	5199.99798;	105.73329226;	2.033333333333333;	8359936.0;	95069.6;	0.0;	10.4;	4.6;	0.0
1378382348;	2;	5199.99798;	107.46662492;	2.0666666666666664;	8359936.0;	139808.26666666666;	0.0;	10.133333333333333;	4.6;	0.0
1378382648;	2;	5199.99798;	107.46662492;	2.0666666666666664;	8359936.0;	139809.6;	0.0;	10.8;	4.666666666666667;	0.0
1378382948;	2;	5199.99798;	105.73329226;	2.033333333333333;	8359936.0;	201324.8;	0.0;	10.533333333333333;	4.6;	0.0
1378383248;	2;	5199.99798;	109.19995758;	2.1;	8359936.0;	89476.53333333334;	0.0;	10.2;	4.6;	0.0
1378383548;	2;	5199.99798;	107.46662492;	2.0666666666666664;	8359936.0;	78292.53333333334;	0.0;	10.266666666666667;	4.6;	0.0
1378383848;	2;	5199.99798;	107.46662492;	2.0666666666666664;	8359936.0;	95070.66666666667;	0.0;	10.2;	4.666666666666667;	0.0
1378384149;	2;	5199.99798;	107.46662492;	2.0666666666666664;	8359936.0;	145401.86666666667;	0.0;	10.333333333333334;	4.666666666666667;	0.0
1378384449;	2;	5199.99798;	103.9999596;	2.0;	8359936.0;	150993.6;	0.0;	10.266666666666667;	4.666666666666667;	0.0
1378384749;	2;	5199.99798;	123.06661886;	2.3666666666666667;	8359936.0;	301988.0;	0.0;	15.733333333333333;	4.666666666666667;	0.0
1378385049;	2;	5199.99798;	103.9999596;	2.0;	8359936.0;	212509.6;	0.0;	10.2;	4.6;	0.0
1378385349;	2;	5199.99798;	105.73329226;	2.033333333333333;	8359936.0;	201324.8;	0.0;	10.133333333333333;	4.666666666666667;	0.0
1378385649;	2;	5199.99798;	105.73329226;	2.033333333333333;	8359936.0;	117438.66666666667;	0.0;	10.266666666666667;	4.666666666666667;	0.0
1378385949;	2;	5199.99798;	103.9999596;	2.0;	8359936.0;	117438.66666666667;	0.0;	10.266666666666667;	4.733333333333333;	0.0
1378386249;	2;	5199.99798;	107.46662492;	2.0666666666666664;	8359936.0;	156586.13333333333;	0.0;	10.866666666666667;	4.8;	0.0
1378386549;	2;	5199.99798;	110.93329024;	2.1333333333333333;	8359936.0;	150993.6;	0.0;	10.8;	4.666666666666667;	0.0
1378386849;	2;	5199.99798;	103.9999596;	2.0;	8359936.0;	134216.8;	0.0;	10.066666666666666;	4.6;	0.0
1378387149;	2;	5199.99798;	109.19995758;	2.1;	8359936.0;	95069.06666666667;	0.0;	10.0;	4.6;	0.0
1378387449;	2;	5199.99798;	107.46662492;	2.0666666666666664;	8359936.0;	117439.2;	0.0;	10.2;	4.733333333333333;	0.0
1378387749;	2;	5199.99798;	103.9999596;	2.0;	8359936.0;	33553.86666666667;	0.0;	10.0;	4.6;	0.0
1378388049;	2;	5199.99798;	103.9999596;	2.0;	8359936.0;	72699.46666666666;	0.0;	10.333333333333334;	4.666666666666667;	0.0
1378388349;	2;	5199.99798;	123.06661886;	2.3666666666666667;	8359936.0;	201325.33333333334;	0.0;	15.8;	4.8;	0.0
1378388649;	2;	5199.99798;	105.73329226;	2.033333333333333;	8359936.0;	156585.6;	0.0;	10.2;	5.0;	0.0
1378388949;	2;	5199.99798;	107.46662492;	2.0666666666666664;	8359936.0;	139809.6;	0.0;	10.133333333333333;	4.8;	0.0
1378389249;	2;	5199.99798;	105.73329226;	2.033333333333333;	8359936.0;	145401.33333333334;	0.0;	10.333333333333334;	4.666666666666667;	0.0
1378389549;	2;	5199.99798;	109.19995758;	2.1;	8359936.0;	61514.933333333334;	0.0;	10.066666666666666;	4.533333333333333;	0.0
1378389849;	2;	5199.99798;	109.19995758;	2.1;	8359936.0;	128624.8;	0.0;	10.866666666666667;	4.6;	0.0
1378390149;	2;	5199.99798;	107.46662492;	2.0666666666666664;	8359936.0;	134215.73333333334;	0.0;	10.866666666666667;	4.6;	0.0
1378390449;	2;	5199.99798;	107.46662492;	2.0666666666666664;	8359936.0;	212509.86666666667;	0.0;	10.133333333333333;	4.6;	0.0
1378390749;	2;	5199.99798;	103.9999596;	2.0;	8359936.0;	206917.33333333334;	0.0;	10.133333333333333;	4.733333333333333;	0.0
1378391949;	2;	5199.99798;	103.9999596;	2.0;	8359936.0;	206917.33333333334;	0.0;	10.133333333333333;	4.733333333333333;	0.0
1378392249;	2;	5199.99798;	103.9999596;	2.0;	8359936.0;	206917.33333333334;	0.0;	10.133333333333333;	4.733333333333333;	0.0
1378392549;	2;	5199.99798;	103.9999596;	2.0;	8359936.0;	206917.33333333334;	0.0;	10.133333333333333;	4.733333333333333;	0.0
1378392849;	2;	5199.99798;	103.9999596;	2.0;	8359936.0;	206917.33333333334;	0.0;	10.133333333333333;	4.733333333333333;	0.0
1378393149;	2;	5199.99798;	103.9999596;	2.0;	8359936.0;	89477.86666666667;	0.0;	10.066666666666666;	4.6;	0.0
1378393449;	2;	5199.99798;	109.19995758;	2.1;	8359936.0;	50330.4;	0.0;	11.0;	4.666666666666667;	0.0
1378393749;	2;	5199.99798;	103.9999596;	2.0;	8359936.0;	123031.46666666666;	0.0;	10.2;	4.533333333333333;	0.0
1378394050;	2;	5199.99798;	105.73329226;	2.033333333333333;	8359936.0;	106254.13333333333;	0.0;	10.133333333333333;	4.666666666666667;	0.0
1378394350;	2;	5199.99798;	107.46662492;	2.0666666666666664;	8359936.0;	201325.6;	0.0;	10.133333333333333;	4.666666666666667;	0.0
1378394650;	2;	5199.99798;	105.73329226;	2.033333333333333;	8359936.0;	117439.2;	0.0;	9.933333333333334;	4.6;	0.0
1378394950;	2;	5199.99798;	105.8571017357143;	2.035714285714286;	8359936.0;	155787.42857142858;	0.0;	10.071428571428571;	4.714285714285714;	0.0
1378395250;	2;	5199.99798;	105.73329226;	2.033333333333333;	8359936.0;	83884.0;	0.0;	10.333333333333334;	4.6;	0.0
1378395550;	2;	5199.99798;	121.3332862;	2.3333333333333335;	8359936.0;	162178.13333333333;	0.0;	15.933333333333334;	4.733333333333333;	0.0
1378395850;	2;	5199.99798;	107.46662492;	2.0666666666666664;	8359936.0;	134216.0;	0.0;	10.133333333333333;	4.6;	0.0
1378396150;	2;	5199.99798;	98.79996161999999;	1.9;	8359936.0;	89476.53333333334;	0.0;	10.4;	4.733333333333333;	0.0
1378396450;	2;	5199.99798;	100.53329428;	1.9333333333333333;	8359936.0;	111846.66666666667;	0.0;	10.0;	4.733333333333333;	0.0
1378396750;	2;	5199.99798;	103.9999596;	2.0;	8359936.0;	178954.93333333332;	0.0;	9.866666666666667;	4.666666666666667;	0.0
1378397050;	2;	5199.99798;	103.9999596;	2.0;	8359936.0;	167771.2;	0.0;	10.8;	4.8;	0.0
1378397350;	2;	5199.99798;	100.53329428;	1.9333333333333333;	8359936.0;	117438.93333333333;	0.0;	10.533333333333333;	4.6;	0.0
1378397650;	2;	5199.99798;	107.46662492;	2.0666666666666664;	8359936.0;	95070.4;	0.0;	10.266666666666667;	4.733333333333333;	0.0
1378397950;	2;	5199.99798;	109.19995758;	2.1;	8359936.0;	72700.53333333334;	0.0;	10.133333333333333;	4.6;	0.0
1378398250;	2;	5199.99798;	102.26662694000001;	1.9666666666666666;	8359936.0;	117439.2;	0.0;	10.0;	4.6;	0.0
1378398550;	2;	5199.99798;	107.46662492;	2.0666666666666664;	8359936.0;	150994.4;	0.0;	10.266666666666667;	4.6;	0.0
1378398850;	2;	5199.99798;	100.53329428;	1.9333333333333333;	8359936.0;	89477.33333333333;	0.0;	10.066666666666666;	4.533333333333333;	0.0
1378399150;	2;	5199.99798;	119.59995353999999;	2.3;	8359936.0;	301988.8;	0.0;	15.6;	4.666666666666667;	0.0
1378399450;	2;	5199.99798;	103.9999596;	2.0;	8359936.0;	134216.8;	0.0;	10.066666666666666;	4.666666666666667;	0.0
1378399750;	2;	5199.99798;	102.26662694000001;	1.9666666666666666;	8359936.0;	167770.93333333332;	0.0;	10.066666666666666;	4.6;	0.0
1378400050;	2;	5199.99798;	109.19995758;	2.1;	8359936.0;	156586.13333333333;	0.0;	10.0;	4.6;	0.0
1378400350;	2;	5199.99798;	103.9999596;	2.0;	8359936.0;	167772.0;	0.0;	10.266666666666667;	4.666666666666667;	0.0
1378400650;	2;	5199.99798;	100.53329428;	1.9333333333333333;	8359936.0;	167770.93333333332;	0.0;	10.866666666666667;	4.8;	0.0
1378400950;	2;	5199.99798;	103.9999596;	2.0;	8359936.0;	223694.93333333332;	0.0;	10.933333333333334;	4.733333333333333;	0.0
1378401250;	2;	5199.99798;	105.73329226;	2.033333333333333;	8359936.0;	167771.2;	0.0;	10.133333333333333;	4.533333333333333;	0.0
1378401550;	2;	5199.99798;	98.42853319285715;	1.8928571428571428;	8359936.0;	167772.0;	0.0;	9.928571428571429;	4.642857142857143;	0.0
1378401850;	2;	5199.99798;	102.26662694000001;	1.9666666666666666;	8359936.0;	72699.73333333334;	0.0;	10.333333333333334;	4.533333333333333;	0.0
1378402150;	2;	5199.99798;	103.9999596;	2.0;	8359936.0;	117439.2;	0.0;	10.133333333333333;	4.733333333333333;	0.0
1378402450;	2;	5199.99798;	100.53329428;	1.9333333333333333;	8359936.0;	83884.0;	0.0;	10.2;	4.733333333333333;	0.0
1378402750;	2;	5199.99798;	119.59995353999999;	2.3;	8359936.0;	268433.6;	0.0;	15.666666666666666;	4.8;	0.0
1378403050;	2;	5199.99798;	102.26662694000001;	1.9666666666666666;	8359936.0;	156586.13333333333;	0.0;	10.2;	4.733333333333333;	0.0
1378403350;	2;	5199.99798;	102.26662694000001;	1.9666666666666666;	8359936.0;	83884.8;	0.0;	10.133333333333333;	4.6;	0.0
1378403650;	2;	5199.99798;	102.26662694000001;	1.9666666666666666;	8359936.0;	72699.73333333334;	0.0;	10.133333333333333;	4.666666666666667;	0.0
1378403951;	2;	5199.99798;	107.46662492;	2.0666666666666664;	8359936.0;	162177.6;	0.0;	10.2;	4.8;	0.0
1378404251;	2;	5199.99798;	98.79996161999999;	1.9;	8359936.0;	128624.0;	0.0;	10.6;	4.8;	0.0
1378404551;	2;	5199.99798;	103.9999596;	2.0;	8359936.0;	145400.8;	0.0;	10.466666666666667;	4.733333333333333;	0.0
1378404851;	2;	5199.99798;	103.9999596;	2.0;	8359936.0;	95069.06666666667;	0.0;	10.066666666666666;	4.733333333333333;	0.0
1378405151;	2;	5199.99798;	97.06662896;	1.8666666666666665;	8359936.0;	123031.73333333334;	0.0;	10.0;	4.733333333333333;	0.0
1378405451;	2;	5199.99798;	102.26662694000001;	1.9666666666666666;	8359936.0;	67107.2;	0.0;	10.266666666666667;	4.733333333333333;	0.0
1378405750;	2;	5199.99798;	102.26662694000001;	1.9666666666666666;	8359936.0;	134216.0;	0.0;	10.0;	4.733333333333333;	0.0
1378406050;	2;	5199.99798;	103.9999596;	2.0;	8359936.0;	134217.6;	0.0;	10.4;	4.8;	0.0
1378406350;	2;	5199.99798;	121.3332862;	2.3333333333333335;	8359936.0;	150994.4;	0.0;	15.466666666666667;	4.733333333333333;	0.0
1378406650;	2;	5199.99798;	105.73329226;	2.033333333333333;	8359936.0;	123031.73333333334;	0.0;	10.0;	4.733333333333333;	0.0
1378406950;	2;	5199.99798;	102.26662694000001;	1.9666666666666666;	8359936.0;	72700.53333333334;	0.0;	9.866666666666667;	4.733333333333333;	0.0
1378407250;	2;	5199.99798;	107.46662492;	2.0666666666666664;	8359936.0;	123032.53333333334;	0.0;	10.2;	4.733333333333333;	0.0
1378407550;	2;	5199.99798;	102.26662694000001;	1.9666666666666666;	8359936.0;	89476.53333333334;	0.0;	10.266666666666667;	4.666666666666667;	0.0
1378407850;	2;	5199.99798;	102.26662694000001;	1.9666666666666666;	8359936.0;	83884.0;	0.0;	11.133333333333333;	4.666666666666667;	0.0
1378408150;	2;	5199.99798;	107.46662492;	2.0666666666666664;	8359936.0;	83884.0;	0.0;	10.2;	4.6;	0.0
1378408450;	2;	5199.99798;	100.53329428;	1.9333333333333333;	8359936.0;	67108.0;	0.0;	10.066666666666666;	4.666666666666667;	0.0
1378408751;	2;	5199.99798;	100.53329428;	1.9333333333333333;	8359936.0;	106255.2;	0.0;	10.133333333333333;	4.533333333333333;	0.0
1378409051;	2;	5199.99798;	103.9999596;	2.0;	8359936.0;	201325.6;	0.0;	10.2;	4.666666666666667;	0.0
1378409351;	2;	5199.99798;	105.73329226;	2.033333333333333;	8359936.0;	61516.26666666667;	0.0;	10.066666666666666;	4.666666666666667;	0.0
1378409651;	2;	5199.99798;	102.26662694000001;	1.9666666666666666;	8359936.0;	72699.73333333334;	0.0;	10.266666666666667;	4.466666666666667;	0.0
1378409951;	2;	5199.99798;	116.13328822000001;	2.2333333333333334;	8359936.0;	296396.5333333333;	0.0;	15.4;	4.666666666666667;	0.0
1378410251;	2;	5199.99798;	100.53329428;	1.9333333333333333;	8359936.0;	128624.26666666666;	0.0;	10.333333333333334;	4.666666666666667;	0.0
1378410551;	2;	5199.99798;	102.26662694000001;	1.9666666666666666;	8359936.0;	83884.0;	0.0;	10.133333333333333;	4.6;	0.0
1378410851;	2;	5199.99798;	103.9999596;	2.0;	8359936.0;	100661.6;	0.0;	10.133333333333333;	4.6;	0.0
1378411151;	2;	5199.99798;	98.79996161999999;	1.9;	8359936.0;	83884.8;	0.0;	10.0;	4.666666666666667;	0.0
1378411451;	2;	5199.99798;	105.73329226;	2.033333333333333;	8359936.0;	145401.6;	0.0;	10.866666666666667;	4.8;	0.0
1378411751;	2;	5199.99798;	103.9999596;	2.0;	8359936.0;	195733.33333333334;	0.0;	10.733333333333333;	4.666666666666667;	0.0
1378412051;	2;	5199.99798;	103.9999596;	2.0;	8359936.0;	134216.8;	0.0;	10.2;	4.666666666666667;	0.0
1378412351;	2;	5199.99798;	103.9999596;	2.0;	8359936.0;	134216.8;	0.0;	10.0;	4.6;	0.0
1378412651;	2;	5199.99798;	100.53329428;	1.9333333333333333;	8359936.0;	218102.66666666666;	0.0;	10.133333333333333;	4.733333333333333;	0.0
1378412951;	2;	5199.99798;	100.53329428;	1.9333333333333333;	8359936.0;	262841.6;	0.0;	10.266666666666667;	4.6;	0.0
1378413251;	2;	5199.99798;	105.73329226;	2.033333333333333;	8359936.0;	44738.933333333334;	0.0;	10.333333333333334;	4.733333333333333;	0.0
1378413551;	2;	5199.99798;	116.13328822000001;	2.2333333333333334;	8359936.0;	212510.66666666666;	0.0;	15.6;	4.666666666666667;	0.0
1378413851;	2;	5199.99798;	100.53329428;	1.9333333333333333;	8359936.0;	55923.2;	0.0;	10.133333333333333;	4.666666666666667;	0.0
1378414151;	2;	5199.99798;	98.79996161999999;	1.9;	8359936.0;	83884.0;	0.0;	10.2;	4.666666666666667;	0.0
1378414451;	2;	5199.99798;	97.06662896;	1.8666666666666665;	8359936.0;	78292.53333333334;	0.0;	10.133333333333333;	4.8;	0.0
1378414751;	2;	5199.99798;	98.79996161999999;	1.9;	8359936.0;	117439.2;	0.0;	10.133333333333333;	4.733333333333333;	0.0
1378415051;	2;	5199.99798;	103.9999596;	2.0;	8359936.0;	106255.46666666666;	0.0;	11.2;	4.8;	0.0
1378415351;	2;	5199.99798;	102.26662694000001;	1.9666666666666666;	8359936.0;	83884.0;	0.0;	10.2;	4.666666666666667;	0.0
1378415651;	2;	5199.99798;	102.26662694000001;	1.9666666666666666;	8359936.0;	44738.13333333333;	0.0;	9.933333333333334;	4.666666666666667;	0.0
1378415951;	2;	5199.99798;	100.53329428;	1.9333333333333333;	8359936.0;	72699.46666666666;	0.0;	10.133333333333333;	4.6;	0.0
1378416251;	2;	5199.99798;	100.53329428;	1.9333333333333333;	8359936.0;	67107.2;	0.0;	10.4;	4.666666666666667;	0.0
1378416551;	2;	5199.99798;	100.53329428;	1.9333333333333333;	8359936.0;	67107.2;	0.0;	10.133333333333333;	4.733333333333333;	0.0
1378416851;	2;	5199.99798;	103.9999596;	2.0;	8359936.0;	83885.6;	0.0;	10.266666666666667;	4.666666666666667;	0.0
1378417152;	2;	5199.99798;	116.13328822000001;	2.2333333333333334;	8359936.0;	234880.0;	0.0;	15.333333333333334;	4.733333333333333;	0.0
1378417452;	2;	5199.99798;	103.9999596;	2.0;	8359936.0;	67108.0;	0.0;	10.2;	4.666666666666667;	0.0
1378417752;	2;	5199.99798;	107.46662492;	2.0666666666666664;	8359936.0;	67107.2;	0.0;	10.2;	4.8;	0.0
1378418052;	2;	5199.99798;	105.73329226;	2.033333333333333;	8359936.0;	123031.73333333334;	0.0;	11.133333333333333;	4.666666666666667;	0.0
1378418352;	2;	5199.99798;	102.26662694000001;	1.9666666666666666;	8359936.0;	117438.4;	0.0;	9.933333333333334;	4.666666666666667;	0.0
1378418652;	2;	5199.99798;	102.26662694000001;	1.9666666666666666;	8359936.0;	167771.2;	0.0;	10.866666666666667;	4.933333333333334;	0.0
1378418952;	2;	5199.99798;	102.26662694000001;	1.9666666666666666;	8359936.0;	167770.4;	0.0;	10.333333333333334;	4.733333333333333;	0.0
1378419252;	2;	5199.99798;	103.9999596;	2.0;	8359936.0;	39145.86666666667;	0.0;	10.133333333333333;	4.8;	0.0
1378419552;	2;	5199.99798;	102.26662694000001;	1.9666666666666666;	8359936.0;	83884.8;	0.0;	10.133333333333333;	4.666666666666667;	0.0
1378419852;	2;	5199.99798;	100.53329428;	1.9333333333333333;	8359936.0;	150994.4;	0.0;	10.133333333333333;	4.6;	0.0
1378420152;	2;	5199.99798;	103.9999596;	2.0;	8359936.0;	134216.0;	0.0;	10.066666666666666;	4.666666666666667;	0.0
1378420452;	2;	5199.99798;	105.73329226;	2.033333333333333;	8359936.0;	117438.4;	0.0;	10.2;	4.6;	0.0
1378420752;	2;	5199.99798;	176.79993131999998;	3.4;	8359936.0;	341135.2;	0.0;	46.06666666666667;	5.333333333333333;	1.4
1378421052;	2;	5199.99798;	103.9999596;	2.0;	8359936.0;	301988.8;	0.0;	11.066666666666666;	4.8;	0.0
1378421352;	2;	5199.99798;	102.26662694000001;	1.9666666666666666;	8359936.0;	106254.13333333333;	0.0;	9.933333333333334;	4.666666666666667;	0.0
1378421652;	2;	5199.99798;	100.53329428;	1.9333333333333333;	8359936.0;	128624.26666666666;	0.0;	10.133333333333333;	4.733333333333333;	0.0
1378421952;	2;	5199.99798;	103.9999596;	2.0;	8359936.0;	100661.6;	0.0;	9.866666666666667;	4.733333333333333;	0.0
1378422252;	2;	5199.99798;	102.26662694000001;	1.9666666666666666;	8359936.0;	100662.4;	0.0;	10.933333333333334;	4.666666666666667;	0.0
1378422552;	2;	5199.99798;	100.53329428;	1.9333333333333333;	8359936.0;	100661.6;	0.0;	10.8;	4.733333333333333;	0.0
1378422852;	2;	5199.99798;	110.93329024;	2.1333333333333333;	8359936.0;	100661.6;	0.0;	9.76923076923077;	4.666666666666667;	0.0
1378423152;	2;	5199.99798;	107.46662492;	2.0666666666666664;	8359936.0;	83884.0;	0.0;	10.2;	4.666666666666667;	0.0
1378423452;	2;	5199.99798;	100.53329428;	1.9333333333333333;	8359936.0;	184547.46666666667;	0.0;	10.266666666666667;	4.533333333333333;	0.0
1378423752;	2;	5199.99798;	107.46662492;	2.0666666666666664;	8359936.0;	178955.2;	0.0;	9.933333333333334;	4.533333333333333;	0.0
1378424052;	2;	5199.99798;	98.79996161999999;	1.9;	8359936.0;	95069.86666666667;	0.0;	10.2;	4.533333333333333;	0.0
1378424352;	2;	5199.99798;	116.13328822000001;	2.2333333333333334;	8359936.0;	212510.66666666666;	0.0;	15.666666666666666;	4.666666666666667;	0.0
1378424653;	2;	5199.99798;	102.26662694000001;	1.9666666666666666;	8359936.0;	134216.26666666666;	0.0;	10.0;	4.666666666666667;	0.0
1378424953;	2;	5199.99798;	103.9999596;	2.0;	8359936.0;	72701.06666666667;	0.0;	10.133333333333333;	4.6;	0.0
1378425253;	2;	5199.99798;	103.9999596;	2.0;	8359936.0;	117438.93333333333;	0.0;	10.066666666666666;	4.666666666666667;	0.0
1378425553;	2;	5199.99798;	100.53329428;	1.9333333333333333;	8359936.0;	128624.26666666666;	0.0;	10.266666666666667;	4.6;	0.0
1378425853;	2;	5199.99798;	100.53329428;	1.9333333333333333;	8359936.0;	117438.4;	0.0;	11.2;	4.733333333333333;	0.0
1378426153;	2;	5199.99798;	116.13328822000001;	2.2333333333333334;	8359936.0;	162177.6;	0.0;	18.466666666666665;	4.8;	0.6666666666666666
1378426453;	2;	5199.99798;	100.53329428;	1.9333333333333333;	8359936.0;	212510.13333333333;	0.0;	9.866666666666667;	4.333333333333333;	0.0
1378426753;	2;	5199.99798;	98.79996161999999;	1.9;	8359936.0;	95070.66666666667;	0.0;	10.266666666666667;	4.6;	0.0
1378427053;	2;	5199.99798;	100.53329428;	1.9333333333333333;	8359936.0;	89476.53333333334;	0.0;	9.866666666666667;	4.533333333333333;	0.0
1378427353;	2;	5199.99798;	102.26662694000001;	1.9666666666666666;	8359936.0;	55923.2;	0.0;	10.066666666666666;	4.666666666666667;	0.0
1378427653;	2;	5199.99798;	102.26662694000001;	1.9666666666666666;	8359936.0;	111848.0;	0.0;	10.2;	4.6;	0.0
1378427953;	2;	5199.99798;	124.79995152;	2.4;	8359936.0;	178955.46666666667;	0.0;	15.666666666666666;	4.733333333333333;	0.0
1378428253;	2;	5199.99798;	100.53329428;	1.9333333333333333;	8359936.0;	89476.8;	0.0;	10.333333333333334;	4.666666666666667;	0.0
1378428553;	2;	5199.99798;	98.79996161999999;	1.9;	8359936.0;	78292.8;	0.0;	10.133333333333333;	4.6;	0.0
1378428853;	2;	5199.99798;	103.9999596;	2.0;	8359936.0;	156586.4;	0.0;	10.133333333333333;	4.666666666666667;	0.0
1378429153;	2;	5199.99798;	100.53329428;	1.9333333333333333;	8359936.0;	139809.86666666667;	0.0;	9.866666666666667;	4.6;	0.0
1378429453;	2;	5199.99798;	98.79996161999999;	1.9;	8359936.0;	184548.0;	0.0;	10.933333333333334;	4.666666666666667;	0.0
1378429753;	2;	5199.99798;	102.26662694000001;	1.9666666666666666;	8359936.0;	145401.06666666668;	0.0;	10.0;	4.533333333333333;	0.0
1378430053;	2;	5199.99798;	98.79996161999999;	1.9;	8359936.0;	106254.13333333333;	0.0;	10.4;	4.533333333333333;	0.0
1378430353;	2;	5199.99798;	98.79996161999999;	1.9;	8359936.0;	111846.66666666667;	0.0;	10.2;	4.533333333333333;	0.0
1378430653;	2;	5199.99798;	103.9999596;	2.0;	8359936.0;	100661.6;	0.0;	10.2;	4.666666666666667;	0.0
1378430953;	2;	5199.99798;	102.26662694000001;	1.9666666666666666;	8359936.0;	106255.46666666666;	0.0;	10.0;	4.8;	0.0
1378431253;	2;	5199.99798;	102.26662694000001;	1.9666666666666666;	8359936.0;	134216.8;	0.0;	10.466666666666667;	4.533333333333333;	0.0
1378431553;	2;	5199.99798;	119.59995353999999;	2.3;	8359936.0;	268434.4;	0.0;	15.733333333333333;	4.8;	0.0
1378431853;	2;	5199.99798;	100.53329428;	1.9333333333333333;	8359936.0;	184548.8;	0.0;	10.266666666666667;	4.8;	0.0
1378432153;	2;	5199.99798;	100.53329428;	1.9333333333333333;	8359936.0;	150993.6;	0.0;	10.133333333333333;	4.733333333333333;	0.0
1378432453;	2;	5199.99798;	105.73329226;	2.033333333333333;	8359936.0;	128624.26666666666;	0.0;	10.333333333333334;	4.666666666666667;	0.0
1378432753;	2;	5199.99798;	100.53329428;	1.9333333333333333;	8359936.0;	117439.2;	0.0;	10.2;	4.666666666666667;	0.0
1378433054;	2;	5199.99798;	275.59989294;	5.3;	8359936.0;	184548.0;	0.0;	18.066666666666666;	6.2;	0.9333333333333333
1378433354;	2;	5199.99798;	105.73329226;	2.033333333333333;	8359936.0;	184548.8;	0.0;	11.666666666666666;	4.666666666666667;	0.0
1378433654;	2;	5199.99798;	116.13328822000001;	2.2333333333333334;	8359936.0;	184549.06666666668;	0.0;	19.266666666666666;	11.466666666666667;	0.13333333333333333
1378433954;	2;	5199.99798;	124.79995152;	2.4;	8359936.0;	436206.4;	0.0;	15.333333333333334;	4.533333333333333;	0.0
1378434254;	2;	5199.99798;	102.26662694000001;	1.9666666666666666;	8359936.0;	251656.8;	0.0;	10.2;	4.666666666666667;	0.0
1378434554;	2;	5199.99798;	102.26662694000001;	1.9666666666666666;	8359936.0;	83884.53333333334;	0.0;	10.266666666666667;	4.533333333333333;	0.0
1378434854;	2;	5199.99798;	102.26662694000001;	1.9666666666666666;	8359936.0;	184548.8;	0.0;	10.333333333333334;	4.6;	0.0
1378435154;	2;	5199.99798;	119.59995353999999;	2.3;	8359936.0;	167770.4;	0.0;	15.533333333333333;	4.533333333333333;	0.0
1378435454;	2;	5199.99798;	109.19995758;	2.1;	8359936.0;	33553.6;	0.0;	10.133333333333333;	4.6;	0.0
1378435754;	2;	5199.99798;	100.53329428;	1.9333333333333333;	8359936.0;	83884.8;	0.0;	10.266666666666667;	4.466666666666667;	0.0
1378436054;	2;	5199.99798;	102.26662694000001;	1.9666666666666666;	8359936.0;	100662.4;	0.0;	10.133333333333333;	4.6;	0.0
1378436354;	2;	5199.99798;	103.9999596;	2.0;	8359936.0;	61515.73333333333;	0.0;	10.333333333333334;	4.533333333333333;	0.0
1378436654;	2;	5199.99798;	102.26662694000001;	1.9666666666666666;	8359936.0;	117439.2;	0.0;	11.133333333333333;	4.666666666666667;	0.0
1378436954;	2;	5199.99798;	98.79996161999999;	1.9;	8359936.0;	106254.13333333333;	0.0;	10.466666666666667;	4.6;	0.0
1378437254;	2;	5199.99798;	103.9999596;	2.0;	8359936.0;	111846.4;	0.0;	10.2;	4.533333333333333;	0.0
1378437554;	2;	5199.99798;	107.46662492;	2.0666666666666664;	8359936.0;	72699.46666666666;	0.0;	10.2;	4.666666666666667;	0.0
1378437854;	2;	5199.99798;	100.53329428;	1.9333333333333333;	8359936.0;	167770.4;	0.0;	10.333333333333334;	4.533333333333333;	0.0
1378438154;	2;	5199.99798;	100.53329428;	1.9333333333333333;	8359936.0;	212509.86666666667;	0.0;	10.133333333333333;	4.466666666666667;	0.0
1378438454;	2;	5199.99798;	102.26662694000001;	1.9666666666666666;	8359936.0;	139809.6;	0.0;	10.466666666666667;	4.533333333333333;	0.0
1378438754;	2;	5199.99798;	119.59995353999999;	2.3;	8359936.0;	251657.06666666668;	0.0;	15.466666666666667;	4.6;	0.0
1378439053;	2;	5199.99798;	103.9999596;	2.0;	8359936.0;	190140.26666666666;	0.0;	10.133333333333333;	4.666666666666667;	0.0
1378439354;	2;	5199.99798;	103.9999596;	2.0;	8359936.0;	150994.13333333333;	0.0;	10.066666666666666;	4.533333333333333;	0.0
1378439654;	2;	5199.99798;	98.79996161999999;	1.9;	8359936.0;	162178.66666666666;	0.0;	10.266666666666667;	4.466666666666667;	0.0
1378439954;	2;	5199.99798;	103.9999596;	2.0;	8359936.0;	150994.4;	0.0;	10.2;	4.666666666666667;	0.0
1378440254;	2;	5199.99798;	105.73329226;	2.033333333333333;	8359936.0;	89476.53333333334;	0.0;	11.2;	4.6;	0.0
1378440554;	2;	5199.99798;	98.79996161999999;	1.9;	8359936.0;	111846.66666666667;	0.0;	10.066666666666666;	4.666666666666667;	0.0
1378440854;	2;	5199.99798;	98.79996161999999;	1.9;	8359936.0;	50330.666666666664;	0.0;	10.2;	4.733333333333333;	0.0
1378441154;	2;	5199.99798;	102.26662694000001;	1.9666666666666666;	8359936.0;	145401.33333333334;	0.0;	10.0;	4.733333333333333;	0.0
1378441454;	2;	5199.99798;	100.53329428;	1.9333333333333333;	8359936.0;	190140.26666666666;	0.0;	10.133333333333333;	4.6;	0.0
1378441754;	2;	5199.99798;	103.9999596;	2.0;	8359936.0;	145402.13333333333;	0.0;	10.0;	4.6;	0.0
1378442054;	2;	5199.99798;	103.9999596;	2.0;	8359936.0;	111848.0;	0.0;	10.2;	4.6;	0.0
1378442354;	2;	5199.99798;	116.13328822000001;	2.2333333333333334;	8359936.0;	229286.93333333332;	0.0;	15.666666666666666;	4.733333333333333;	0.0
1378442654;	2;	5199.99798;	102.26662694000001;	1.9666666666666666;	8359936.0;	100662.66666666667;	0.0;	10.133333333333333;	4.6;	0.0
1378442954;	2;	5199.99798;	102.26662694000001;	1.9666666666666666;	8359936.0;	128623.73333333334;	0.0;	9.933333333333334;	4.666666666666667;	0.0
1378443254;	2;	5199.99798;	98.79996161999999;	1.9;	8359936.0;	95069.86666666667;	0.0;	10.2;	4.733333333333333;	0.0
1378443554;	2;	5199.99798;	103.9999596;	2.0;	8359936.0;	106254.13333333333;	0.0;	10.0;	4.6;	0.0
1378443854;	2;	5199.99798;	103.9999596;	2.0;	8359936.0;	173363.46666666667;	0.0;	11.133333333333333;	4.666666666666667;	0.0
1378444154;	2;	5199.99798;	100.53329428;	1.9333333333333333;	8359936.0;	156586.4;	0.0;	10.733333333333333;	4.533333333333333;	0.0
1378444454;	2;	5199.99798;	102.26662694000001;	1.9666666666666666;	8359936.0;	61515.73333333333;	0.0;	10.266666666666667;	4.666666666666667;	0.0
1378444754;	2;	5199.99798;	100.53329428;	1.9333333333333333;	8359936.0;	44738.13333333333;	0.0;	9.933333333333334;	4.6;	0.0
1378445054;	2;	5199.99798;	98.79996161999999;	1.9;	8359936.0;	83884.0;	0.0;	10.2;	4.666666666666667;	0.0
1378445354;	2;	5199.99798;	98.79996161999999;	1.9;	8359936.0;	167771.2;	0.0;	9.933333333333334;	4.6;	0.0
1378445654;	2;	5199.99798;	98.79996161999999;	1.9;	8359936.0;	78292.26666666666;	0.0;	10.4;	4.6;	0.0
1378445954;	2;	5199.99798;	119.59995353999999;	2.3;	8359936.0;	150992.8;	0.0;	15.6;	4.733333333333333;	0.0
1378446254;	2;	5199.99798;	105.73329226;	2.033333333333333;	8359936.0;	123031.2;	0.0;	10.133333333333333;	4.6;	0.0
1378446554;	2;	5199.99798;	100.53329428;	1.9333333333333333;	8359936.0;	83884.0;	0.0;	10.333333333333334;	4.6;	0.0
1378446855;	2;	5199.99798;	102.26662694000001;	1.9666666666666666;	8359936.0;	61516.0;	0.0;	9.866666666666667;	4.6;	0.0
1378447155;	2;	5199.99798;	103.9999596;	2.0;	8359936.0;	55923.2;	0.0;	10.0;	4.666666666666667;	0.0
1378447455;	2;	5199.99798;	103.9999596;	2.0;	8359936.0;	89477.86666666667;	0.0;	10.933333333333334;	4.666666666666667;	0.0
1378447755;	2;	5199.99798;	103.9999596;	2.0;	8359936.0;	78291.73333333334;	0.0;	10.133333333333333;	4.6;	0.0
1378448055;	2;	5199.99798;	102.26662694000001;	1.9666666666666666;	8359936.0;	117438.4;	0.0;	10.266666666666667;	4.533333333333333;	0.0
1378448355;	2;	5199.99798;	98.79996161999999;	1.9;	8359936.0;	67107.2;	0.0;	10.0;	4.6;	0.0
1378448655;	2;	5199.99798;	100.53329428;	1.9333333333333333;	8359936.0;	123031.73333333334;	0.0;	10.4;	4.533333333333333;	0.0
1378448955;	2;	5199.99798;	103.9999596;	2.0;	8359936.0;	123032.0;	0.0;	10.133333333333333;	4.6;	0.0
1378449255;	2;	5199.99798;	102.26662694000001;	1.9666666666666666;	8359936.0;	33553.6;	0.0;	10.2;	4.666666666666667;	0.0
1378449555;	2;	5199.99798;	117.86662087999999;	2.2666666666666666;	8359936.0;	218102.13333333333;	0.0;	15.466666666666667;	4.6;	0.0
1378449855;	2;	5199.99798;	102.26662694000001;	1.9666666666666666;	8359936.0;	128623.73333333334;	0.0;	10.133333333333333;	4.533333333333333;	0.0
1378450155;	2;	5199.99798;	107.46662492;	2.0666666666666664;	8359936.0;	100662.4;	0.0;	10.066666666666666;	4.533333333333333;	0.0
1378450455;	2;	5199.99798;	107.46662492;	2.0666666666666664;	8359936.0;	95069.06666666667;	0.0;	10.066666666666666;	4.6;	0.0
1378450755;	2;	5199.99798;	105.73329226;	2.033333333333333;	8359936.0;	201325.6;	0.0;	10.0;	4.533333333333333;	0.0
1378451055;	2;	5199.99798;	105.73329226;	2.033333333333333;	8359936.0;	184548.8;	0.0;	11.0;	4.733333333333333;	0.0
1378451355;	2;	5199.99798;	102.26662694000001;	1.9666666666666666;	8359936.0;	83884.53333333334;	0.0;	10.466666666666667;	4.466666666666667;	0.0
1378451655;	2;	5199.99798;	102.26662694000001;	1.9666666666666666;	8359936.0;	296396.0;	0.0;	9.866666666666667;	4.6;	0.0
1378451955;	2;	5199.99798;	100.53329428;	1.9333333333333333;	8359936.0;	167772.0;	0.0;	10.333333333333334;	4.6;	0.0
1378452255;	2;	5199.99798;	103.9999596;	2.0;	8359936.0;	139809.33333333334;	0.0;	10.0;	4.6;	0.0
1378452555;	2;	5199.99798;	100.53329428;	1.9333333333333333;	8359936.0;	184548.0;	0.0;	10.266666666666667;	4.533333333333333;	0.0
1378452855;	2;	5199.99798;	103.9999596;	2.0;	8359936.0;	150994.4;	0.0;	10.2;	4.533333333333333;	0.0
1378453155;	2;	5199.99798;	119.59995353999999;	2.3;	8359936.0;	150993.6;	0.0;	15.533333333333333;	4.733333333333333;	0.0
1378453455;	2;	5199.99798;	100.53329428;	1.9333333333333333;	8359936.0;	50330.4;	0.0;	10.066666666666666;	4.6;	0.0
1378453755;	2;	5199.99798;	102.26662694000001;	1.9666666666666666;	8359936.0;	100661.6;	0.0;	10.066666666666666;	4.666666666666667;	0.0
1378454055;	2;	5199.99798;	105.73329226;	2.033333333333333;	8359936.0;	117439.2;	0.0;	10.0;	4.666666666666667;	0.0
1378454355;	2;	5199.99798;	102.26662694000001;	1.9666666666666666;	8359936.0;	134216.8;	0.0;	10.133333333333333;	4.666666666666667;	0.0
1378454655;	2;	5199.99798;	102.26662694000001;	1.9666666666666666;	8359936.0;	134216.8;	0.0;	11.266666666666667;	4.733333333333333;	0.0
1378454955;	2;	5199.99798;	107.46662492;	2.0666666666666664;	8359936.0;	335543.2;	0.0;	10.333333333333334;	4.6;	0.0
1378455255;	2;	5199.99798;	102.26662694000001;	1.9666666666666666;	8359936.0;	111846.66666666667;	0.0;	10.4;	4.533333333333333;	0.0
1378455555;	2;	5199.99798;	103.9999596;	2.0;	8359936.0;	106254.13333333333;	0.0;	10.2;	4.533333333333333;	0.0
1378455855;	2;	5199.99798;	103.9999596;	2.0;	8359936.0;	78292.26666666666;	0.0;	10.333333333333334;	4.466666666666667;	0.0
1378456155;	2;	5199.99798;	105.73329226;	2.033333333333333;	8359936.0;	100661.6;	0.0;	10.066666666666666;	4.6;	0.0
1378456456;	2;	5199.99798;	105.73329226;	2.033333333333333;	8359936.0;	106254.13333333333;	0.0;	10.2;	4.466666666666667;	0.0
1378456756;	2;	5199.99798;	121.3332862;	2.3333333333333335;	8359936.0;	229287.46666666667;	0.0;	15.6;	4.6;	0.0
1378457056;	2;	5199.99798;	105.73329226;	2.033333333333333;	8359936.0;	95070.4;	0.0;	10.4;	4.533333333333333;	0.0
1378457356;	2;	5199.99798;	103.9999596;	2.0;	8359936.0;	67108.0;	0.0;	10.2;	4.6;	0.0
1378457656;	2;	5199.99798;	109.19995758;	2.1;	8359936.0;	150993.33333333334;	0.0;	10.266666666666667;	4.6;	0.0
1378457956;	2;	5199.99798;	105.73329226;	2.033333333333333;	8359936.0;	184548.8;	0.0;	10.2;	4.666666666666667;	0.0
1378458256;	2;	5199.99798;	109.19995758;	2.1;	8359936.0;	190140.8;	0.0;	10.8;	4.533333333333333;	0.0
1378458556;	2;	5199.99798;	107.46662492;	2.0666666666666664;	8359936.0;	156586.13333333333;	0.0;	10.4;	4.666666666666667;	0.0
1378458856;	2;	5199.99798;	103.9999596;	2.0;	8359936.0;	117439.2;	0.0;	10.266666666666667;	4.533333333333333;	0.0
1378459156;	2;	5199.99798;	103.9999596;	2.0;	8359936.0;	167772.0;	0.0;	10.133333333333333;	4.666666666666667;	0.0
1378459456;	2;	5199.99798;	103.9999596;	2.0;	8359936.0;	139809.33333333334;	0.0;	10.0;	4.6;	0.0
1378459756;	2;	5199.99798;	103.9999596;	2.0;	8359936.0;	83884.0;	0.0;	10.2;	4.6;	0.0
1378460056;	2;	5199.99798;	103.9999596;	2.0;	8359936.0;	89477.86666666667;	0.0;	10.466666666666667;	4.666666666666667;	0.0
1378460356;	2;	5199.99798;	119.59995353999999;	2.3;	8359936.0;	229287.46666666667;	0.0;	15.6;	4.666666666666667;	0.0
1378460656;	2;	5199.99798;	100.53329428;	1.9333333333333333;	8359936.0;	173364.0;	0.0;	10.266666666666667;	4.733333333333333;	0.0
1378460956;	2;	5199.99798;	105.73329226;	2.033333333333333;	8359936.0;	106253.86666666667;	0.0;	10.2;	4.533333333333333;	0.0
1378461256;	2;	5199.99798;	105.73329226;	2.033333333333333;	8359936.0;	55923.2;	0.0;	10.333333333333334;	4.6;	0.0
1378461556;	2;	5199.99798;	98.79996161999999;	1.9;	8359936.0;	145402.13333333333;	0.0;	10.133333333333333;	4.733333333333333;	0.0
1378461856;	2;	5199.99798;	102.26662694000001;	1.9666666666666666;	8359936.0;	50330.933333333334;	0.0;	11.066666666666666;	4.666666666666667;	0.0
1378462156;	2;	5199.99798;	100.53329428;	1.9333333333333333;	8359936.0;	150994.4;	0.0;	10.333333333333334;	4.533333333333333;	0.0
1378462456;	2;	5199.99798;	100.53329428;	1.9333333333333333;	8359936.0;	61516.0;	0.0;	10.133333333333333;	4.666666666666667;	0.0
1378462756;	2;	5199.99798;	105.73329226;	2.033333333333333;	8359936.0;	39145.86666666667;	0.0;	9.8;	4.6;	0.0
1378463056;	2;	5199.99798;	103.9999596;	2.0;	8359936.0;	78291.73333333334;	0.0;	10.2;	4.6;	0.0
1378463356;	2;	5199.99798;	103.9999596;	2.0;	8359936.0;	50331.2;	0.0;	10.066666666666666;	4.533333333333333;	0.0
1378463657;	2;	5199.99798;	103.9999596;	2.0;	8359936.0;	39145.86666666667;	0.0;	10.4;	4.6;	0.0
1378463957;	2;	5199.99798;	117.86662087999999;	2.2666666666666666;	8359936.0;	257249.33333333334;	0.0;	15.8;	4.733333333333333;	0.0
1378464257;	2;	5199.99798;	102.26662694000001;	1.9666666666666666;	8359936.0;	106254.4;	0.0;	10.266666666666667;	4.666666666666667;	0.0
1378464557;	2;	5199.99798;	102.26662694000001;	1.9666666666666666;	8359936.0;	162178.93333333332;	0.0;	10.066666666666666;	4.8;	0.0
1378464857;	2;	5199.99798;	100.53329428;	1.9333333333333333;	8359936.0;	128624.53333333334;	0.0;	10.2;	4.6;	0.0
1378465157;	2;	5199.99798;	100.53329428;	1.9333333333333333;	8359936.0;	33553.6;	0.0;	10.133333333333333;	4.6;	0.0
1378465457;	2;	5199.99798;	107.46662492;	2.0666666666666664;	8359936.0;	89477.06666666667;	0.0;	11.2;	4.733333333333333;	0.0
1378465757;	2;	5199.99798;	109.19995758;	2.1;	8359936.0;	95070.13333333333;	0.0;	10.866666666666667;	4.733333333333333;	0.0
1378466057;	2;	5199.99798;	102.26662694000001;	1.9666666666666666;	8359936.0;	145400.8;	0.0;	10.466666666666667;	4.666666666666667;	0.0
1378466357;	2;	5199.99798;	103.9999596;	2.0;	8359936.0;	123031.73333333334;	0.0;	10.6;	4.733333333333333;	0.0
1378466657;	2;	5199.99798;	98.79996161999999;	1.9;	8359936.0;	123032.0;	0.0;	10.466666666666667;	4.666666666666667;	0.0
1378466957;	2;	5199.99798;	102.26662694000001;	1.9666666666666666;	8359936.0;	184548.53333333333;	0.0;	10.333333333333334;	4.666666666666667;	0.0
1378467257;	2;	5199.99798;	103.9999596;	2.0;	8359936.0;	178955.73333333334;	0.0;	10.333333333333334;	4.666666666666667;	0.0
1378467557;	2;	5199.99798;	119.59995353999999;	2.3;	8359936.0;	150993.6;	0.0;	15.266666666666667;	4.666666666666667;	0.0
1378467857;	2;	5199.99798;	103.9999596;	2.0;	8359936.0;	83884.0;	0.0;	10.2;	4.6;	0.0
1378468157;	2;	5199.99798;	103.9999596;	2.0;	8359936.0;	106253.86666666667;	0.0;	10.2;	4.6;	0.0
1378468457;	2;	5199.99798;	102.26662694000001;	1.9666666666666666;	8359936.0;	206917.33333333334;	0.0;	10.2;	4.666666666666667;	0.0
1378468757;	2;	5199.99798;	107.46662492;	2.0666666666666664;	8359936.0;	178956.53333333333;	0.0;	10.066666666666666;	4.6;	0.0
1378469657;	2;	5199.99798;	107.46662492;	2.0666666666666664;	8359936.0;	178956.53333333333;	0.0;	10.066666666666666;	4.6;	0.0
1378470257;	2;	5199.99798;	107.46662492;	2.0666666666666664;	8359936.0;	117439.2;	0.0;	10.2;	4.666666666666667;	0.0
1378470557;	2;	5199.99798;	103.9999596;	2.0;	8359936.0;	184548.8;	0.0;	10.266666666666667;	4.666666666666667;	0.0
1378470857;	2;	5199.99798;	103.9999596;	2.0;	8359936.0;	33553.6;	0.0;	10.266666666666667;	4.6;	0.0
1378472057;	2;	5199.99798;	103.9999596;	2.0;	8359936.0;	33553.6;	0.0;	10.266666666666667;	4.6;	0.0
1378472657;	2;	5199.99798;	116.13328822000001;	2.2333333333333334;	8359936.0;	150993.6;	0.0;	10.8;	4.666666666666667;	0.06666666666666667
1378472957;	2;	5199.99798;	116.13328822000001;	2.2333333333333334;	8359936.0;	145401.86666666667;	0.0;	10.333333333333334;	4.666666666666667;	0.0
1378473257;	2;	5199.99798;	102.26662694000001;	1.9666666666666666;	8359936.0;	83884.8;	0.0;	10.133333333333333;	4.666666666666667;	0.0
1378473557;	2;	5199.99798;	107.46662492;	2.0666666666666664;	8359936.0;	55922.666666666664;	0.0;	10.266666666666667;	4.733333333333333;	0.0
1378473857;	2;	5199.99798;	123.06661886;	2.3666666666666667;	8359936.0;	150994.4;	0.0;	10.0;	4.733333333333333;	0.0
1378474157;	2;	5199.99798;	103.9999596;	2.0;	8359936.0;	134216.8;	0.0;	10.2;	4.6;	0.0
1378474457;	2;	5199.99798;	102.26662694000001;	1.9666666666666666;	8359936.0;	184548.8;	0.0;	10.2;	4.6;	0.0
1378474757;	2;	5199.99798;	124.79995152;	2.4;	8359936.0;	290804.0;	0.0;	15.466666666666667;	4.666666666666667;	0.0
1378475057;	2;	5199.99798;	110.93329024;	2.1333333333333333;	8359936.0;	150993.33333333334;	0.0;	10.133333333333333;	4.666666666666667;	0.0
1378475358;	2;	5199.99798;	103.9999596;	2.0;	8359936.0;	83884.0;	0.0;	10.066666666666666;	4.733333333333333;	0.0
1378475658;	2;	5199.99798;	110.93329024;	2.1333333333333333;	8359936.0;	190140.26666666666;	0.0;	10.2;	4.533333333333333;	0.0
1378475958;	2;	5199.99798;	105.73329226;	2.033333333333333;	8359936.0;	212509.33333333334;	0.0;	9.933333333333334;	4.733333333333333;	0.0
1378476258;	2;	5199.99798;	110.93329024;	2.1333333333333333;	8359936.0;	162178.4;	0.0;	11.333333333333334;	4.733333333333333;	0.13333333333333333
1378476558;	2;	5199.99798;	109.19995758;	2.1;	8359936.0;	234879.2;	0.0;	10.466666666666667;	4.6;	0.0
1378476858;	2;	5199.99798;	103.9999596;	2.0;	8359936.0;	106254.13333333333;	0.0;	10.333333333333334;	4.666666666666667;	0.0
1378477158;	2;	5199.99863;	122.19996780500001;	2.35;	8359936.0;	83884.0;	0.0;	9.11111111111111;	3.888888888888889;	0.0
1378477458;	2;	5199.99863;	97.06664109333333;	1.8666666666666665;	8359936.0;	100661.6;	0.0;	10.133333333333333;	4.6;	0.0
1378477758;	2;	5199.99863;	83.19997808;	1.6;	8359936.0;	167771.2;	0.0;	10.2;	4.733333333333333;	0.0
1378478058;	2;	5199.99863;	83.19997808;	1.6;	8359936.0;	100662.4;	0.0;	10.266666666666667;	4.666666666666667;	0.0
1378478358;	2;	5199.99863;	105.73330547666666;	2.033333333333333;	8359936.0;	195733.33333333334;	0.0;	15.733333333333333;	4.733333333333333;	0.0
1378478658;	2;	5199.99863;	83.19997808;	1.6;	8359936.0;	117439.2;	0.0;	10.133333333333333;	4.6;	0.0
1378478958;	2;	5199.99863;	81.46664520333334;	1.5666666666666667;	8359936.0;	229287.2;	0.0;	10.2;	4.8;	0.0
1378479258;	2;	5199.99863;	77.99997945;	1.5;	8359936.0;	167770.4;	0.0;	10.066666666666666;	4.733333333333333;	0.0
1378479558;	2;	5199.99863;	77.99997945;	1.5;	8359936.0;	117439.2;	0.0;	10.333333333333334;	4.666666666666667;	0.0
1378479858;	2;	5199.99863;	79.73331232666668;	1.5333333333333334;	8359936.0;	100662.4;	0.0;	10.933333333333334;	4.8;	0.06666666666666667
1378480158;	2;	5199.99863;	79.73331232666668;	1.5333333333333334;	8359936.0;	100662.4;	0.0;	10.6;	4.6;	0.0
1378480458;	2;	5199.99863;	86.66664383333332;	1.6666666666666665;	8359936.0;	150993.33333333334;	0.0;	10.266666666666667;	4.666666666666667;	0.0
1378480758;	2;	5199.99863;	83.19997808;	1.6;	8359936.0;	33553.6;	0.0;	10.133333333333333;	4.666666666666667;	0.0
1378481058;	2;	5199.99863;	83.19997808;	1.6;	8359936.0;	16776.8;	0.0;	10.4;	4.733333333333333;	0.0
1378481358;	2;	5199.99863;	83.19997808;	1.6;	8359936.0;	72699.73333333334;	0.0;	10.133333333333333;	4.533333333333333;	0.0
1378481658;	2;	5199.99863;	83.19997808;	1.6;	8359936.0;	167770.4;	0.0;	10.2;	4.533333333333333;	0.0
1378481958;	2;	5199.99863;	103.9999726;	2.0;	8359936.0;	212510.13333333333;	0.0;	16.0;	4.666666666666667;	0.0
1378482258;	2;	5199.99863;	79.73331232666668;	1.5333333333333334;	8359936.0;	229287.2;	0.0;	10.333333333333334;	4.666666666666667;	0.0
1378482558;	2;	5199.99863;	79.73331232666668;	1.5333333333333334;	8359936.0;	67107.2;	0.0;	10.4;	4.733333333333333;	0.0
1378482858;	2;	5199.99863;	81.46664520333334;	1.5666666666666667;	8359936.0;	78293.06666666667;	0.0;	10.2;	4.733333333333333;	0.0
1378483158;	2;	5199.99863;	81.46664520333334;	1.5666666666666667;	8359936.0;	106254.93333333333;	0.0;	10.133333333333333;	4.6;	0.0
1378483459;	2;	5199.99863;	88.39997670999999;	1.7;	8359936.0;	67107.2;	0.0;	11.133333333333333;	4.8;	0.06666666666666667
1378483759;	2;	5199.99863;	83.19997808;	1.6;	8359936.0;	145400.8;	0.0;	10.666666666666666;	4.6;	0.0
1378484059;	2;	5199.99863;	83.19997808;	1.6;	8359936.0;	128624.26666666666;	0.0;	10.2;	4.666666666666667;	0.0
1378484359;	2;	5199.99863;	83.19997808;	1.6;	8359936.0;	95069.33333333333;	0.0;	9.933333333333334;	4.533333333333333;	0.0
1378484659;	2;	5199.99863;	83.19997808;	1.6;	8359936.0;	123031.73333333334;	0.0;	10.066666666666666;	4.6;	0.0
1378484959;	2;	5199.99863;	84.93331095666669;	1.6333333333333335;	8359936.0;	100662.4;	0.0;	10.2;	4.6;	0.0
1378485259;	2;	5199.99863;	86.66664383333332;	1.6666666666666665;	8359936.0;	39145.86666666667;	0.0;	10.066666666666666;	4.6;	0.0
1378485559;	2;	5199.99863;	107.46663835333332;	2.0666666666666664;	8359936.0;	173364.0;	0.0;	15.666666666666666;	4.666666666666667;	0.0
1378485859;	2;	5199.99863;	77.99997945;	1.5;	8359936.0;	123031.73333333334;	0.0;	10.2;	4.6;	0.0
1378486159;	2;	5199.99863;	81.46664520333334;	1.5666666666666667;	8359936.0;	106255.46666666666;	0.0;	10.133333333333333;	4.733333333333333;	0.0
1378486459;	2;	5199.99863;	79.73331232666668;	1.5333333333333334;	8359936.0;	44738.13333333333;	0.0;	10.133333333333333;	4.6;	0.0
1378486759;	2;	5199.99863;	77.99997945;	1.5;	8359936.0;	150993.06666666668;	0.0;	10.133333333333333;	4.6;	0.0
1378487059;	2;	5199.99863;	83.19997808;	1.6;	8359936.0;	162178.93333333332;	0.0;	10.933333333333334;	4.933333333333334;	0.06666666666666667
1378487359;	2;	5199.99863;	83.19997808;	1.6;	8359936.0;	100663.2;	0.0;	11.133333333333333;	4.666666666666667;	0.0
1378487659;	2;	5199.99863;	83.19997808;	1.6;	8359936.0;	89476.8;	0.0;	10.333333333333334;	4.733333333333333;	0.0
1378487959;	2;	5199.99863;	83.19997808;	1.6;	8359936.0;	173362.4;	0.0;	10.266666666666667;	4.733333333333333;	0.0
1378488259;	2;	5199.99863;	84.93331095666669;	1.6333333333333335;	8359936.0;	184547.73333333334;	0.0;	10.133333333333333;	4.666666666666667;	0.0
1378488559;	2;	5199.99863;	86.66664383333332;	1.6666666666666665;	8359936.0;	117440.26666666666;	0.0;	10.2;	4.666666666666667;	0.0
1378488859;	2;	5199.99863;	79.73331232666668;	1.5333333333333334;	8359936.0;	67108.0;	0.0;	10.266666666666667;	4.533333333333333;	0.0
1378489159;	2;	5199.99863;	103.9999726;	2.0;	8359936.0;	178956.26666666666;	0.0;	15.466666666666667;	4.866666666666666;	0.0
1378489459;	2;	5199.99863;	79.73331232666668;	1.5333333333333334;	8359936.0;	106254.93333333333;	0.0;	10.266666666666667;	4.666666666666667;	0.0
1378489759;	2;	5199.99863;	83.19997808;	1.6;	8359936.0;	83884.8;	0.0;	10.333333333333334;	4.733333333333333;	0.0
1378490059;	2;	5199.99863;	83.19997808;	1.6;	8359936.0;	111846.93333333333;	0.0;	10.133333333333333;	4.733333333333333;	0.0
1378490359;	2;	5199.99863;	84.93331095666669;	1.6333333333333335;	8359936.0;	128624.26666666666;	0.0;	10.2;	4.6;	0.0
1378490659;	2;	5199.99863;	83.19997808;	1.6;	8359936.0;	184548.26666666666;	0.0;	10.933333333333334;	4.933333333333334;	0.06666666666666667
1378490959;	2;	5199.99863;	84.93331095666669;	1.6333333333333335;	8359936.0;	178955.46666666667;	0.0;	10.533333333333333;	4.6;	0.0
1378491259;	2;	5199.99863;	83.57140655357144;	1.6071428571428572;	8359936.0;	119836.0;	0.0;	10.071428571428571;	4.285714285714286;	0.0
1378491559;	2;	5199.99863;	81.46664520333334;	1.5666666666666667;	8359936.0;	78291.73333333334;	0.0;	10.133333333333333;	4.6;	0.0
1378491859;	2;	5199.99863;	81.71426418571428;	1.5714285714285714;	8359936.0;	77892.28571428571;	0.0;	9.785714285714286;	4.357142857142857;	0.0
1378492159;	2;	5199.99863;	79.85712181785715;	1.5357142857142858;	8359936.0;	155786.2857142857;	0.0;	10.0;	4.428571428571429;	0.0
1378492459;	2;	5199.99863;	83.19997808;	1.6;	8359936.0;	167770.13333333333;	0.0;	10.266666666666667;	4.6;	0.0
1378492759;	2;	5199.99863;	102.26663972333334;	1.9666666666666666;	8359936.0;	218102.4;	0.0;	15.666666666666666;	4.6;	0.0
1378493059;	2;	5199.99863;	83.19997808;	1.6;	8359936.0;	201325.06666666668;	0.0;	10.2;	4.666666666666667;	0.0
1378493360;	2;	5199.99863;	83.19997808;	1.6;	8359936.0;	83884.0;	0.0;	10.133333333333333;	4.8;	0.0
1378493660;	2;	5199.99863;	86.66664383333332;	1.6666666666666665;	8359936.0;	78291.73333333334;	0.0;	10.2;	4.466666666666667;	0.0
1378493960;	2;	5199.99863;	83.19997808;	1.6;	8359936.0;	100662.4;	0.0;	9.933333333333334;	4.6;	0.0
1378494260;	2;	5199.99863;	88.39997670999999;	1.7;	8359936.0;	72700.26666666666;	0.0;	10.866666666666667;	4.866666666666666;	0.06666666666666667
1378494560;	2;	5199.99863;	84.93331095666669;	1.6333333333333335;	8359936.0;	89476.53333333334;	0.0;	10.066666666666666;	4.533333333333333;	0.0
1378494860;	2;	5199.99863;	81.46664520333334;	1.5666666666666667;	8359936.0;	162179.46666666667;	0.0;	10.2;	4.666666666666667;	0.0
1378495160;	2;	5199.99863;	81.46664520333334;	1.5666666666666667;	8359936.0;	117438.4;	0.0;	10.2;	4.8;	0.0
1378495460;	2;	5199.99863;	79.73331232666668;	1.5333333333333334;	8359936.0;	44738.13333333333;	0.0;	10.2;	4.533333333333333;	0.0
1378495760;	2;	5199.99863;	83.19997808;	1.6;	8359936.0;	33554.4;	0.0;	10.066666666666666;	4.666666666666667;	0.0
1378496060;	2;	5199.99863;	83.19997808;	1.6;	8359936.0;	67108.0;	0.0;	10.333333333333334;	4.6;	0.0
1378496360;	2;	5199.99863;	103.9999726;	2.0;	8359936.0;	234880.0;	0.0;	15.466666666666667;	4.733333333333333;	0.0
1378496660;	2;	5199.99863;	83.19997808;	1.6;	8359936.0;	218103.2;	0.0;	10.133333333333333;	4.666666666666667;	0.0
1378496960;	2;	5199.99863;	83.19997808;	1.6;	8359936.0;	67108.0;	0.0;	10.2;	4.666666666666667;	0.0
1378497260;	2;	5199.99863;	83.19997808;	1.6;	8359936.0;	50330.4;	0.0;	10.266666666666667;	4.466666666666667;	0.0
1378497560;	2;	5199.99863;	81.46664520333334;	1.5666666666666667;	8359936.0;	83884.8;	0.0;	10.066666666666666;	4.666666666666667;	0.0
1378497860;	2;	5199.99863;	88.39997670999999;	1.7;	8359936.0;	178955.73333333334;	0.0;	11.133333333333333;	4.6;	0.06666666666666667
1378498160;	2;	5199.99863;	86.66664383333332;	1.6666666666666665;	8359936.0;	184548.8;	0.0;	10.733333333333333;	4.533333333333333;	0.0
1378498460;	2;	5199.99863;	79.73331232666668;	1.5333333333333334;	8359936.0;	150994.4;	0.0;	10.133333333333333;	4.533333333333333;	0.0
1378498760;	2;	5199.99863;	81.46664520333334;	1.5666666666666667;	8359936.0;	117439.2;	0.0;	10.133333333333333;	4.666666666666667;	0.0
1378499060;	2;	5199.99863;	83.19997808;	1.6;	8359936.0;	117438.4;	0.0;	9.866666666666667;	4.6;	0.0
1378499360;	2;	5199.99863;	83.19997808;	1.6;	8359936.0;	134216.0;	0.0;	10.533333333333333;	4.666666666666667;	0.0
1378499660;	2;	5199.99863;	90.13330958666667;	1.7333333333333334;	8359936.0;	117440.0;	0.0;	10.0;	4.666666666666667;	0.0
1378499960;	2;	5199.99863;	110.93330410666667;	2.1333333333333333;	8359936.0;	134216.0;	0.0;	16.0;	4.666666666666667;	0.0
1378500260;	2;	5199.99863;	84.93331095666669;	1.6333333333333335;	8359936.0;	100661.6;	0.0;	10.066666666666666;	4.666666666666667;	0.0
1378500560;	2;	5199.99863;	83.19997808;	1.6;	8359936.0;	100661.6;	0.0;	10.2;	4.6;	0.0
1378500860;	2;	5199.99863;	84.93331095666669;	1.6333333333333335;	8359936.0;	95069.33333333333;	0.0;	10.133333333333333;	4.533333333333333;	0.0
1378501160;	2;	5199.99863;	81.46664520333334;	1.5666666666666667;	8359936.0;	61514.933333333334;	0.0;	10.266666666666667;	4.666666666666667;	0.0
1378501460;	2;	5199.99863;	86.66664383333332;	1.6666666666666665;	8359936.0;	111846.66666666667;	0.0;	11.066666666666666;	4.666666666666667;	0.06666666666666667
1378501760;	2;	5199.99863;	84.93331095666669;	1.6333333333333335;	8359936.0;	83884.26666666666;	0.0;	10.6;	4.6;	0.0
1378502060;	2;	5199.99863;	84.93331095666669;	1.6333333333333335;	8359936.0;	156585.86666666667;	0.0;	10.333333333333334;	4.733333333333333;	0.0
1378502360;	2;	5199.99863;	83.19997808;	1.6;	8359936.0;	128624.0;	0.0;	10.133333333333333;	4.666666666666667;	0.0
1378502660;	2;	5199.99863;	83.19997808;	1.6;	8359936.0;	128623.46666666666;	0.0;	10.266666666666667;	4.666666666666667;	0.0
1378502960;	2;	5199.99863;	84.93331095666669;	1.6333333333333335;	8359936.0;	61516.0;	0.0;	10.066666666666666;	4.666666666666667;	0.0
1378503260;	2;	5199.99863;	84.93331095666669;	1.6333333333333335;	8359936.0;	95069.06666666667;	0.0;	10.4;	4.733333333333333;	0.0
1378503560;	2;	5199.99863;	105.73330547666666;	2.033333333333333;	8359936.0;	178955.2;	0.0;	15.666666666666666;	4.8;	0.0
1378503860;	2;	5199.99863;	79.73331232666668;	1.5333333333333334;	8359936.0;	150994.4;	0.0;	10.2;	4.8;	0.0
1378504160;	2;	5199.99863;	81.46664520333334;	1.5666666666666667;	8359936.0;	89477.33333333333;	0.0;	10.133333333333333;	4.533333333333333;	0.0
1378504460;	2;	5199.99863;	83.19997808;	1.6;	8359936.0;	95069.86666666667;	0.0;	10.933333333333334;	4.666666666666667;	0.0
1378504760;	2;	5199.99863;	79.73331232666668;	1.5333333333333334;	8359936.0;	100662.93333333333;	0.0;	10.2;	4.6;	0.0
1378505060;	2;	5199.99863;	83.19997808;	1.6;	8359936.0;	150994.4;	0.0;	11.133333333333333;	4.8;	0.06666666666666667
1378505360;	2;	5199.99863;	83.19997808;	1.6;	8359936.0;	89476.53333333334;	0.0;	10.4;	4.666666666666667;	0.0
1378505660;	2;	5199.99863;	79.73331232666668;	1.5333333333333334;	8359936.0;	44738.13333333333;	0.0;	10.133333333333333;	4.8;	0.0
1378505960;	2;	5199.99863;	77.99997945;	1.5;	8359936.0;	134215.73333333334;	0.0;	10.066666666666666;	4.733333333333333;	0.0
1378506260;	2;	5199.99863;	77.99997945;	1.5;	8359936.0;	83884.26666666666;	0.0;	10.133333333333333;	4.733333333333333;	0.0
1378506560;	2;	5199.99863;	77.99997945;	1.5;	8359936.0;	111846.13333333333;	0.0;	10.2;	4.866666666666666;	0.0
1378506860;	2;	5199.99863;	79.73331232666668;	1.5333333333333334;	8359936.0;	83884.0;	0.0;	10.2;	4.666666666666667;	0.0
1378507160;	2;	5199.99863;	140.39996301000002;	2.7;	8359936.0;	329950.13333333336;	0.0;	44.333333333333336;	5.333333333333333;	1.0
1378507460;	2;	5199.99863;	77.99997945;	1.5;	8359936.0;	218101.86666666667;	0.0;	10.266666666666667;	4.733333333333333;	0.0
1378507761;	2;	5199.99863;	79.73331232666668;	1.5333333333333334;	8359936.0;	72700.26666666666;	0.0;	10.333333333333334;	4.733333333333333;	0.0
1378508061;	2;	5199.99863;	83.19997808;	1.6;	8359936.0;	106255.46666666666;	0.0;	9.933333333333334;	4.6;	0.0
1378508361;	2;	5199.99863;	77.99997945;	1.5;	8359936.0;	128624.0;	0.0;	10.066666666666666;	4.666666666666667;	0.0
1378508661;	2;	5199.99863;	90.13330958666667;	1.7333333333333334;	8359936.0;	201325.6;	0.0;	11.333333333333334;	4.733333333333333;	0.06666666666666667
1378508961;	2;	5199.99863;	83.19997808;	1.6;	8359936.0;	100661.6;	0.0;	10.533333333333333;	4.6;	0.0
1378509261;	2;	5199.99863;	79.73331232666668;	1.5333333333333334;	8359936.0;	100661.6;	0.0;	10.357142857142858;	4.666666666666667;	0.0
1378509561;	2;	5199.99863;	86.66664383333332;	1.6666666666666665;	8359936.0;	167772.0;	0.0;	9.928571428571429;	4.666666666666667;	0.0
1378509861;	2;	5199.99863;	76.26664657333333;	1.4666666666666666;	8359936.0;	201325.33333333334;	0.0;	10.266666666666667;	4.666666666666667;	0.0
1378510161;	2;	5199.99863;	77.99997945;	1.5;	8359936.0;	95070.13333333333;	0.0;	10.133333333333333;	4.666666666666667;	0.0
1378510461;	2;	5199.99863;	81.46664520333334;	1.5666666666666667;	8359936.0;	95069.33333333333;	0.0;	10.333333333333334;	4.6;	0.0
1378510761;	2;	5199.997978;	129.99994945;	2.5;	8359936.0;	62913.0;	0.0;	9.0;	4.0;	0.0
1378511061;	2;	5199.997978;	83.199967648;	1.6;	8359936.0;	134216.53333333333;	0.0;	10.2;	4.533333333333333;	0.0
1378511361;	2;	5199.997978;	81.46663498866667;	1.5666666666666667;	8359936.0;	150994.13333333333;	0.0;	10.133333333333333;	4.666666666666667;	0.0
1378511661;	2;	5199.997978;	77.99996967000001;	1.5;	8359936.0;	145401.06666666668;	0.0;	10.266666666666667;	4.6;	0.0
1378511961;	2;	5199.997978;	77.99996967000001;	1.5;	8359936.0;	67108.53333333334;	0.0;	10.066666666666666;	4.666666666666667;	0.0
1378512261;	2;	5199.997978;	86.66663296666665;	1.6666666666666665;	8359936.0;	173363.46666666667;	0.0;	11.2;	4.733333333333333;	0.06666666666666667
1378512561;	2;	5199.997978;	133.4666147686667;	2.566666666666667;	8359936.0;	139809.33333333334;	0.0;	47.6;	6.4;	90.46666666666667
1378512861;	2;	5199.997978;	469.73315067933333;	9.033333333333333;	8359936.0;	279619.2;	0.0;	119.0;	10.8;	127.26666666666667
1378513161;	2;	5199.997978;	162.93326997733334;	3.1333333333333333;	8359936.0;	413836.0;	0.0;	11.4;	4.666666666666667;	0.0
1378513461;	2;	5199.997978;	74.53330435133334;	1.4333333333333333;	8359936.0;	178956.0;	0.0;	10.333333333333334;	4.666666666666667;	0.0
1378513761;	2;	5199.997978;	76.26663701066667;	1.4666666666666666;	8359936.0;	95069.06666666667;	0.0;	10.333333333333334;	4.6;	0.0
1378514061;	2;	5199.997978;	79.73330232933334;	1.5333333333333334;	8359936.0;	33553.86666666667;	0.0;	10.133333333333333;	4.6;	0.0
1378514361;	2;	5199.997978;	105.73329221933332;	2.033333333333333;	8359936.0;	229287.73333333334;	0.0;	75.0;	19.666666666666668;	0.2
1378514661;	2;	5199.997978;	81.46663498866667;	1.5666666666666667;	8359936.0;	83884.26666666666;	0.0;	10.2;	4.6;	0.0
1378514961;	2;	5199.997978;	81.46663498866667;	1.5666666666666667;	8359936.0;	61514.933333333334;	0.0;	10.066666666666666;	4.666666666666667;	0.0
1378515261;	2;	5199.997978;	81.46663498866667;	1.5666666666666667;	8359936.0;	89477.6;	0.0;	10.2;	4.666666666666667;	0.0
1378515561;	2;	5199.997978;	83.199967648;	1.6;	8359936.0;	78292.26666666666;	0.0;	10.2;	4.6;	0.0
1378515861;	2;	5199.997978;	83.199967648;	1.6;	8359936.0;	50330.4;	0.0;	11.066666666666666;	4.733333333333333;	0.06666666666666667
1378516161;	2;	5199.997978;	77.99996967000001;	1.5;	8359936.0;	106254.13333333333;	0.0;	10.333333333333334;	4.666666666666667;	0.0
1378516461;	2;	5199.997978;	77.99996967000001;	1.5;	8359936.0;	106255.2;	0.0;	10.266666666666667;	4.666666666666667;	0.0
1378516761;	2;	5199.997978;	79.73330232933334;	1.5333333333333334;	8359936.0;	184547.46666666667;	0.0;	10.266666666666667;	4.666666666666667;	0.0
1378517061;	2;	5199.997978;	77.99996967000001;	1.5;	8359936.0;	95069.33333333333;	0.0;	10.4;	4.733333333333333;	0.0
1378517361;	2;	5199.997978;	83.199967648;	1.6;	8359936.0;	33553.6;	0.0;	10.266666666666667;	4.666666666666667;	0.0
1378517661;	2;	5199.997978;	83.199967648;	1.6;	8359936.0;	72700.53333333334;	0.0;	10.466666666666667;	4.666666666666667;	0.0
1378517961;	2;	5199.997978;	100.53329424133334;	1.9333333333333333;	8359936.0;	167770.4;	0.0;	15.733333333333333;	4.8;	0.0
1378518261;	2;	5199.997978;	83.199967648;	1.6;	8359936.0;	117439.46666666666;	0.0;	10.333333333333334;	4.6;	0.0
1378518561;	2;	5199.997978;	83.199967648;	1.6;	8359936.0;	111846.93333333333;	0.0;	10.066666666666666;	4.666666666666667;	0.0
1378518861;	2;	5199.997978;	81.46663498866667;	1.5666666666666667;	8359936.0;	55922.666666666664;	0.0;	10.2;	4.533333333333333;	0.0
1378519161;	2;	5199.997978;	76.26663701066667;	1.4666666666666666;	8359936.0;	83884.0;	0.0;	10.133333333333333;	4.466666666666667;	0.0
1378519461;	2;	5199.997978;	233.99990901;	4.5;	8359936.0;	279618.4;	0.0;	13.4;	6.4;	0.8666666666666667
1378519761;	2;	5199.997978;	74.53330435133334;	1.4333333333333333;	8359936.0;	117439.2;	0.0;	11.733333333333333;	4.666666666666667;	0.0
1378520061;	2;	5199.997978;	103.99995956000001;	2.0;	8359936.0;	150993.06666666668;	0.0;	24.6;	11.6;	0.2
1378520361;	2;	5199.997978;	74.53330435133334;	1.4333333333333333;	8359936.0;	167771.2;	0.0;	10.2;	4.6;	0.0
1378520662;	2;	5199.997978;	74.53330435133334;	1.4333333333333333;	8359936.0;	95069.86666666667;	0.0;	10.333333333333334;	4.8;	0.0
1378520962;	2;	5199.997978;	71.06663903266666;	1.3666666666666665;	8359936.0;	117439.2;	0.0;	10.0;	4.4;	0.0
1378521262;	2;	5199.997978;	74.53330435133334;	1.4333333333333333;	8359936.0;	117439.2;	0.0;	10.2;	4.733333333333333;	0.0
1378521562;	2;	5199.997978;	90.13329828533335;	1.7333333333333334;	8359936.0;	184548.8;	0.0;	15.733333333333333;	4.666666666666667;	0.0
1378521862;	2;	5199.997978;	74.53330435133334;	1.4333333333333333;	8359936.0;	50331.2;	0.0;	10.066666666666666;	4.6;	0.0
1378522162;	2;	5199.997978;	77.99996967000001;	1.5;	8359936.0;	11184.533333333333;	0.0;	10.2;	4.6;	0.0
1378522462;	2;	5199.997978;	72.799971692;	1.4;	8359936.0;	167770.4;	0.0;	10.133333333333333;	4.6;	0.0
1378522762;	2;	5199.997978;	71.06663903266666;	1.3666666666666665;	8359936.0;	117439.2;	0.0;	10.0;	4.6;	0.0
1378523062;	2;	5199.997978;	90.13329828533335;	1.7333333333333334;	8359936.0;	212509.33333333334;	0.0;	16.066666666666666;	4.733333333333333;	0.2
1378523362;	2;	5199.997978;	74.53330435133334;	1.4333333333333333;	8359936.0;	184548.0;	0.0;	10.533333333333333;	4.666666666666667;	0.0
1378523662;	2;	5199.997978;	72.799971692;	1.4;	8359936.0;	50330.4;	0.0;	10.266666666666667;	4.666666666666667;	0.0
1378523962;	2;	5199.997978;	74.53330435133334;	1.4333333333333333;	8359936.0;	95069.33333333333;	0.0;	10.2;	4.533333333333333;	0.0
1378524262;	2;	5199.997978;	76.26663701066667;	1.4666666666666666;	8359936.0;	100661.6;	0.0;	10.4;	4.466666666666667;	0.0
1378524562;	2;	5199.997978;	133.4666147686667;	2.566666666666667;	8359936.0;	0.0;	0.0;	10.2;	4.6;	0.0
1378524862;	2;	5199.997978;	131.73328210933335;	2.533333333333333;	8359936.0;	22369.333333333332;	0.0;	10.266666666666667;	4.6;	0.0
1378525162;	2;	5199.997978;	159.46660465866668;	3.066666666666667;	8359936.0;	234880.0;	0.0;	15.6;	4.733333333333333;	0.0
1378525462;	2;	5199.997978;	112.66662285666668;	2.1666666666666665;	8359936.0;	61516.0;	0.0;	10.133333333333333;	4.666666666666667;	0.0
1378525762;	2;	5199.997978;	114.399955516;	2.2;	8359936.0;	178955.2;	0.0;	10.133333333333333;	4.8;	0.0
1378526062;	2;	5199.997978;	81.46663498866667;	1.5666666666666667;	8359936.0;	83884.8;	0.0;	10.066666666666666;	4.666666666666667;	0.0
1378526362;	2;	5199.997978;	81.46663498866667;	1.5666666666666667;	8359936.0;	111847.46666666666;	0.0;	10.333333333333334;	4.533333333333333;	0.0
1378526662;	2;	5199.997978;	84.93330030733335;	1.6333333333333335;	8359936.0;	95070.13333333333;	0.0;	11.2;	4.6;	0.06666666666666667
1378527862;	2;	5199.997978;	83.199967648;	1.6;	8359936.0;	55923.46666666667;	0.0;	10.133333333333333;	4.571428571428571;	0.0
1378528762;	2;	5199.998608;	147.33329389333332;	2.833333333333333;	8359936.0;	335544.0;	0.0;	8.8;	3.6;	0.0
1378529062;	2;	5199.998608;	114.399969376;	2.2;	8359936.0;	234880.0;	0.0;	10.133333333333333;	4.6;	0.0
1378529362;	2;	5199.998608;	109.199970768;	2.1;	8359936.0;	117438.93333333333;	0.0;	10.133333333333333;	4.6;	0.0
1378529662;	2;	5199.998608;	103.99997216;	2.0;	8359936.0;	184548.8;	0.0;	10.133333333333333;	4.466666666666667;	0.0
1378529963;	2;	5199.998608;	107.46663789866665;	2.0666666666666664;	8359936.0;	123030.93333333333;	0.0;	10.133333333333333;	4.466666666666667;	0.0
1378530263;	2;	5199.998608;	105.73330502933334;	2.033333333333333;	8359936.0;	150993.6;	0.0;	11.0;	4.8;	0.06666666666666667
1378530563;	2;	5199.998608;	110.93330363733334;	2.1333333333333333;	8359936.0;	67107.2;	0.0;	11.0;	4.533333333333333;	0.0
1378530863;	2;	5199.998608;	103.99997216;	2.0;	8359936.0;	134216.8;	0.0;	10.333333333333334;	4.6;	0.0
1378531163;	2;	5199.998608;	102.26663929066666;	1.9666666666666666;	8359936.0;	106254.13333333333;	0.0;	10.066666666666666;	4.533333333333333;	0.0
1378531463;	2;	5199.998608;	105.73330502933334;	2.033333333333333;	8359936.0;	100662.4;	0.0;	10.066666666666666;	4.6;	0.0
1378531763;	2;	5199.998608;	105.73330502933334;	2.033333333333333;	8359936.0;	55922.666666666664;	0.0;	10.4;	4.6;	0.0
1378532063;	2;	5199.998608;	107.46663789866665;	2.0666666666666664;	8359936.0;	39145.86666666667;	0.0;	10.2;	4.533333333333333;	0.0
1378532363;	2;	5199.998608;	119.59996798399999;	2.3;	8359936.0;	262842.13333333336;	0.0;	15.666666666666666;	4.466666666666667;	0.0
1378532663;	2;	5199.998608;	112.66663650666665;	2.1666666666666665;	8359936.0;	95068.8;	0.0;	10.133333333333333;	4.533333333333333;	0.0
1378532963;	2;	5199.998608;	107.46663789866665;	2.0666666666666664;	8359936.0;	39145.86666666667;	0.0;	10.133333333333333;	4.533333333333333;	0.0
1378533263;	2;	5199.998608;	105.73330502933334;	2.033333333333333;	8359936.0;	0.0;	0.0;	10.066666666666666;	4.666666666666667;	0.0
1378533563;	2;	5199.998608;	105.73330502933334;	2.033333333333333;	8359936.0;	44738.13333333333;	0.0;	10.066666666666666;	4.666666666666667;	0.0
1378533863;	2;	5199.998608;	110.93330363733334;	2.1333333333333333;	8359936.0;	67107.2;	0.0;	10.8;	4.666666666666667;	0.06666666666666667
1378534163;	2;	5199.998608;	103.99997216;	2.0;	8359936.0;	106254.93333333333;	0.0;	10.466666666666667;	4.666666666666667;	0.0
1378534463;	2;	5199.998608;	105.73330502933334;	2.033333333333333;	8359936.0;	83884.0;	0.0;	10.133333333333333;	4.533333333333333;	0.0
1378534763;	2;	5199.998608;	105.73330502933334;	2.033333333333333;	8359936.0;	167771.2;	0.0;	10.133333333333333;	4.733333333333333;	0.0
1378535063;	2;	5199.998608;	105.73330502933334;	2.033333333333333;	8359936.0;	83884.0;	0.0;	10.2;	4.666666666666667;	0.0
1378535363;	2;	5199.998608;	105.73330502933334;	2.033333333333333;	8359936.0;	83884.0;	0.0;	10.2;	4.6;	0.0
1378535663;	2;	5199.998608;	107.46663789866665;	2.0666666666666664;	8359936.0;	95069.06666666667;	0.0;	10.2;	4.733333333333333;	0.0
1378535963;	2;	5199.998608;	124.799966592;	2.4;	8359936.0;	290803.73333333334;	0.0;	15.733333333333333;	4.6;	0.0
1378536263;	2;	5199.998608;	105.73330502933334;	2.033333333333333;	8359936.0;	150993.86666666667;	0.0;	10.066666666666666;	4.6;	0.0
1378536563;	2;	5199.998608;	95.33330781333333;	1.8333333333333335;	8359936.0;	117439.2;	0.0;	10.2;	4.733333333333333;	0.0
1378536863;	2;	5199.998608;	93.59997494400001;	1.8;	8359936.0;	145400.8;	0.0;	10.133333333333333;	4.6;	0.0
1378537163;	2;	5199.998608;	93.59997494400001;	1.8;	8359936.0;	195733.33333333334;	0.0;	10.066666666666666;	4.666666666666667;	0.0
1378537463;	2;	5199.998608;	90.13330920533333;	1.7333333333333334;	8359936.0;	162178.66666666666;	0.0;	11.066666666666666;	4.733333333333333;	0.06666666666666667
1378537763;	2;	5199.998608;	88.399976336;	1.7;	8359936.0;	100661.6;	0.0;	10.466666666666667;	4.666666666666667;	0.0
1378538063;	2;	5199.998608;	91.86664207466667;	1.7666666666666666;	8359936.0;	106254.13333333333;	0.0;	10.066666666666666;	4.6;	0.0
1378538363;	2;	5199.998608;	95.33330781333333;	1.8333333333333335;	8359936.0;	106254.66666666667;	0.0;	10.066666666666666;	4.666666666666667;	0.0
1378538663;	2;	5199.998608;	103.99997216;	2.0;	8359936.0;	123031.2;	0.0;	10.133333333333333;	4.733333333333333;	0.0
1378538963;	2;	5199.998608;	97.06664068266666;	1.8666666666666665;	8359936.0;	67108.0;	0.0;	10.333333333333334;	4.666666666666667;	0.0
1378539263;	2;	5199.998608;	95.33330781333333;	1.8333333333333335;	8359936.0;	78291.73333333334;	0.0;	10.4;	4.666666666666667;	0.0
1378539563;	2;	5199.998608;	114.399969376;	2.2;	8359936.0;	134216.26666666666;	0.0;	15.666666666666666;	4.6;	0.0
1378539863;	2;	5199.998608;	98.799973552;	1.9;	8359936.0;	44738.666666666664;	0.0;	10.333333333333334;	4.8;	0.0
1378540163;	2;	5199.998608;	93.59997494400001;	1.8;	8359936.0;	89476.53333333334;	0.0;	10.266666666666667;	4.666666666666667;	0.0
1378540463;	2;	5199.998608;	98.799973552;	1.9;	8359936.0;	167772.0;	0.0;	10.2;	4.533333333333333;	0.0
1378540763;	2;	5199.998608;	97.06664068266666;	1.8666666666666665;	8359936.0;	139808.26666666666;	0.0;	10.0;	4.6;	0.0
1378541063;	2;	5199.998608;	93.59997494400001;	1.8;	8359936.0;	234880.0;	0.0;	11.133333333333333;	4.8;	0.06666666666666667
1378541363;	2;	5199.998608;	102.26663929066666;	1.9666666666666666;	8359936.0;	111846.93333333333;	0.0;	10.466666666666667;	4.733333333333333;	0.0
1378541663;	2;	5199.998608;	97.06664068266666;	1.8666666666666665;	8359936.0;	72700.26666666666;	0.0;	10.2;	4.6;	0.0
1378541963;	2;	5199.998608;	93.59997494400001;	1.8;	8359936.0;	83884.0;	0.0;	10.133333333333333;	4.733333333333333;	0.0
1378542263;	2;	5199.998608;	91.86664207466667;	1.7666666666666666;	8359936.0;	67108.8;	0.0;	10.333333333333334;	4.6;	0.0
1378542563;	2;	5199.998608;	95.33330781333333;	1.8333333333333335;	8359936.0;	83885.6;	0.0;	10.2;	4.533333333333333;	0.0
1378542863;	2;	5199.998608;	95.33330781333333;	1.8333333333333335;	8359936.0;	212510.13333333333;	0.0;	10.4;	4.666666666666667;	0.0
1378543163;	2;	5199.998608;	116.13330224533333;	2.2333333333333334;	8359936.0;	285211.2;	0.0;	15.8;	4.733333333333333;	0.0
1378543463;	2;	5199.998608;	100.53330642133332;	1.9333333333333333;	8359936.0;	134216.8;	0.0;	10.2;	4.733333333333333;	0.0
1378543763;	2;	5199.998608;	88.399976336;	1.7;	8359936.0;	33553.6;	0.0;	10.2;	4.666666666666667;	0.0
1378544063;	2;	5199.998608;	95.33330781333333;	1.8333333333333335;	8359936.0;	240472.26666666666;	0.0;	10.4;	4.733333333333333;	0.0
1378544364;	2;	5199.998608;	97.06664068266666;	1.8666666666666665;	8359936.0;	33553.6;	0.0;	9.933333333333334;	4.6;	0.0
1378544664;	2;	5199.998608;	95.33330781333333;	1.8333333333333335;	8359936.0;	184548.8;	0.0;	11.066666666666666;	4.733333333333333;	0.06666666666666667
1378544964;	2;	5199.998608;	97.06664068266666;	1.8666666666666665;	8359936.0;	150993.6;	0.0;	10.2;	4.666666666666667;	0.0
1378545264;	2;	5199.998608;	95.33330781333333;	1.8333333333333335;	8359936.0;	67107.2;	0.0;	9.933333333333334;	4.533333333333333;	0.0
1378545564;	2;	5199.998608;	93.59997494400001;	1.8;	8359936.0;	89476.8;	0.0;	10.066666666666666;	4.8;	0.0
1378545864;	2;	5199.998608;	98.799973552;	1.9;	8359936.0;	167770.66666666666;	0.0;	10.2;	4.733333333333333;	0.0
1378546164;	2;	5199.998608;	98.799973552;	1.9;	8359936.0;	117439.2;	0.0;	10.066666666666666;	4.6;	0.0
1378546464;	2;	5199.998608;	93.59997494400001;	1.8;	8359936.0;	100661.86666666667;	0.0;	10.2;	4.533333333333333;	0.0
1378546764;	2;	5199.998608;	112.66663650666665;	2.1666666666666665;	8359936.0;	167770.4;	0.0;	15.533333333333333;	4.8;	0.0
1378547064;	2;	5199.998608;	93.59997494400001;	1.8;	8359936.0;	44738.666666666664;	0.0;	10.2;	4.533333333333333;	0.0
1378547364;	2;	5199.998608;	97.06664068266666;	1.8666666666666665;	8359936.0;	100661.6;	0.0;	10.2;	4.6;	0.0
1378547664;	2;	5199.998608;	93.59997494400001;	1.8;	8359936.0;	33553.86666666667;	0.0;	10.133333333333333;	4.733333333333333;	0.0
1378547964;	2;	5199.998608;	100.53330642133332;	1.9333333333333333;	8359936.0;	50330.4;	0.0;	10.133333333333333;	4.666666666666667;	0.0
1378548264;	2;	5199.998608;	100.53330642133332;	1.9333333333333333;	8359936.0;	134216.26666666666;	0.0;	10.933333333333334;	4.8;	0.0
1378548564;	2;	5199.998608;	98.799973552;	1.9;	8359936.0;	55923.2;	0.0;	9.933333333333334;	4.666666666666667;	0.0
1378548864;	2;	5199.998608;	98.799973552;	1.9;	8359936.0;	150993.33333333334;	0.0;	10.266666666666667;	4.6;	0.0
1378549164;	2;	5199.998608;	98.799973552;	1.9;	8359936.0;	145400.8;	0.0;	10.2;	4.666666666666667;	0.0
1378549464;	2;	5199.998608;	100.53330642133332;	1.9333333333333333;	8359936.0;	100661.6;	0.0;	10.266666666666667;	4.733333333333333;	0.0
1378549764;	2;	5199.998608;	88.399976336;	1.7;	8359936.0;	106254.66666666667;	0.0;	9.8;	4.666666666666667;	0.0
1378550064;	2;	5199.998608;	86.66664346666667;	1.6666666666666665;	8359936.0;	123032.0;	0.0;	10.2;	4.6;	0.0
1378550364;	2;	5199.998608;	107.46663789866665;	2.0666666666666664;	8359936.0;	301988.8;	0.0;	15.466666666666667;	4.733333333333333;	0.0
1378550664;	2;	5199.998608;	88.399976336;	1.7;	8359936.0;	123031.46666666666;	0.0;	10.0;	4.733333333333333;	0.0
1378550964;	2;	5199.998608;	93.59997494400001;	1.8;	8359936.0;	27961.6;	0.0;	10.466666666666667;	4.666666666666667;	0.0
1378551264;	2;	5199.998608;	86.66664346666667;	1.6666666666666665;	8359936.0;	100662.4;	0.0;	10.0;	4.733333333333333;	0.0
1378551564;	2;	5199.998608;	93.59997494400001;	1.8;	8359936.0;	106254.93333333333;	0.0;	10.066666666666666;	4.6;	0.0
1378551864;	2;	5199.998608;	95.33330781333333;	1.8333333333333335;	8359936.0;	145401.6;	0.0;	11.066666666666666;	4.666666666666667;	0.0
1378552164;	2;	5199.998608;	103.99997216;	2.0;	8359936.0;	95070.13333333333;	0.0;	10.666666666666666;	4.666666666666667;	0.0
1378552464;	2;	5199.998608;	100.53330642133332;	1.9333333333333333;	8359936.0;	123031.73333333334;	0.0;	10.066666666666666;	4.6;	0.0
1378552764;	2;	5199.998608;	86.66664346666667;	1.6666666666666665;	8359936.0;	150994.4;	0.0;	10.066666666666666;	4.733333333333333;	0.0
1378553064;	2;	5199.998608;	93.59997494400001;	1.8;	8359936.0;	123031.73333333334;	0.0;	10.066666666666666;	4.733333333333333;	0.0
1378553364;	2;	5199.998608;	91.86664207466667;	1.7666666666666666;	8359936.0;	184548.26666666666;	0.0;	10.2;	4.6;	0.0
1378553664;	2;	5199.998608;	93.59997494400001;	1.8;	8359936.0;	100662.13333333333;	0.0;	10.2;	4.666666666666667;	0.0
1378553964;	2;	5199.998608;	114.399969376;	2.2;	8359936.0;	201324.8;	0.0;	15.8;	4.733333333333333;	0.0
1378554264;	2;	5199.998608;	114.399969376;	2.2;	8359936.0;	39145.86666666667;	0.0;	10.133333333333333;	4.666666666666667;	0.0
1378554564;	2;	5199.998608;	109.199970768;	2.1;	8359936.0;	22369.333333333332;	0.0;	10.133333333333333;	4.6;	0.0
1378554865;	2;	5199.998608;	100.53330642133332;	1.9333333333333333;	8359936.0;	95069.06666666667;	0.0;	10.266666666666667;	4.666666666666667;	0.0
1378555165;	2;	5199.998608;	93.59997494400001;	1.8;	8359936.0;	78292.53333333334;	0.0;	10.0;	4.533333333333333;	0.0
1378555465;	2;	5199.998608;	86.66664346666667;	1.6666666666666665;	8359936.0;	95070.4;	0.0;	11.0;	4.6;	0.0
1378555765;	2;	5199.998608;	91.86664207466667;	1.7666666666666666;	8359936.0;	128624.26666666666;	0.0;	10.533333333333333;	4.733333333333333;	0.0
1378556065;	2;	5199.998608;	88.399976336;	1.7;	8359936.0;	123031.73333333334;	0.0;	10.333333333333334;	4.6;	0.0
1378556365;	2;	5199.998608;	84.93331059733335;	1.6333333333333335;	8359936.0;	145401.86666666667;	0.0;	10.2;	4.666666666666667;	0.0
1378556665;	2;	5199.998608;	84.93331059733335;	1.6333333333333335;	8359936.0;	134217.6;	0.0;	10.266666666666667;	4.666666666666667;	0.0
1378556965;	2;	5199.998608;	86.66664346666667;	1.6666666666666665;	8359936.0;	206917.86666666667;	0.0;	10.4;	4.733333333333333;	0.0
1378557265;	2;	5199.998608;	86.66664346666667;	1.6666666666666665;	8359936.0;	95069.33333333333;	0.0;	10.4;	4.6;	0.0
1378557565;	2;	5199.998608;	109.199970768;	2.1;	8359936.0;	173362.66666666666;	0.0;	15.4;	4.733333333333333;	0.0
1378557865;	2;	5199.998608;	84.93331059733335;	1.6333333333333335;	8359936.0;	206917.6;	0.0;	10.066666666666666;	4.533333333333333;	0.0
1378558165;	2;	5199.998608;	93.59997494400001;	1.8;	8359936.0;	67108.0;	0.0;	9.933333333333334;	4.533333333333333;	0.0
1378558465;	2;	5199.998608;	88.399976336;	1.7;	8359936.0;	150993.33333333334;	0.0;	10.133333333333333;	4.533333333333333;	0.0
1378558765;	2;	5199.998608;	88.399976336;	1.7;	8359936.0;	162178.4;	0.0;	10.133333333333333;	4.466666666666667;	0.0
1378559065;	2;	5199.998608;	88.399976336;	1.7;	8359936.0;	123031.46666666666;	0.0;	11.066666666666666;	4.733333333333333;	0.0
1378559365;	2;	5199.998608;	88.399976336;	1.7;	8359936.0;	201324.53333333333;	0.0;	10.266666666666667;	4.733333333333333;	0.0
1378559665;	2;	5199.998608;	86.66664346666667;	1.6666666666666665;	8359936.0;	117438.4;	0.0;	10.333333333333334;	4.666666666666667;	0.0
1378559965;	2;	5199.998608;	84.93331059733335;	1.6333333333333335;	8359936.0;	106254.13333333333;	0.0;	10.2;	4.6;	0.0
1378560265;	2;	5199.998608;	86.66664346666667;	1.6666666666666665;	8359936.0;	128624.26666666666;	0.0;	10.333333333333334;	4.6;	0.0
1378560565;	2;	5199.998608;	84.93331059733335;	1.6333333333333335;	8359936.0;	134217.06666666668;	0.0;	10.266666666666667;	4.6;	0.0
1378560865;	2;	5199.998608;	81.46664485866667;	1.5666666666666667;	8359936.0;	145401.06666666668;	0.0;	10.133333333333333;	4.666666666666667;	0.0
1378561165;	2;	5199.998608;	109.199970768;	2.1;	8359936.0;	335543.2;	0.0;	15.466666666666667;	4.733333333333333;	0.0
1378561465;	2;	5199.998608;	79.73331198933333;	1.5333333333333334;	8359936.0;	190140.26666666666;	0.0;	10.2;	4.666666666666667;	0.0
1378561765;	2;	5199.998608;	84.93331059733335;	1.6333333333333335;	8359936.0;	100662.4;	0.0;	10.2;	4.666666666666667;	0.0
1378562065;	2;	5199.998608;	88.399976336;	1.7;	8359936.0;	134216.0;	0.0;	10.133333333333333;	4.733333333333333;	0.0
1378562366;	2;	5199.998608;	84.93331059733335;	1.6333333333333335;	8359936.0;	83884.0;	0.0;	10.2;	4.8;	0.0
1378562666;	2;	5199.998608;	86.66664346666667;	1.6666666666666665;	8359936.0;	206917.86666666667;	0.0;	11.066666666666666;	4.733333333333333;	0.06666666666666667
1378562966;	2;	5199.998608;	88.399976336;	1.7;	8359936.0;	178956.26666666666;	0.0;	10.866666666666667;	4.733333333333333;	0.0
1378563266;	2;	5199.998608;	84.93331059733335;	1.6333333333333335;	8359936.0;	246064.0;	0.0;	10.0;	4.666666666666667;	0.0
1378563566;	2;	5199.998608;	88.399976336;	1.7;	8359936.0;	83884.0;	0.0;	10.0;	4.466666666666667;	0.0
1378563866;	2;	5199.998608;	84.93331059733335;	1.6333333333333335;	8359936.0;	83884.0;	0.0;	10.266666666666667;	4.666666666666667;	0.0
1378564166;	2;	5199.998608;	84.93331059733335;	1.6333333333333335;	8359936.0;	33553.6;	0.0;	10.066666666666666;	4.666666666666667;	0.0
1378564466;	2;	5199.998608;	86.66664346666667;	1.6666666666666665;	8359936.0;	100661.6;	0.0;	10.4;	4.666666666666667;	0.0
1378564766;	2;	5199.998608;	109.199970768;	2.1;	8359936.0;	201325.6;	0.0;	15.466666666666667;	4.666666666666667;	0.0
1378565066;	2;	5199.998608;	84.93331059733335;	1.6333333333333335;	8359936.0;	106254.93333333333;	0.0;	10.2;	4.733333333333333;	0.0
1378565366;	2;	5199.998608;	86.66664346666667;	1.6666666666666665;	8359936.0;	50330.666666666664;	0.0;	10.066666666666666;	4.8;	0.0
1378565666;	2;	5199.998608;	84.93331059733335;	1.6333333333333335;	8359936.0;	134216.0;	0.0;	10.266666666666667;	4.8;	0.0
1378565966;	2;	5199.998608;	83.199977728;	1.6;	8359936.0;	50331.2;	0.0;	10.2;	4.733333333333333;	0.0
1378566266;	2;	5199.998608;	100.53330642133332;	1.9333333333333333;	8359936.0;	83884.0;	0.0;	11.0;	4.666666666666667;	0.0
1378566566;	2;	5199.998608;	98.799973552;	1.9;	8359936.0;	117438.4;	0.0;	10.266666666666667;	4.8;	0.0
1378566866;	2;	5199.998608;	97.06664068266666;	1.8666666666666665;	8359936.0;	150994.4;	0.0;	10.266666666666667;	4.6;	0.0
1378567166;	2;	5199.998608;	100.53330642133332;	1.9333333333333333;	8359936.0;	128624.26666666666;	0.0;	10.266666666666667;	4.666666666666667;	0.0
1378567466;	2;	5199.998608;	88.399976336;	1.7;	8359936.0;	162179.46666666667;	0.0;	10.133333333333333;	4.666666666666667;	0.0
1378567766;	2;	5199.998608;	97.06664068266666;	1.8666666666666665;	8359936.0;	134217.33333333334;	0.0;	10.133333333333333;	4.6;	0.0
1378568066;	2;	5199.998608;	90.13330920533333;	1.7333333333333334;	8359936.0;	145400.53333333333;	0.0;	10.266666666666667;	4.6;	0.0
1378568366;	2;	5199.998608;	117.86663511466666;	2.2666666666666666;	8359936.0;	218102.93333333332;	0.0;	15.866666666666667;	4.733333333333333;	0.0
1378568666;	2;	5199.998608;	93.59997494400001;	1.8;	8359936.0;	83885.06666666667;	0.0;	10.2;	4.733333333333333;	0.0
1378568966;	2;	5199.998608;	98.799973552;	1.9;	8359936.0;	27961.866666666665;	0.0;	10.266666666666667;	4.8;	0.0
1378569266;	2;	5199.998608;	91.86664207466667;	1.7666666666666666;	8359936.0;	201324.8;	0.0;	10.2;	4.666666666666667;	0.0
1378569566;	2;	5199.998608;	97.06664068266666;	1.8666666666666665;	8359936.0;	67108.26666666666;	0.0;	10.133333333333333;	4.6;	0.0
1378569866;	2;	5199.998608;	90.13330920533333;	1.7333333333333334;	8359936.0;	117440.0;	0.0;	11.066666666666666;	4.6;	0.0
1378570166;	2;	5199.998608;	91.86664207466667;	1.7666666666666666;	8359936.0;	100661.33333333333;	0.0;	10.6;	4.6;	0.0
1378570466;	2;	5199.998608;	93.59997494400001;	1.8;	8359936.0;	72700.0;	0.0;	10.333333333333334;	4.666666666666667;	0.0
1378570766;	2;	5199.998608;	90.13330920533333;	1.7333333333333334;	8359936.0;	128624.0;	0.0;	10.133333333333333;	4.666666666666667;	0.0
1378571066;	2;	5199.998608;	93.59997494400001;	1.8;	8359936.0;	95069.33333333333;	0.0;	10.466666666666667;	4.733333333333333;	0.0
1378571366;	2;	5199.998608;	93.59997494400001;	1.8;	8359936.0;	100662.4;	0.0;	10.066666666666666;	4.466666666666667;	0.0
1378571666;	2;	5199.998608;	95.33330781333333;	1.8333333333333335;	8359936.0;	111847.2;	0.0;	10.333333333333334;	4.666666666666667;	0.0
1378571966;	2;	5199.998608;	117.86663511466666;	2.2666666666666666;	8359936.0;	145401.06666666668;	0.0;	15.733333333333333;	4.8;	0.0
1378572266;	2;	5199.998608;	90.13330920533333;	1.7333333333333334;	8359936.0;	167770.4;	0.0;	10.266666666666667;	4.666666666666667;	0.0
1378572566;	2;	5199.998608;	90.13330920533333;	1.7333333333333334;	8359936.0;	111846.66666666667;	0.0;	10.066666666666666;	4.666666666666667;	0.0
1378572866;	2;	5199.998608;	93.59997494400001;	1.8;	8359936.0;	95069.86666666667;	0.0;	10.333333333333334;	4.733333333333333;	0.0
1378573166;	2;	5199.998608;	90.13330920533333;	1.7333333333333334;	8359936.0;	106254.66666666667;	0.0;	10.066666666666666;	4.6;	0.0
1378573466;	2;	5199.998608;	93.59997494400001;	1.8;	8359936.0;	167771.2;	0.0;	11.0;	4.733333333333333;	0.06666666666666667
1378573766;	2;	5199.998608;	105.73330502933334;	2.033333333333333;	8359936.0;	184548.8;	0.0;	10.733333333333333;	4.6;	0.0
1378574066;	2;	5199.998608;	95.33330781333333;	1.8333333333333335;	8359936.0;	162178.4;	0.0;	10.133333333333333;	4.666666666666667;	0.0
1378574367;	2;	5199.998608;	84.93331059733335;	1.6333333333333335;	8359936.0;	117438.4;	0.0;	10.333333333333334;	4.6;	0.0
1378574667;	2;	5199.998608;	90.13330920533333;	1.7333333333333334;	8359936.0;	83884.0;	0.0;	10.266666666666667;	4.733333333333333;	0.0
1378574967;	2;	5199.998608;	93.59997494400001;	1.8;	8359936.0;	123032.53333333334;	0.0;	10.266666666666667;	4.866666666666666;	0.0
1378575267;	2;	5199.998608;	90.13330920533333;	1.7333333333333334;	8359936.0;	100661.6;	0.0;	10.333333333333334;	4.733333333333333;	0.0
1378575567;	2;	5199.998608;	112.66663650666665;	2.1666666666666665;	8359936.0;	201324.8;	0.0;	15.533333333333333;	4.8;	0.0
1378575867;	2;	5199.998608;	90.13330920533333;	1.7333333333333334;	8359936.0;	139809.33333333334;	0.0;	10.266666666666667;	4.866666666666666;	0.0
1378576167;	2;	5199.998608;	93.59997494400001;	1.8;	8359936.0;	111846.4;	0.0;	10.266666666666667;	4.8;	0.0
1378576467;	2;	5199.998608;	97.06664068266666;	1.8666666666666665;	8359936.0;	167771.2;	0.0;	10.133333333333333;	4.6;	0.0
1378576767;	2;	5199.998608;	91.86664207466667;	1.7666666666666666;	8359936.0;	128623.46666666666;	0.0;	10.133333333333333;	4.8;	0.0
1378577067;	2;	5199.998608;	93.59997494400001;	1.8;	8359936.0;	117439.46666666666;	0.0;	11.133333333333333;	4.866666666666666;	0.0
1378577367;	2;	5199.998608;	95.33330781333333;	1.8333333333333335;	8359936.0;	139808.8;	0.0;	10.266666666666667;	4.733333333333333;	0.0
1378577667;	2;	5199.998608;	91.86664207466667;	1.7666666666666666;	8359936.0;	95069.86666666667;	0.0;	10.2;	4.666666666666667;	0.0
1378577967;	2;	5199.998608;	84.93331059733335;	1.6333333333333335;	8359936.0;	128623.46666666666;	0.0;	10.2;	4.666666666666667;	0.0
1378578267;	2;	5199.998608;	95.33330781333333;	1.8333333333333335;	8359936.0;	134216.8;	0.0;	10.133333333333333;	4.733333333333333;	0.0
1378578567;	2;	5199.998608;	97.06664068266666;	1.8666666666666665;	8359936.0;	111846.66666666667;	0.0;	10.333333333333334;	4.666666666666667;	0.0
1378578867;	2;	5199.998608;	91.86664207466667;	1.7666666666666666;	8359936.0;	72699.73333333334;	0.0;	10.133333333333333;	4.733333333333333;	0.0
1378579167;	2;	5199.998608;	112.66663650666665;	2.1666666666666665;	8359936.0;	268433.6;	0.0;	15.6;	4.8;	0.0
1378579467;	2;	5199.998608;	91.86664207466667;	1.7666666666666666;	8359936.0;	162178.13333333333;	0.0;	10.066666666666666;	4.6;	0.0
1378579767;	2;	5199.998608;	95.33330781333333;	1.8333333333333335;	8359936.0;	134217.06666666668;	0.0;	10.333333333333334;	4.666666666666667;	0.0
1378580067;	2;	5199.998608;	93.59997494400001;	1.8;	8359936.0;	128624.26666666666;	0.0;	10.2;	4.666666666666667;	0.0
1378580367;	2;	5199.998608;	93.59997494400001;	1.8;	8359936.0;	39145.86666666667;	0.0;	10.2;	4.6;	0.0
1378580667;	2;	5199.998608;	95.33330781333333;	1.8333333333333335;	8359936.0;	95069.6;	0.0;	11.133333333333333;	4.733333333333333;	0.0
1378580967;	2;	5199.998608;	102.26663929066666;	1.9666666666666666;	8359936.0;	145401.33333333334;	0.0;	10.333333333333334;	4.666666666666667;	0.0
1378581267;	2;	5199.998608;	95.33330781333333;	1.8333333333333335;	8359936.0;	111846.66666666667;	0.0;	10.2;	4.6;	0.0
1378581567;	2;	5199.998608;	88.399976336;	1.7;	8359936.0;	55922.666666666664;	0.0;	10.2;	4.533333333333333;	0.0
1378581867;	2;	5199.998608;	95.33330781333333;	1.8333333333333335;	8359936.0;	83884.0;	0.0;	10.066666666666666;	4.6;	0.0
1378582167;	2;	5199.998608;	91.86664207466667;	1.7666666666666666;	8359936.0;	117439.2;	0.0;	10.0;	4.666666666666667;	0.0
1378582467;	2;	5199.998608;	91.86664207466667;	1.7666666666666666;	8359936.0;	78292.0;	0.0;	10.4;	4.733333333333333;	0.0
1378582767;	2;	5199.998608;	110.93330363733334;	2.1333333333333333;	8359936.0;	251656.8;	0.0;	15.6;	4.8;	0.0
1378583067;	2;	5199.998608;	90.13330920533333;	1.7333333333333334;	8359936.0;	150992.8;	0.0;	10.133333333333333;	4.666666666666667;	0.0
1378583368;	2;	5199.998608;	90.13330920533333;	1.7333333333333334;	8359936.0;	83884.8;	0.0;	10.066666666666666;	4.733333333333333;	0.0
1378583668;	2;	5199.998608;	93.59997494400001;	1.8;	8359936.0;	184548.8;	0.0;	10.333333333333334;	4.866666666666666;	0.0
1378583968;	2;	5199.998608;	88.399976336;	1.7;	8359936.0;	167772.0;	0.0;	10.266666666666667;	4.8;	0.0
1378584268;	2;	5199.998608;	91.86664207466667;	1.7666666666666666;	8359936.0;	50330.4;	0.0;	11.266666666666667;	4.866666666666666;	0.0
1378584568;	2;	5199.998608;	100.53330642133332;	1.9333333333333333;	8359936.0;	100661.6;	0.0;	10.666666666666666;	4.8;	0.0
1378584868;	2;	5199.998608;	90.13330920533333;	1.7333333333333334;	8359936.0;	72699.46666666666;	0.0;	10.266666666666667;	4.666666666666667;	0.0
1378585168;	2;	5199.998608;	86.66664346666667;	1.6666666666666665;	8359936.0;	61514.933333333334;	0.0;	10.066666666666666;	4.6;	0.0
1378585468;	2;	5199.998608;	90.13330920533333;	1.7333333333333334;	8359936.0;	100661.6;	0.0;	10.2;	4.733333333333333;	0.0
1378585768;	2;	5199.998608;	103.99997216;	2.0;	8359936.0;	89477.86666666667;	0.0;	10.333333333333334;	4.533333333333333;	0.0
1378586068;	2;	5199.998598;	129.99996495;	2.5;	8359936.0;	0.0;	0.0;	8.0;	1.0;	0.0
1378586368;	2;	5199.998598;	154.266625074;	2.966666666666667;	8359936.0;	251657.06666666668;	0.0;	15.533333333333333;	4.666666666666667;	0.0
1378586668;	2;	5199.998598;	133.46663068200002;	2.566666666666667;	8359936.0;	123031.46666666666;	0.0;	10.2;	4.666666666666667;	0.0
1378586968;	2;	5199.998598;	126.53329921800001;	2.4333333333333336;	8359936.0;	128623.73333333334;	0.0;	10.466666666666667;	4.533333333333333;	0.0
1378587268;	2;	5199.998598;	114.39996915600001;	2.2;	8359936.0;	100662.13333333333;	0.0;	10.333333333333334;	4.6;	0.0
1378587568;	2;	5199.998598;	110.933303424;	2.1333333333333333;	8359936.0;	134216.0;	0.0;	10.266666666666667;	4.666666666666667;	0.0
1378587868;	2;	5199.998598;	117.86663488800001;	2.2666666666666666;	8359936.0;	128624.0;	0.0;	11.266666666666667;	4.733333333333333;	0.0
1378588168;	2;	5199.998598;	112.66663628999999;	2.1666666666666665;	8359936.0;	167770.4;	0.0;	10.4;	4.6;	0.0
1378588468;	2;	5199.998598;	114.39996915600001;	2.2;	8359936.0;	50330.933333333334;	0.0;	10.333333333333334;	4.666666666666667;	0.0
1378588768;	2;	5199.998598;	114.39996915600001;	2.2;	8359936.0;	44738.13333333333;	0.0;	10.0;	4.666666666666667;	0.0
1378589068;	2;	5199.998598;	109.199970558;	2.1;	8359936.0;	44738.13333333333;	0.0;	10.266666666666667;	4.6;	0.0
1378589368;	2;	5199.998598;	119.59996775399999;	2.3;	8359936.0;	44738.13333333333;	0.0;	10.266666666666667;	4.6;	0.0
1378589668;	2;	5199.998598;	116.13330202200001;	2.2333333333333334;	8359936.0;	128624.8;	0.0;	10.333333333333334;	4.666666666666667;	0.0
1378589968;	2;	5199.998598;	142.133295012;	2.733333333333333;	8359936.0;	279618.93333333335;	0.0;	15.866666666666667;	4.8;	0.0
1378590268;	2;	5199.998598;	121.33330062;	2.3333333333333335;	8359936.0;	162177.6;	0.0;	10.466666666666667;	4.666666666666667;	0.0
1378590568;	2;	5199.998598;	121.33330062;	2.3333333333333335;	8359936.0;	111847.46666666666;	0.0;	10.066666666666666;	4.666666666666667;	0.0
1378590868;	2;	5199.998598;	109.199970558;	2.1;	8359936.0;	33554.4;	0.0;	11.2;	4.666666666666667;	0.0
1378591168;	2;	5199.998598;	116.13330202200001;	2.2333333333333334;	8359936.0;	117439.2;	0.0;	10.266666666666667;	4.733333333333333;	0.0
1378591468;	2;	5199.998598;	114.39996915600001;	2.2;	8359936.0;	150993.6;	0.0;	11.066666666666666;	4.733333333333333;	0.0
1378591768;	2;	5199.998598;	117.86663488800001;	2.2666666666666666;	8359936.0;	156586.4;	0.0;	10.466666666666667;	4.6;	0.0
1378592068;	2;	5199.998598;	124.799966352;	2.4;	8359936.0;	167770.4;	0.0;	10.266666666666667;	4.666666666666667;	0.0
1378592368;	2;	5199.998598;	126.53329921800001;	2.4333333333333336;	8359936.0;	111847.46666666666;	0.0;	10.2;	4.6;	0.0
1378592668;	2;	5199.998598;	116.13330202200001;	2.2333333333333334;	8359936.0;	67107.2;	0.0;	10.133333333333333;	4.6;	0.0
1378592968;	2;	5199.998598;	123.06663348600001;	2.3666666666666667;	8359936.0;	78292.53333333334;	0.0;	10.066666666666666;	4.733333333333333;	0.0
1378593269;	2;	5199.998598;	123.06663348600001;	2.3666666666666667;	8359936.0;	123030.93333333333;	0.0;	10.4;	4.533333333333333;	0.0
1378593569;	2;	5199.998598;	195.86661385800002;	3.766666666666667;	8359936.0;	268433.6;	0.0;	47.2;	6.666666666666667;	2.6666666666666665
1378593869;	2;	5199.998598;	135.19996354800003;	2.6;	8359936.0;	301988.26666666666;	0.0;	13.533333333333333;	4.733333333333333;	0.0
1378594169;	2;	5199.998598;	121.33330062;	2.3333333333333335;	8359936.0;	83884.0;	0.0;	10.266666666666667;	4.6;	0.0
1378594469;	2;	5199.998598;	124.799966352;	2.4;	8359936.0;	39145.86666666667;	0.0;	10.266666666666667;	4.666666666666667;	0.0
1378594769;	2;	5199.998598;	124.799966352;	2.4;	8359936.0;	95069.33333333333;	0.0;	10.133333333333333;	4.666666666666667;	0.0
1378595069;	2;	5199.998598;	128.266632084;	2.466666666666667;	8359936.0;	83884.8;	0.0;	11.133333333333333;	4.733333333333333;	0.06666666666666667
1378595369;	2;	5199.998598;	123.06663348600001;	2.3666666666666667;	8359936.0;	111846.66666666667;	0.0;	11.133333333333333;	4.733333333333333;	0.0
1378595669;	2;	5199.998598;	124.799966352;	2.4;	8359936.0;	123031.46666666666;	0.0;	10.4;	4.733333333333333;	0.0
1378595969;	2;	5199.998598;	121.33330062;	2.3333333333333335;	8359936.0;	55923.2;	0.0;	10.142857142857142;	4.733333333333333;	0.0
1378596269;	2;	5199.998598;	129.99996495;	2.5;	8359936.0;	100661.6;	0.0;	9.714285714285714;	4.733333333333333;	0.0
1378596569;	2;	5199.998598;	117.86663488800001;	2.2666666666666666;	8359936.0;	100661.6;	0.0;	10.266666666666667;	4.6;	0.0
1378596869;	2;	5199.998598;	117.86663488800001;	2.2666666666666666;	8359936.0;	22369.333333333332;	0.0;	10.333333333333334;	4.666666666666667;	0.0
1378597169;	2;	5199.998598;	142.133295012;	2.733333333333333;	8359936.0;	218102.4;	0.0;	15.533333333333333;	4.733333333333333;	0.0
1378597469;	2;	5199.998598;	121.33330062;	2.3333333333333335;	8359936.0;	139808.8;	0.0;	10.066666666666666;	4.733333333333333;	0.0
1378597769;	2;	5199.998598;	121.33330062;	2.3333333333333335;	8359936.0;	95069.06666666667;	0.0;	10.266666666666667;	4.733333333333333;	0.0
1378598069;	2;	5199.998598;	121.33330062;	2.3333333333333335;	8359936.0;	111846.93333333333;	0.0;	10.066666666666666;	4.6;	0.0
1378598369;	2;	5199.998598;	116.13330202200001;	2.2333333333333334;	8359936.0;	178956.26666666666;	0.0;	10.266666666666667;	4.8;	0.0
1378598669;	2;	5199.998598;	116.13330202200001;	2.2333333333333334;	8359936.0;	150993.6;	0.0;	10.866666666666667;	4.733333333333333;	0.06666666666666667
1378598969;	2;	5199.998598;	119.59996775399999;	2.3;	8359936.0;	117439.2;	0.0;	10.533333333333333;	4.733333333333333;	0.0
1378599269;	2;	5199.998598;	117.86663488800001;	2.2666666666666666;	8359936.0;	150993.6;	0.0;	13.8;	4.666666666666667;	0.13333333333333333
1378599569;	2;	5199.998598;	119.59996775399999;	2.3;	8359936.0;	83884.0;	0.0;	10.2;	4.8;	0.0
1378599869;	2;	5199.998598;	119.59996775399999;	2.3;	8359936.0;	83884.53333333334;	0.0;	10.266666666666667;	4.733333333333333;	0.0
1378600169;	2;	5199.998598;	123.06663348600001;	2.3666666666666667;	8359936.0;	100661.6;	0.0;	10.133333333333333;	4.733333333333333;	0.0
1378600469;	2;	5199.998598;	110.933303424;	2.1333333333333333;	8359936.0;	139809.06666666668;	0.0;	10.533333333333333;	4.733333333333333;	0.0
1378600769;	2;	5199.998598;	143.86662787800003;	2.766666666666667;	8359936.0;	173362.93333333332;	0.0;	15.533333333333333;	4.866666666666666;	0.0
1378601069;	2;	5199.998598;	121.33330062;	2.3333333333333335;	8359936.0;	150994.4;	0.0;	10.466666666666667;	4.8;	0.0
1378601369;	2;	5199.998598;	116.13330202200001;	2.2333333333333334;	8359936.0;	67107.2;	0.0;	10.2;	4.733333333333333;	0.0
1378601669;	2;	5199.998598;	110.933303424;	2.1333333333333333;	8359936.0;	100661.6;	0.0;	10.266666666666667;	4.733333333333333;	0.0
1378601970;	2;	5199.998598;	112.66663628999999;	2.1666666666666665;	8359936.0;	134216.8;	0.0;	10.0;	4.8;	0.0
1378602269;	2;	5199.998598;	114.39996915600001;	2.2;	8359936.0;	234879.2;	0.0;	11.0;	4.8;	0.0
1378602569;	2;	5199.998598;	116.13330202200001;	2.2333333333333334;	8359936.0;	167770.4;	0.0;	10.6;	4.733333333333333;	0.0
1378602869;	2;	5199.998598;	114.39996915600001;	2.2;	8359936.0;	83884.0;	0.0;	10.533333333333333;	4.733333333333333;	0.0
1378603169;	2;	5199.998598;	114.39996915600001;	2.2;	8359936.0;	50330.4;	0.0;	10.133333333333333;	4.666666666666667;	0.0
1378603469;	2;	5199.998598;	112.66663628999999;	2.1666666666666665;	8359936.0;	128624.0;	0.0;	10.4;	4.6;	0.0
1378603769;	2;	5199.998598;	114.39996915600001;	2.2;	8359936.0;	145401.06666666668;	0.0;	10.2;	4.666666666666667;	0.0
1378604069;	2;	5199.998598;	114.39996915600001;	2.2;	8359936.0;	162177.86666666667;	0.0;	10.466666666666667;	4.666666666666667;	0.0
1378604369;	2;	5199.998598;	133.46663068200002;	2.566666666666667;	8359936.0;	307581.3333333333;	0.0;	15.666666666666666;	4.666666666666667;	0.0
1378604669;	2;	5199.998598;	114.39996915600001;	2.2;	8359936.0;	145401.6;	0.0;	10.2;	4.733333333333333;	0.0
1378604969;	2;	5199.998598;	110.933303424;	2.1333333333333333;	8359936.0;	156586.13333333333;	0.0;	10.333333333333334;	4.8;	0.0
1378605269;	2;	5199.998598;	110.933303424;	2.1333333333333333;	8359936.0;	72700.26666666666;	0.0;	10.266666666666667;	4.8;	0.0
1378605569;	2;	5199.998598;	112.66663628999999;	2.1666666666666665;	8359936.0;	150993.33333333334;	0.0;	10.4;	4.866666666666666;	0.0
1378605869;	2;	5199.998598;	280.799924292;	5.4;	8359936.0;	206916.8;	0.0;	13.733333333333333;	6.333333333333333;	0.8
1378606169;	2;	5199.998598;	150.799959342;	2.9;	8359936.0;	290803.73333333334;	0.0;	26.0;	11.533333333333333;	0.2
1378606469;	2;	5199.998598;	110.933303424;	2.1333333333333333;	8359936.0;	123032.0;	0.0;	10.133333333333333;	4.666666666666667;	0.0
1378606769;	2;	5199.998598;	112.66663628999999;	2.1666666666666665;	8359936.0;	83885.6;	0.0;	10.266666666666667;	4.6;	0.0
1378607069;	2;	5199.998598;	445.466546562;	8.566666666666666;	8359936.0;	184548.26666666666;	0.0;	18.2;	4.733333333333333;	0.0
1378607369;	2;	5199.998598;	121.33330062;	2.3333333333333335;	8359936.0;	128624.26666666666;	0.0;	10.466666666666667;	4.666666666666667;	0.0
1378607669;	2;	5199.998598;	114.39996915600001;	2.2;	8359936.0;	111846.66666666667;	0.0;	10.266666666666667;	4.6;	0.0
1378607970;	2;	5199.998598;	133.46663068200002;	2.566666666666667;	8359936.0;	262841.86666666664;	0.0;	15.866666666666667;	4.8;	0.0
1378608270;	2;	5199.998598;	112.66663628999999;	2.1666666666666665;	8359936.0;	162178.4;	0.0;	10.333333333333334;	4.6;	0.0
1378608570;	2;	5199.998598;	114.39996915600001;	2.2;	8359936.0;	111848.0;	0.0;	10.133333333333333;	4.533333333333333;	0.0
1378608870;	2;	5199.998598;	114.39996915600001;	2.2;	8359936.0;	55922.666666666664;	0.0;	10.133333333333333;	4.666666666666667;	0.0
1378609170;	2;	5199.998598;	121.33330062;	2.3333333333333335;	8359936.0;	83885.6;	0.0;	10.2;	4.666666666666667;	0.0
1378609470;	2;	5199.998598;	117.86663488800001;	2.2666666666666666;	8359936.0;	139809.6;	0.0;	10.933333333333334;	4.866666666666666;	0.0
1378609770;	2;	5199.998598;	116.13330202200001;	2.2333333333333334;	8359936.0;	83885.6;	0.0;	10.6;	4.666666666666667;	0.0
1378610070;	2;	5199.998598;	114.39996915600001;	2.2;	8359936.0;	128623.46666666666;	0.0;	10.2;	4.666666666666667;	0.0
1378610370;	2;	5199.998598;	114.39996915600001;	2.2;	8359936.0;	83884.0;	0.0;	10.133333333333333;	4.6;	0.0
1378610670;	2;	5199.998598;	109.199970558;	2.1;	8359936.0;	61516.0;	0.0;	10.266666666666667;	4.8;	0.0
1378610970;	2;	5199.998598;	110.933303424;	2.1333333333333333;	8359936.0;	55923.2;	0.0;	10.266666666666667;	4.666666666666667;	0.0
1378611270;	2;	5199.998598;	116.13330202200001;	2.2333333333333334;	8359936.0;	150993.86666666667;	0.0;	10.266666666666667;	4.8;	0.0
1378611570;	2;	5199.998598;	138.66662928000002;	2.666666666666667;	8359936.0;	246064.26666666666;	0.0;	15.533333333333333;	4.733333333333333;	0.0
1378611870;	2;	5199.998598;	119.59996775399999;	2.3;	8359936.0;	150994.13333333333;	0.0;	10.266666666666667;	4.733333333333333;	0.0
1378612170;	2;	5199.998598;	117.86663488800001;	2.2666666666666666;	8359936.0;	33553.6;	0.0;	10.2;	4.6;	0.0
1378612470;	2;	5199.998598;	114.39996915600001;	2.2;	8359936.0;	123032.26666666666;	0.0;	10.466666666666667;	4.733333333333333;	0.0
1378612770;	2;	5199.998598;	112.66663628999999;	2.1666666666666665;	8359936.0;	156586.13333333333;	0.0;	10.0;	4.6;	0.0
1378613070;	2;	5199.998598;	133.46663068200002;	2.566666666666667;	8359936.0;	251656.0;	0.0;	16.266666666666666;	4.733333333333333;	0.2
1378613370;	2;	5199.998598;	112.66663628999999;	2.1666666666666665;	8359936.0;	167772.0;	0.0;	10.6;	4.666666666666667;	0.0
1378613670;	2;	5199.998598;	110.933303424;	2.1333333333333333;	8359936.0;	106254.13333333333;	0.0;	10.333333333333334;	4.666666666666667;	0.0
1378613970;	2;	5199.998598;	112.66663628999999;	2.1666666666666665;	8359936.0;	111846.13333333333;	0.0;	10.333333333333334;	4.6;	0.0
1378614270;	2;	5199.998598;	114.39996915600001;	2.2;	8359936.0;	117439.2;	0.0;	10.333333333333334;	4.733333333333333;	0.0
1378614570;	2;	5199.998598;	119.59996775399999;	2.3;	8359936.0;	117439.2;	0.0;	10.2;	4.666666666666667;	0.0
1378614870;	2;	5199.998598;	116.13330202200001;	2.2333333333333334;	8359936.0;	100662.4;	0.0;	10.266666666666667;	4.6;	0.0
1378615170;	2;	5199.998598;	133.46663068200002;	2.566666666666667;	8359936.0;	212510.66666666666;	0.0;	15.4;	4.8;	0.0
1378615470;	2;	5199.998598;	114.39996915600001;	2.2;	8359936.0;	167771.2;	0.0;	10.266666666666667;	4.733333333333333;	0.0
1378615770;	2;	5199.998598;	114.39996915600001;	2.2;	8359936.0;	67108.0;	0.0;	10.266666666666667;	4.733333333333333;	0.0
1378616070;	2;	5199.998598;	112.66663628999999;	2.1666666666666665;	8359936.0;	44738.13333333333;	0.0;	10.2;	4.733333333333333;	0.0
1378616370;	2;	5199.998598;	109.199970558;	2.1;	8359936.0;	33553.6;	0.0;	10.2;	4.733333333333333;	0.0
1378616670;	2;	5199.998598;	119.59996775399999;	2.3;	8359936.0;	83885.06666666667;	0.0;	11.666666666666666;	4.6;	0.0
1378616970;	2;	5199.998598;	119.59996775399999;	2.3;	8359936.0;	150992.8;	0.0;	10.666666666666666;	4.8;	0.0
1378617270;	2;	5199.998598;	114.39996915600001;	2.2;	8359936.0;	184548.0;	0.0;	10.333333333333334;	4.666666666666667;	0.0
1378617570;	2;	5199.998598;	112.66663628999999;	2.1666666666666665;	8359936.0;	89477.06666666667;	0.0;	10.066666666666666;	4.666666666666667;	0.0
1378617871;	2;	5199.998598;	110.933303424;	2.1333333333333333;	8359936.0;	16776.8;	0.0;	10.066666666666666;	4.6;	0.0
1378618171;	2;	5199.998598;	114.39996915600001;	2.2;	8359936.0;	218101.6;	0.0;	10.2;	4.6;	0.0
1378618471;	2;	5199.998598;	117.86663488800001;	2.2666666666666666;	8359936.0;	167771.73333333334;	0.0;	10.4;	4.666666666666667;	0.0
1378618771;	2;	5199.998598;	135.19996354800003;	2.6;	8359936.0;	341135.4666666667;	0.0;	15.6;	4.8;	0.0
1378619071;	2;	5199.998598;	110.933303424;	2.1333333333333333;	8359936.0;	184549.06666666668;	0.0;	10.2;	4.666666666666667;	0.0
1378619371;	2;	5199.998598;	112.66663628999999;	2.1666666666666665;	8359936.0;	83884.26666666666;	0.0;	10.266666666666667;	4.733333333333333;	0.0
1378619671;	2;	5199.998598;	114.39996915600001;	2.2;	8359936.0;	83885.06666666667;	0.0;	10.466666666666667;	4.666666666666667;	0.0
1378619971;	2;	5199.998598;	112.66663628999999;	2.1666666666666665;	8359936.0;	44739.2;	0.0;	10.333333333333334;	4.666666666666667;	0.0
1378620271;	2;	5199.99926;	138.66664693333334;	2.666666666666667;	8359936.0;	83884.0;	0.0;	7.5;	2.5;	0.0
1378620571;	2;	5199.99926;	98.79998593999998;	1.9;	8359936.0;	72699.46666666666;	0.0;	10.2;	4.6;	0.0
1378620871;	2;	5199.99926;	88.39998742;	1.7;	8359936.0;	139809.33333333334;	0.0;	10.4;	4.666666666666667;	0.0
1378621171;	2;	5199.99926;	97.06665285333331;	1.8666666666666665;	8359936.0;	167771.2;	0.0;	10.133333333333333;	4.666666666666667;	0.0
1378621471;	2;	5199.99926;	93.59998668;	1.8;	8359936.0;	184548.8;	0.0;	10.2;	4.533333333333333;	0.0
1378621771;	2;	5199.99926;	84.93332124666668;	1.6333333333333335;	8359936.0;	156586.13333333333;	0.0;	10.2;	4.666666666666667;	0.0
1378622071;	2;	5199.99926;	86.66665433333331;	1.6666666666666665;	8359936.0;	106254.13333333333;	0.0;	10.333333333333334;	4.733333333333333;	0.0
1378622371;	2;	5199.99926;	110.93331754666666;	2.1333333333333333;	8359936.0;	251656.8;	0.0;	15.6;	4.8;	0.0
1378622671;	2;	5199.99926;	86.66665433333331;	1.6666666666666665;	8359936.0;	145400.8;	0.0;	10.2;	4.6;	0.0
1378622971;	2;	5199.99926;	84.93332124666668;	1.6333333333333335;	8359936.0;	106254.66666666667;	0.0;	10.266666666666667;	4.533333333333333;	0.0
1378623271;	2;	5199.99926;	86.66665433333331;	1.6666666666666665;	8359936.0;	111846.13333333333;	0.0;	10.333333333333334;	4.733333333333333;	0.0
1378623571;	2;	5199.99926;	86.66665433333331;	1.6666666666666665;	8359936.0;	83884.0;	0.0;	10.333333333333334;	4.6;	0.0
1378623871;	2;	5199.99926;	100.53331902666667;	1.9333333333333333;	8359936.0;	83884.0;	0.0;	11.133333333333333;	4.866666666666666;	0.0
1378624171;	2;	5199.99926;	102.26665211333331;	1.9666666666666666;	8359936.0;	111846.93333333333;	0.0;	10.4;	4.733333333333333;	0.0
1378624472;	2;	5199.99926;	83.19998815999999;	1.6;	8359936.0;	117439.2;	0.0;	10.066666666666666;	4.666666666666667;	0.0
1378624772;	2;	5199.99926;	83.19998815999999;	1.6;	8359936.0;	111846.66666666667;	0.0;	10.0;	4.666666666666667;	0.0
1378625072;	2;	5199.99926;	91.86665359333333;	1.7666666666666666;	8359936.0;	106254.13333333333;	0.0;	10.333333333333334;	4.733333333333333;	0.0
1378625372;	2;	5199.99926;	83.19998815999999;	1.6;	8359936.0;	44738.666666666664;	0.0;	10.0;	4.666666666666667;	0.0
1378625672;	2;	5199.99926;	81.46665507333333;	1.5666666666666667;	8359936.0;	123031.73333333334;	0.0;	10.4;	4.733333333333333;	0.0
1378625972;	2;	5199.99926;	103.9999852;	2.0;	8359936.0;	173363.2;	0.0;	15.733333333333333;	4.866666666666666;	0.0
1378626272;	2;	5199.99926;	81.46665507333333;	1.5666666666666667;	8359936.0;	184548.26666666666;	0.0;	10.2;	4.6;	0.0
1378626572;	2;	5199.99926;	84.93332124666668;	1.6333333333333335;	8359936.0;	95069.06666666667;	0.0;	10.066666666666666;	4.666666666666667;	0.0
1378626872;	2;	5199.99926;	83.19998815999999;	1.6;	8359936.0;	50330.666666666664;	0.0;	10.2;	4.533333333333333;	0.0
1378627172;	2;	5199.99926;	83.19998815999999;	1.6;	8359936.0;	106254.13333333333;	0.0;	9.933333333333334;	4.733333333333333;	0.0
1378627472;	2;	5199.99926;	88.39998742;	1.7;	8359936.0;	111846.66666666667;	0.0;	11.133333333333333;	4.8;	0.0
1378627772;	2;	5199.99926;	84.93332124666668;	1.6333333333333335;	8359936.0;	100661.6;	0.0;	10.866666666666667;	4.733333333333333;	0.0
1378628072;	2;	5199.99926;	83.19998815999999;	1.6;	8359936.0;	117439.2;	0.0;	10.2;	4.8;	0.0
1378628372;	2;	5199.99926;	83.19998815999999;	1.6;	8359936.0;	145401.86666666667;	0.0;	10.066666666666666;	4.666666666666667;	0.0
1378628672;	2;	5199.99926;	81.46665507333333;	1.5666666666666667;	8359936.0;	95069.33333333333;	0.0;	10.133333333333333;	4.8;	0.0
1378628972;	2;	5199.99926;	81.46665507333333;	1.5666666666666667;	8359936.0;	27961.333333333332;	0.0;	10.333333333333334;	4.8;	0.0
1378629272;	2;	5199.99926;	83.19998815999999;	1.6;	8359936.0;	195733.6;	0.0;	10.4;	4.666666666666667;	0.0
1378629572;	2;	5199.99926;	102.26665211333331;	1.9666666666666666;	8359936.0;	301988.5333333333;	0.0;	15.666666666666666;	4.8;	0.0
1378629872;	2;	5199.99926;	83.19998815999999;	1.6;	8359936.0;	162178.93333333332;	0.0;	10.066666666666666;	4.733333333333333;	0.0
1378630172;	2;	5199.99926;	84.93332124666668;	1.6333333333333335;	8359936.0;	72701.06666666667;	0.0;	10.133333333333333;	4.6;	0.0
1378630472;	2;	5199.99926;	86.66665433333331;	1.6666666666666665;	8359936.0;	27961.333333333332;	0.0;	10.4;	4.866666666666666;	0.0
1378630772;	2;	5199.99926;	86.66665433333331;	1.6666666666666665;	8359936.0;	83885.6;	0.0;	10.266666666666667;	4.666666666666667;	0.0
1378631073;	2;	5199.99926;	88.39998742;	1.7;	8359936.0;	55922.666666666664;	0.0;	11.0;	4.666666666666667;	0.0
1378631373;	2;	5199.99926;	86.66665433333331;	1.6666666666666665;	8359936.0;	117439.2;	0.0;	10.266666666666667;	4.733333333333333;	0.0
1378631673;	2;	5199.99926;	84.93332124666668;	1.6333333333333335;	8359936.0;	27961.333333333332;	0.0;	10.333333333333334;	4.8;	0.0
1378631973;	2;	5199.99926;	88.39998742;	1.7;	8359936.0;	0.0;	0.0;	10.0;	4.8;	0.0
1378632273;	2;	5199.99926;	88.39998742;	1.7;	8359936.0;	55923.46666666667;	0.0;	10.4;	4.533333333333333;	0.0
1378632573;	2;	5199.99926;	86.66665433333331;	1.6666666666666665;	8359936.0;	100661.6;	0.0;	10.266666666666667;	4.733333333333333;	0.0
1378632873;	2;	5199.99926;	84.93332124666668;	1.6333333333333335;	8359936.0;	83884.0;	0.0;	10.4;	4.666666666666667;	0.0
1378633173;	2;	5199.99926;	109.19998446;	2.1;	8359936.0;	190139.73333333334;	0.0;	15.4;	4.933333333333334;	0.0
1378633473;	2;	5199.99926;	90.13332050666666;	1.7333333333333334;	8359936.0;	156586.66666666666;	0.0;	10.266666666666667;	4.666666666666667;	0.0
1378633773;	2;	5199.99926;	88.39998742;	1.7;	8359936.0;	134216.0;	0.0;	10.133333333333333;	4.733333333333333;	0.0
1378634073;	2;	5199.99926;	83.19998815999999;	1.6;	8359936.0;	33553.6;	0.0;	10.266666666666667;	4.666666666666667;	0.0
1378634373;	2;	5199.99926;	91.86665359333333;	1.7666666666666666;	8359936.0;	67107.2;	0.0;	10.2;	4.666666666666667;	0.0
1378634673;	2;	5199.99926;	95.33331976666666;	1.8333333333333335;	8359936.0;	201325.33333333334;	0.0;	11.133333333333333;	4.733333333333333;	0.0
1378634973;	2;	5199.99926;	84.93332124666668;	1.6333333333333335;	8359936.0;	50330.4;	0.0;	10.666666666666666;	4.733333333333333;	0.0
1378635273;	2;	5199.99926;	83.19998815999999;	1.6;	8359936.0;	61515.73333333333;	0.0;	10.266666666666667;	4.733333333333333;	0.0
1378635573;	2;	5199.99926;	81.46665507333333;	1.5666666666666667;	8359936.0;	72700.26666666666;	0.0;	10.2;	4.733333333333333;	0.0
1378635873;	2;	5199.99926;	86.66665433333331;	1.6666666666666665;	8359936.0;	167771.2;	0.0;	10.4;	4.733333333333333;	0.0
1378636173;	2;	5199.99926;	83.19998815999999;	1.6;	8359936.0;	145402.13333333333;	0.0;	10.266666666666667;	4.666666666666667;	0.0
1378636473;	2;	5199.99926;	83.19998815999999;	1.6;	8359936.0;	190140.8;	0.0;	10.533333333333333;	4.6;	0.0
1378636773;	2;	5199.99926;	103.9999852;	2.0;	8359936.0;	335543.2;	0.0;	15.6;	4.733333333333333;	0.0
1378637073;	2;	5199.99926;	88.39998742;	1.7;	8359936.0;	111846.66666666667;	0.0;	10.2;	4.666666666666667;	0.0
1378637373;	2;	5199.99926;	84.93332124666668;	1.6333333333333335;	8359936.0;	134216.8;	0.0;	10.2;	4.666666666666667;	0.0
1378637673;	2;	5199.99926;	95.33331976666666;	1.8333333333333335;	8359936.0;	150993.6;	0.0;	10.2;	4.733333333333333;	0.0
1378637973;	2;	5199.99864;	111.9999707076923;	2.1538461538461537;	8359936.0;	6452.615384615385;	0.0;	10.416666666666666;	4.75;	0.0
1378638273;	2;	5199.99864;	90.13330975999999;	1.7333333333333334;	8359936.0;	150993.6;	0.0;	11.466666666666667;	4.8;	0.0
1378638573;	2;	5199.99864;	91.86664264;	1.7666666666666666;	8359936.0;	134217.6;	0.0;	10.733333333333333;	4.866666666666666;	0.0
1378638873;	2;	5199.99864;	83.19997824000001;	1.6;	8359936.0;	363505.06666666665;	0.0;	10.333333333333334;	4.666666666666667;	0.0
1378639173;	2;	5199.99864;	83.19997824000001;	1.6;	8359936.0;	134216.8;	0.0;	10.2;	4.8;	0.0
1378639473;	2;	5199.99864;	83.19997824000001;	1.6;	8359936.0;	167771.2;	0.0;	10.133333333333333;	4.733333333333333;	0.0
1378639773;	2;	5199.99864;	83.19997824000001;	1.6;	8359936.0;	33554.4;	0.0;	10.066666666666666;	4.8;	0.0
1378640073;	2;	5199.99864;	83.19997824000001;	1.6;	8359936.0;	50330.4;	0.0;	10.333333333333334;	4.8;	0.0
1378640373;	2;	5199.99864;	102.26663992;	1.9666666666666666;	8359936.0;	201325.6;	0.0;	15.8;	4.733333333333333;	0.0
1378640673;	2;	5199.99864;	77.9999796;	1.5;	8359936.0;	111846.66666666667;	0.0;	10.333333333333334;	4.866666666666666;	0.0
1378640973;	2;	5199.99864;	79.73331248000001;	1.5333333333333334;	8359936.0;	123032.26666666666;	0.0;	10.2;	4.666666666666667;	0.0
1378641273;	2;	5199.99864;	83.19997824000001;	1.6;	8359936.0;	162179.46666666667;	0.0;	10.2;	4.733333333333333;	0.0
1378641573;	2;	5199.99864;	83.19997824000001;	1.6;	8359936.0;	139808.8;	0.0;	10.066666666666666;	4.8;	0.0
1378641873;	2;	5199.99864;	84.93331112;	1.6333333333333335;	8359936.0;	61515.46666666667;	0.0;	11.133333333333333;	4.866666666666666;	0.0
1378642173;	2;	5199.99864;	83.19997824000001;	1.6;	8359936.0;	100661.6;	0.0;	10.466666666666667;	4.6;	0.0
1378642473;	2;	5199.99864;	83.19997824000001;	1.6;	8359936.0;	106254.93333333333;	0.0;	10.066666666666666;	4.8;	0.0
1378642774;	2;	5199.99864;	83.19997824000001;	1.6;	8359936.0;	145402.13333333333;	0.0;	10.133333333333333;	4.8;	0.0
1378643074;	2;	5199.99864;	83.19997824000001;	1.6;	8359936.0;	162178.93333333332;	0.0;	10.333333333333334;	4.733333333333333;	0.0
1378643374;	2;	5199.99864;	81.46664535999999;	1.5666666666666667;	8359936.0;	134216.26666666666;	0.0;	10.133333333333333;	4.666666666666667;	0.0
1378643674;	2;	5199.99864;	81.46664535999999;	1.5666666666666667;	8359936.0;	44738.13333333333;	0.0;	10.4;	4.666666666666667;	0.0
1378643974;	2;	5199.99864;	102.26663992;	1.9666666666666666;	8359936.0;	251656.8;	0.0;	15.733333333333333;	4.733333333333333;	0.0
1378644274;	2;	5199.99864;	83.19997824000001;	1.6;	8359936.0;	145401.86666666667;	0.0;	10.2;	4.6;	0.0
1378644574;	2;	5199.99864;	81.46664535999999;	1.5666666666666667;	8359936.0;	145401.06666666668;	0.0;	10.333333333333334;	4.666666666666667;	0.0
1378644874;	2;	5199.99864;	83.19997824000001;	1.6;	8359936.0;	72699.73333333334;	0.0;	10.266666666666667;	4.666666666666667;	0.0
1378645174;	2;	5199.99864;	83.19997824000001;	1.6;	8359936.0;	83884.0;	0.0;	10.333333333333334;	4.733333333333333;	0.0
1378645474;	2;	5199.99864;	86.66664399999999;	1.6666666666666665;	8359936.0;	83884.8;	0.0;	11.2;	4.733333333333333;	0.0
1378645774;	2;	5199.99864;	77.9999796;	1.5;	8359936.0;	83884.0;	0.0;	10.466666666666667;	4.666666666666667;	0.0
1378646074;	2;	5199.99864;	77.9999796;	1.5;	8359936.0;	50330.4;	0.0;	10.2;	4.6;	0.0
1378646374;	2;	5199.99864;	79.73331248000001;	1.5333333333333334;	8359936.0;	83884.0;	0.0;	10.4;	4.6;	0.0
1378646674;	2;	5199.99864;	79.73331248000001;	1.5333333333333334;	8359936.0;	39145.86666666667;	0.0;	10.266666666666667;	4.6;	0.0
1378646974;	2;	5199.99864;	81.46664535999999;	1.5666666666666667;	8359936.0;	139808.53333333333;	0.0;	10.333333333333334;	4.666666666666667;	0.0
1378647274;	2;	5199.99864;	83.19997824000001;	1.6;	8359936.0;	134216.0;	0.0;	10.6;	4.733333333333333;	0.0
1378647574;	2;	5199.99864;	98.79997415999998;	1.9;	8359936.0;	134216.0;	0.0;	15.6;	4.666666666666667;	0.0
1378647874;	2;	5199.99864;	83.19997824000001;	1.6;	8359936.0;	100662.66666666667;	0.0;	10.4;	4.666666666666667;	0.0
1378648174;	2;	5199.99864;	83.19997824000001;	1.6;	8359936.0;	117439.46666666666;	0.0;	10.2;	4.666666666666667;	0.0
1378648474;	2;	5199.99864;	83.19997824000001;	1.6;	8359936.0;	178955.46666666667;	0.0;	10.4;	4.733333333333333;	0.0
1378648774;	2;	5199.99864;	81.46664535999999;	1.5666666666666667;	8359936.0;	16776.8;	0.0;	10.2;	4.733333333333333;	0.0
1378649074;	2;	5199.99864;	84.93331112;	1.6333333333333335;	8359936.0;	156586.13333333333;	0.0;	11.133333333333333;	4.866666666666666;	0.0
1378649374;	2;	5199.99864;	83.19997824000001;	1.6;	8359936.0;	150994.4;	0.0;	10.933333333333334;	4.666666666666667;	0.0
1378649674;	2;	5199.99864;	77.9999796;	1.5;	8359936.0;	106254.4;	0.0;	10.133333333333333;	4.6;	0.0
1378649974;	2;	5199.99864;	79.73331248000001;	1.5333333333333334;	8359936.0;	134216.0;	0.0;	10.2;	4.733333333333333;	0.0
1378650274;	2;	5199.99864;	83.19997824000001;	1.6;	8359936.0;	67108.0;	0.0;	10.2;	4.733333333333333;	0.0
1378650574;	2;	5199.99864;	83.19997824000001;	1.6;	8359936.0;	100661.6;	0.0;	10.266666666666667;	4.733333333333333;	0.0
1378650874;	2;	5199.99864;	83.19997824000001;	1.6;	8359936.0;	167770.66666666666;	0.0;	10.333333333333334;	4.666666666666667;	0.0
1378651174;	2;	5199.99864;	102.26663992;	1.9666666666666666;	8359936.0;	234880.0;	0.0;	15.466666666666667;	4.866666666666666;	0.0
1378651474;	2;	5199.99864;	83.19997824000001;	1.6;	8359936.0;	106255.2;	0.0;	10.2;	4.8;	0.0
1378651775;	2;	5199.99864;	79.73331248000001;	1.5333333333333334;	8359936.0;	123031.73333333334;	0.0;	10.066666666666666;	4.733333333333333;	0.0
1378652075;	2;	5199.99864;	79.73331248000001;	1.5333333333333334;	8359936.0;	95069.6;	0.0;	10.333333333333334;	4.8;	0.0
1378652375;	2;	5199.99864;	81.46664535999999;	1.5666666666666667;	8359936.0;	67107.2;	0.0;	10.266666666666667;	4.666666666666667;	0.0
1378652675;	2;	5199.99864;	84.93331112;	1.6333333333333335;	8359936.0;	156585.86666666667;	0.0;	11.133333333333333;	4.733333333333333;	0.0
1378652975;	2;	5199.99864;	83.19997824000001;	1.6;	8359936.0;	268434.4;	0.0;	10.266666666666667;	4.6;	0.0
1378653275;	2;	5199.99864;	83.19997824000001;	1.6;	8359936.0;	134216.0;	0.0;	10.266666666666667;	4.733333333333333;	0.0
1378653575;	2;	5199.99864;	83.19997824000001;	1.6;	8359936.0;	55922.666666666664;	0.0;	10.266666666666667;	4.666666666666667;	0.0
1378653875;	2;	5199.99864;	83.19997824000001;	1.6;	8359936.0;	83884.8;	0.0;	10.2;	4.733333333333333;	0.0
1378654175;	2;	5199.99864;	83.19997824000001;	1.6;	8359936.0;	67108.0;	0.0;	10.2;	4.733333333333333;	0.0
1378654475;	2;	5199.99864;	83.19997824000001;	1.6;	8359936.0;	111846.66666666667;	0.0;	10.4;	4.733333333333333;	0.0
1378654775;	2;	5199.99864;	98.79997415999998;	1.9;	8359936.0;	234879.2;	0.0;	15.733333333333333;	4.733333333333333;	0.0
1378655075;	2;	5199.99864;	79.73331248000001;	1.5333333333333334;	8359936.0;	22369.333333333332;	0.0;	10.2;	4.733333333333333;	0.0
1378655375;	2;	5199.99864;	77.9999796;	1.5;	8359936.0;	150994.4;	0.0;	10.333333333333334;	4.733333333333333;	0.0
1378655675;	2;	5199.99864;	77.9999796;	1.5;	8359936.0;	78291.73333333334;	0.0;	10.266666666666667;	4.8;	0.0
1378655975;	2;	5199.99864;	77.9999796;	1.5;	8359936.0;	100661.6;	0.0;	10.2;	4.733333333333333;	0.0
1378656275;	2;	5199.99864;	77.9999796;	1.5;	8359936.0;	167770.66666666666;	0.0;	10.933333333333334;	4.666666666666667;	0.0
1378656575;	2;	5199.99864;	83.19997824000001;	1.6;	8359936.0;	150994.4;	0.0;	10.666666666666666;	4.8;	0.0
1378656875;	2;	5199.99864;	83.19997824000001;	1.6;	8359936.0;	50330.4;	0.0;	10.266666666666667;	4.866666666666666;	0.0
1378657175;	2;	5199.99864;	83.19997824000001;	1.6;	8359936.0;	67107.2;	0.0;	10.066666666666666;	4.866666666666666;	0.0
1378657475;	2;	5199.99864;	77.9999796;	1.5;	8359936.0;	100661.86666666667;	0.0;	10.2;	4.733333333333333;	0.0
1378657775;	2;	5199.99864;	76.26664671999998;	1.4666666666666666;	8359936.0;	268433.6;	0.0;	10.266666666666667;	4.733333333333333;	0.0
1378658076;	2;	5199.99864;	77.9999796;	1.5;	8359936.0;	95069.06666666667;	0.0;	10.466666666666667;	4.733333333333333;	0.0
1378658376;	2;	5199.99864;	93.59997552;	1.8;	8359936.0;	285211.2;	0.0;	15.333333333333334;	4.866666666666666;	0.0
1378658676;	2;	5199.99864;	77.9999796;	1.5;	8359936.0;	111846.13333333333;	0.0;	10.133333333333333;	4.6;	0.0
1378658976;	2;	5199.99864;	76.26664671999998;	1.4666666666666666;	8359936.0;	134217.06666666668;	0.0;	10.133333333333333;	4.666666666666667;	0.0
1378659276;	2;	5199.99864;	76.26664671999998;	1.4666666666666666;	8359936.0;	78291.73333333334;	0.0;	10.333333333333334;	4.6;	0.0
1378659576;	2;	5199.99864;	77.9999796;	1.5;	8359936.0;	83884.0;	0.0;	10.266666666666667;	4.666666666666667;	0.0
1378659876;	2;	5199.99864;	81.46664535999999;	1.5666666666666667;	8359936.0;	128624.26666666666;	0.0;	11.266666666666667;	4.866666666666666;	0.06666666666666667
1378660176;	2;	5199.99864;	77.9999796;	1.5;	8359936.0;	95070.4;	0.0;	10.533333333333333;	4.6;	0.0
1378660476;	2;	5199.99864;	76.26664671999998;	1.4666666666666666;	8359936.0;	89477.6;	0.0;	10.266666666666667;	4.666666666666667;	0.0
1378660776;	2;	5199.99864;	76.26664671999998;	1.4666666666666666;	8359936.0;	61515.2;	0.0;	10.2;	4.466666666666667;	0.0
1378661076;	2;	5199.99864;	77.9999796;	1.5;	8359936.0;	95069.33333333333;	0.0;	10.333333333333334;	4.666666666666667;	0.0
1378661376;	2;	5199.99864;	77.9999796;	1.5;	8359936.0;	111846.66666666667;	0.0;	10.266666666666667;	4.6;	0.0
1378661676;	2;	5199.99864;	77.9999796;	1.5;	8359936.0;	123031.73333333334;	0.0;	10.4;	4.733333333333333;	0.0
1378661976;	2;	5199.99864;	95.3333084;	1.8333333333333335;	8359936.0;	184548.53333333333;	0.0;	16.0;	4.8;	0.0
1378662276;	2;	5199.99864;	76.26664671999998;	1.4666666666666666;	8359936.0;	173363.73333333334;	0.0;	10.2;	4.6;	0.0
1378662576;	2;	5199.99864;	76.26664671999998;	1.4666666666666666;	8359936.0;	212510.4;	0.0;	10.133333333333333;	4.6;	0.0
1378662876;	2;	5199.99864;	79.73331248000001;	1.5333333333333334;	8359936.0;	139809.6;	0.0;	10.266666666666667;	4.533333333333333;	0.0
1378663176;	2;	5199.99864;	81.46664535999999;	1.5666666666666667;	8359936.0;	78292.0;	0.0;	10.266666666666667;	4.533333333333333;	0.0
1378663476;	2;	5199.99864;	76.26664671999998;	1.4666666666666666;	8359936.0;	134216.8;	0.0;	11.066666666666666;	4.666666666666667;	0.0
1378663776;	2;	5199.99864;	77.9999796;	1.5;	8359936.0;	100661.6;	0.0;	10.4;	4.6;	0.0
1378664076;	2;	5199.99864;	77.9999796;	1.5;	8359936.0;	61514.933333333334;	0.0;	10.0;	4.533333333333333;	0.0
1378664376;	2;	5199.99864;	76.26664671999998;	1.4666666666666666;	8359936.0;	83884.0;	0.0;	10.333333333333334;	4.666666666666667;	0.0
1378664676;	2;	5199.99864;	81.46664535999999;	1.5666666666666667;	8359936.0;	83884.0;	0.0;	10.2;	4.6;	0.0
1378664976;	2;	5199.99864;	79.73331248000001;	1.5333333333333334;	8359936.0;	106254.4;	0.0;	10.2;	4.533333333333333;	0.0
1378665276;	2;	5199.99864;	83.19997824000001;	1.6;	8359936.0;	184548.26666666666;	0.0;	10.333333333333334;	4.6;	0.0
1378665576;	2;	5199.99864;	103.9999728;	2.0;	8359936.0;	279618.13333333336;	0.0;	15.466666666666667;	4.6;	0.0
1378665876;	2;	5199.99864;	83.19997824000001;	1.6;	8359936.0;	229286.93333333332;	0.0;	10.2;	4.666666666666667;	0.0
1378666176;	2;	5199.99864;	77.9999796;	1.5;	8359936.0;	145401.06666666668;	0.0;	10.133333333333333;	4.666666666666667;	0.0
1378666476;	2;	5199.99864;	77.9999796;	1.5;	8359936.0;	27961.333333333332;	0.0;	10.066666666666666;	4.6;	0.0
1378666776;	2;	5199.99864;	79.73331248000001;	1.5333333333333334;	8359936.0;	83884.8;	0.0;	10.133333333333333;	4.666666666666667;	0.0
1378667076;	2;	5199.99864;	84.93331112;	1.6333333333333335;	8359936.0;	117439.2;	0.0;	10.933333333333334;	4.666666666666667;	0.0
1378667377;	2;	5199.99864;	83.19997824000001;	1.6;	8359936.0;	83884.8;	0.0;	10.333333333333334;	4.6;	0.0
1378667677;	2;	5199.99864;	81.46664535999999;	1.5666666666666667;	8359936.0;	67107.46666666666;	0.0;	10.4;	4.533333333333333;	0.0
1378667976;	2;	5199.99864;	83.19997824000001;	1.6;	8359936.0;	134216.8;	0.0;	10.066666666666666;	4.533333333333333;	0.0
1378668276;	2;	5199.99864;	83.19997824000001;	1.6;	8359936.0;	167771.2;	0.0;	10.2;	4.6;	0.0
1378668576;	2;	5199.99864;	83.19997824000001;	1.6;	8359936.0;	150993.86666666667;	0.0;	10.2;	4.666666666666667;	0.0
1378668876;	2;	5199.99864;	79.73331248000001;	1.5333333333333334;	8359936.0;	150992.8;	0.0;	10.466666666666667;	4.666666666666667;	0.0
1378669176;	2;	5199.99864;	103.9999728;	2.0;	8359936.0;	178955.46666666667;	0.0;	15.4;	4.6;	0.0
1378669476;	2;	5199.99864;	79.73331248000001;	1.5333333333333334;	8359936.0;	156585.6;	0.0;	10.066666666666666;	4.733333333333333;	0.0
1378669776;	2;	5199.99864;	77.9999796;	1.5;	8359936.0;	95068.8;	0.0;	10.066666666666666;	4.533333333333333;	0.0
1378670076;	2;	5199.99864;	77.9999796;	1.5;	8359936.0;	167771.2;	0.0;	10.133333333333333;	4.666666666666667;	0.0
1378670376;	2;	5199.99864;	79.73331248000001;	1.5333333333333334;	8359936.0;	78292.53333333334;	0.0;	10.266666666666667;	4.6;	0.0
1378670676;	2;	5199.99864;	83.19997824000001;	1.6;	8359936.0;	206917.33333333334;	0.0;	11.066666666666666;	4.666666666666667;	0.0
1378670976;	2;	5199.99864;	83.19997824000001;	1.6;	8359936.0;	318765.6;	0.0;	11.133333333333333;	4.666666666666667;	0.0
1378671276;	2;	5199.99864;	81.46664535999999;	1.5666666666666667;	8359936.0;	83884.0;	0.0;	10.2;	4.533333333333333;	0.0
1378671576;	2;	5199.99864;	76.26664671999998;	1.4666666666666666;	8359936.0;	72700.26666666666;	0.0;	10.2;	4.733333333333333;	0.0
1378671876;	2;	5199.99864;	77.9999796;	1.5;	8359936.0;	218103.2;	0.0;	10.133333333333333;	4.4;	0.0
1378672176;	2;	5199.99864;	77.9999796;	1.5;	8359936.0;	117439.2;	0.0;	10.0;	4.533333333333333;	0.0
1378672477;	2;	5199.99864;	77.9999796;	1.5;	8359936.0;	83884.0;	0.0;	10.2;	4.6;	0.0
1378672777;	2;	5199.99864;	93.59997552;	1.8;	8359936.0;	218103.2;	0.0;	15.4;	4.8;	0.0
1378673077;	2;	5199.99864;	77.9999796;	1.5;	8359936.0;	201325.6;	0.0;	10.133333333333333;	4.666666666666667;	0.0
1378673377;	2;	5199.99864;	76.26664671999998;	1.4666666666666666;	8359936.0;	67108.0;	0.0;	10.133333333333333;	4.6;	0.0
1378673677;	2;	5199.99864;	76.26664671999998;	1.4666666666666666;	8359936.0;	134216.0;	0.0;	10.2;	4.6;	0.0
1378673977;	2;	5199.99864;	76.26664671999998;	1.4666666666666666;	8359936.0;	83884.8;	0.0;	10.2;	4.466666666666667;	0.0
1378674277;	2;	5199.99864;	83.19997824000001;	1.6;	8359936.0;	134216.0;	0.0;	10.933333333333334;	4.8;	0.0
1378674577;	2;	5199.99864;	81.46664535999999;	1.5666666666666667;	8359936.0;	184548.0;	0.0;	10.533333333333333;	4.666666666666667;	0.0
1378674877;	2;	5199.99864;	77.9999796;	1.5;	8359936.0;	106254.93333333333;	0.0;	10.2;	4.4;	0.0
1378675177;	2;	5199.99864;	77.9999796;	1.5;	8359936.0;	150993.6;	0.0;	10.133333333333333;	4.466666666666667;	0.0
1378675477;	2;	5199.99864;	77.9999796;	1.5;	8359936.0;	150993.6;	0.0;	10.0;	4.533333333333333;	0.0
1378675777;	2;	5199.99864;	76.26664671999998;	1.4666666666666666;	8359936.0;	117440.0;	0.0;	10.133333333333333;	4.4;	0.0
1378676077;	2;	5199.99864;	77.9999796;	1.5;	8359936.0;	123031.46666666666;	0.0;	10.266666666666667;	4.6;	0.0
1378676377;	2;	5199.99864;	97.06664127999998;	1.8666666666666665;	8359936.0;	251657.6;	0.0;	15.4;	4.733333333333333;	0.0
1378676677;	2;	5199.99864;	77.9999796;	1.5;	8359936.0;	139809.33333333334;	0.0;	10.266666666666667;	4.533333333333333;	0.0
1378676977;	2;	5199.99864;	83.19997824000001;	1.6;	8359936.0;	44738.666666666664;	0.0;	10.133333333333333;	4.666666666666667;	0.0
1378677277;	2;	5199.99864;	83.19997824000001;	1.6;	8359936.0;	83884.0;	0.0;	11.066666666666666;	4.666666666666667;	0.0
1378677577;	2;	5199.99864;	77.9999796;	1.5;	8359936.0;	100661.6;	0.0;	10.4;	4.6;	0.0
1378677877;	2;	5199.99864;	76.26664671999998;	1.4666666666666666;	8359936.0;	55923.2;	0.0;	11.133333333333333;	4.733333333333333;	0.0
1378678177;	2;	5199.99864;	77.9999796;	1.5;	8359936.0;	139809.33333333334;	0.0;	10.533333333333333;	4.666666666666667;	0.0
1378678477;	2;	5199.99864;	77.9999796;	1.5;	8359936.0;	72699.46666666666;	0.0;	10.266666666666667;	4.666666666666667;	0.0
1378678777;	2;	5199.99864;	77.9999796;	1.5;	8359936.0;	67107.2;	0.0;	10.266666666666667;	4.6;	0.0
1378679077;	2;	5199.99864;	76.26664671999998;	1.4666666666666666;	8359936.0;	83885.06666666667;	0.0;	10.266666666666667;	4.6;	0.0
1378679377;	2;	5199.99864;	79.73331248000001;	1.5333333333333334;	8359936.0;	139809.33333333334;	0.0;	10.066666666666666;	4.666666666666667;	0.0
1378679677;	2;	5199.99864;	79.73331248000001;	1.5333333333333334;	8359936.0;	117438.4;	0.0;	10.2;	4.6;	0.0
1378679977;	2;	5199.99864;	155.9999592;	3.0;	8359936.0;	301988.8;	0.0;	50.93333333333333;	5.533333333333333;	1.9333333333333333
1378680277;	2;	5199.99864;	74.53331384;	1.4333333333333333;	8359936.0;	329950.93333333335;	0.0;	10.2;	4.733333333333333;	0.0
1378680577;	2;	5199.99864;	74.53331384;	1.4333333333333333;	8359936.0;	55923.46666666667;	0.0;	10.4;	4.666666666666667;	0.0
1378680877;	2;	5199.99864;	77.9999796;	1.5;	8359936.0;	95069.33333333333;	0.0;	10.2;	4.733333333333333;	0.0
1378681178;	2;	5199.99864;	76.26664671999998;	1.4666666666666666;	8359936.0;	100661.6;	0.0;	10.4;	4.733333333333333;	0.0
1378681478;	2;	5199.99864;	77.9999796;	1.5;	8359936.0;	117439.46666666666;	0.0;	11.2;	4.666666666666667;	0.06666666666666667
1378681778;	2;	5199.99864;	77.9999796;	1.5;	8359936.0;	246064.8;	0.0;	10.6;	4.733333333333333;	0.0
1378682078;	2;	5199.99864;	79.73331248000001;	1.5333333333333334;	8359936.0;	201325.6;	0.0;	10.357142857142858;	4.6;	0.0
1378682378;	2;	5199.99864;	79.73331248000001;	1.5333333333333334;	8359936.0;	117438.93333333333;	0.0;	10.066666666666666;	4.6;	0.0
1378682678;	2;	5199.99864;	86.66664399999999;	1.6666666666666665;	8359936.0;	50330.4;	0.0;	10.214285714285714;	4.533333333333333;	0.0
1378682978;	2;	5199.99864;	76.26664671999998;	1.4666666666666666;	8359936.0;	50330.933333333334;	0.0;	9.933333333333334;	4.733333333333333;	0.0
1378683278;	2;	5199.99864;	77.9999796;	1.5;	8359936.0;	206917.86666666667;	0.0;	10.466666666666667;	4.666666666666667;	0.0
1378683578;	2;	5199.99864;	93.59997552;	1.8;	8359936.0;	106254.13333333333;	0.0;	15.466666666666667;	4.6;	0.0
1378683878;	2;	5199.99864;	77.9999796;	1.5;	8359936.0;	39146.13333333333;	0.0;	10.066666666666666;	4.6;	0.0
1378684178;	2;	5199.99864;	76.26664671999998;	1.4666666666666666;	8359936.0;	139809.33333333334;	0.0;	10.0;	4.8;	0.0
1378684478;	2;	5199.99864;	77.9999796;	1.5;	8359936.0;	117438.4;	0.0;	10.2;	4.6;	0.0
1378684778;	2;	5199.99864;	76.26664671999998;	1.4666666666666666;	8359936.0;	83884.53333333334;	0.0;	10.2;	4.666666666666667;	0.0
1378685078;	2;	5199.99864;	77.9999796;	1.5;	8359936.0;	72701.06666666667;	0.0;	11.0;	4.8;	0.0
1378685378;	2;	5199.99864;	77.9999796;	1.5;	8359936.0;	139809.33333333334;	0.0;	10.6;	4.733333333333333;	0.0
1378685678;	2;	5199.99864;	79.73331248000001;	1.5333333333333334;	8359936.0;	134216.8;	0.0;	10.133333333333333;	4.733333333333333;	0.0
1378685978;	2;	5199.99864;	79.73331248000001;	1.5333333333333334;	8359936.0;	178956.8;	0.0;	10.333333333333334;	4.666666666666667;	0.0
1378686278;	2;	5199.99864;	76.26664671999998;	1.4666666666666666;	8359936.0;	139808.8;	0.0;	10.333333333333334;	4.8;	0.0
1378686578;	2;	5199.99864;	77.9999796;	1.5;	8359936.0;	139809.33333333334;	0.0;	10.0;	4.6;	0.0
1378686878;	2;	5199.99864;	77.9999796;	1.5;	8359936.0;	229288.0;	0.0;	10.266666666666667;	4.666666666666667;	0.0
1378687178;	2;	5199.99864;	95.3333084;	1.8333333333333335;	8359936.0;	246065.06666666668;	0.0;	15.466666666666667;	4.666666666666667;	0.0
1378687478;	2;	5199.99864;	77.9999796;	1.5;	8359936.0;	83884.8;	0.0;	10.2;	4.733333333333333;	0.0
1378687778;	2;	5199.99864;	76.26664671999998;	1.4666666666666666;	8359936.0;	83884.0;	0.0;	10.266666666666667;	4.733333333333333;	0.0
1378688078;	2;	5199.99864;	77.9999796;	1.5;	8359936.0;	89477.33333333333;	0.0;	10.333333333333334;	4.666666666666667;	0.0
1378688378;	2;	5199.99864;	77.9999796;	1.5;	8359936.0;	190141.06666666668;	0.0;	10.0;	4.666666666666667;	0.0
1378688678;	2;	5199.99864;	83.19997824000001;	1.6;	8359936.0;	184548.26666666666;	0.0;	11.066666666666666;	4.8;	0.0
1378688978;	2;	5199.99864;	79.73331248000001;	1.5333333333333334;	8359936.0;	218102.4;	0.0;	10.4;	4.666666666666667;	0.0
1378689278;	2;	5199.99864;	76.26664671999998;	1.4666666666666666;	8359936.0;	139808.0;	0.0;	10.333333333333334;	4.733333333333333;	0.0
1378689578;	2;	5199.99864;	77.9999796;	1.5;	8359936.0;	167772.0;	0.0;	10.2;	4.666666666666667;	0.0
1378689878;	2;	5199.99864;	77.9999796;	1.5;	8359936.0;	195733.06666666668;	0.0;	10.266666666666667;	4.8;	0.0
1378690178;	2;	5199.99864;	77.9999796;	1.5;	8359936.0;	150993.6;	0.0;	10.133333333333333;	4.6;	0.0
1378690478;	2;	5199.99864;	77.9999796;	1.5;	8359936.0;	184548.8;	0.0;	10.333333333333334;	4.666666666666667;	0.0
1378690778;	2;	5199.99864;	95.3333084;	1.8333333333333335;	8359936.0;	195733.06666666668;	0.0;	15.533333333333333;	4.666666666666667;	0.0
1378691079;	2;	5199.99864;	76.26664671999998;	1.4666666666666666;	8359936.0;	100661.6;	0.0;	10.2;	4.733333333333333;	0.0
1378691379;	2;	5199.99864;	76.26664671999998;	1.4666666666666666;	8359936.0;	78291.73333333334;	0.0;	10.333333333333334;	4.733333333333333;	0.0
1378691679;	2;	5199.99864;	74.53331384;	1.4333333333333333;	8359936.0;	72699.46666666666;	0.0;	10.333333333333334;	4.666666666666667;	0.0
1378691979;	2;	5199.99864;	77.9999796;	1.5;	8359936.0;	106254.4;	0.0;	10.2;	4.666666666666667;	0.0
1378692279;	2;	5199.99864;	263.46659775999996;	5.066666666666666;	8359936.0;	257249.6;	0.0;	87.4;	28.4;	1.3333333333333333
1378692579;	2;	5199.99864;	81.46664535999999;	1.5666666666666667;	8359936.0;	229287.73333333334;	0.0;	11.533333333333333;	4.666666666666667;	0.0
1378692879;	2;	5199.99864;	77.9999796;	1.5;	8359936.0;	55922.666666666664;	0.0;	10.133333333333333;	4.733333333333333;	0.0
1378693179;	2;	5199.99864;	76.26664671999998;	1.4666666666666666;	8359936.0;	117439.46666666666;	0.0;	10.133333333333333;	4.8;	0.0
1378693479;	2;	5199.99864;	77.9999796;	1.5;	8359936.0;	95069.33333333333;	0.0;	10.4;	4.733333333333333;	0.0
1378693779;	2;	5199.99864;	81.46664535999999;	1.5666666666666667;	8359936.0;	173362.93333333332;	0.0;	10.133333333333333;	4.666666666666667;	0.0
1378694079;	2;	5199.99864;	76.26664671999998;	1.4666666666666666;	8359936.0;	67108.53333333334;	0.0;	10.4;	4.866666666666666;	0.0
1378694379;	2;	5199.99864;	95.3333084;	1.8333333333333335;	8359936.0;	201324.8;	0.0;	15.533333333333333;	4.8;	0.0
1378694679;	2;	5199.99864;	79.73331248000001;	1.5333333333333334;	8359936.0;	16776.8;	0.0;	10.266666666666667;	4.666666666666667;	0.0
1378694979;	2;	5199.99864;	77.9999796;	1.5;	8359936.0;	83885.6;	0.0;	10.266666666666667;	4.6;	0.0
1378695279;	2;	5199.99864;	79.73331248000001;	1.5333333333333334;	8359936.0;	178955.73333333334;	0.0;	10.133333333333333;	4.666666666666667;	0.0
1378695579;	2;	5199.99864;	77.9999796;	1.5;	8359936.0;	128623.46666666666;	0.0;	10.2;	4.666666666666667;	0.0
1378695879;	2;	5199.99864;	76.26664671999998;	1.4666666666666666;	8359936.0;	212510.66666666666;	0.0;	11.2;	4.666666666666667;	0.0
1378696179;	2;	5199.99864;	76.26664671999998;	1.4666666666666666;	8359936.0;	150993.6;	0.0;	10.466666666666667;	4.733333333333333;	0.0
1378696479;	2;	5199.99864;	74.53331384;	1.4333333333333333;	8359936.0;	78291.73333333334;	0.0;	10.133333333333333;	4.666666666666667;	0.0
1378696779;	2;	5199.99864;	76.26664671999998;	1.4666666666666666;	8359936.0;	33554.4;	0.0;	10.2;	4.666666666666667;	0.0
1378697079;	2;	5199.99864;	81.46664535999999;	1.5666666666666667;	8359936.0;	61516.26666666667;	0.0;	10.2;	4.666666666666667;	0.0
1378697379;	2;	5199.99864;	77.9999796;	1.5;	8359936.0;	67108.0;	0.0;	10.2;	4.666666666666667;	0.0
1378697679;	2;	5199.99864;	79.73331248000001;	1.5333333333333334;	8359936.0;	83884.8;	0.0;	10.466666666666667;	4.6;	0.0
1378697979;	2;	5199.99864;	91.86664264;	1.7666666666666666;	8359936.0;	268433.6;	0.0;	15.866666666666667;	4.666666666666667;	0.0
1378698279;	2;	5199.99864;	72.79998096;	1.4;	8359936.0;	173362.4;	0.0;	10.266666666666667;	4.666666666666667;	0.0
1378698579;	2;	5199.99864;	74.53331384;	1.4333333333333333;	8359936.0;	145400.53333333333;	0.0;	10.133333333333333;	4.666666666666667;	0.0
1378698879;	2;	5199.99864;	74.53331384;	1.4333333333333333;	8359936.0;	83884.8;	0.0;	10.333333333333334;	4.6;	0.0
1378699180;	2;	5199.99864;	76.26664671999998;	1.4666666666666666;	8359936.0;	83884.0;	0.0;	10.0;	4.666666666666667;	0.0
1378699480;	2;	5199.99864;	76.26664671999998;	1.4666666666666666;	8359936.0;	150993.6;	0.0;	11.0;	4.666666666666667;	0.0
1378699780;	2;	5199.99864;	76.26664671999998;	1.4666666666666666;	8359936.0;	83884.0;	0.0;	10.466666666666667;	4.6;	0.0
1378700080;	2;	5199.99864;	74.53331384;	1.4333333333333333;	8359936.0;	83885.33333333333;	0.0;	10.266666666666667;	4.666666666666667;	0.0
1378700380;	2;	5199.99864;	83.19997824000001;	1.6;	8359936.0;	100661.6;	0.0;	10.2;	4.733333333333333;	0.0
1378700679;	2;	5199.99864;	79.73331248000001;	1.5333333333333334;	8359936.0;	67107.2;	0.0;	10.2;	4.666666666666667;	0.0
1378700979;	2;	5199.99864;	72.79998096;	1.4;	8359936.0;	117439.2;	0.0;	10.066666666666666;	4.666666666666667;	0.0
1378701279;	2;	5199.99864;	76.26664671999998;	1.4666666666666666;	8359936.0;	83884.8;	0.0;	10.266666666666667;	4.733333333333333;	0.0
1378701579;	2;	5199.99864;	91.86664264;	1.7666666666666666;	8359936.0;	240471.46666666667;	0.0;	15.6;	4.666666666666667;	0.0
1378701879;	2;	5199.99864;	83.19997824000001;	1.6;	8359936.0;	173364.26666666666;	0.0;	10.066666666666666;	4.8;	0.0
1378702179;	2;	5199.99864;	76.26664671999998;	1.4666666666666666;	8359936.0;	83884.8;	0.0;	10.133333333333333;	4.666666666666667;	0.0
1378702479;	2;	5199.99864;	74.53331384;	1.4333333333333333;	8359936.0;	67107.2;	0.0;	10.4;	4.8;	0.0
1378702779;	2;	5199.99864;	74.53331384;	1.4333333333333333;	8359936.0;	50330.4;	0.0;	10.133333333333333;	4.733333333333333;	0.0
1378703079;	2;	5199.99864;	93.59997552;	1.8;	8359936.0;	106254.13333333333;	0.0;	16.2;	4.8;	0.06666666666666667
1378703379;	2;	5199.99864;	74.53331384;	1.4333333333333333;	8359936.0;	83884.8;	0.0;	10.533333333333333;	4.8;	0.0
1378703680;	2;	5199.99864;	74.53331384;	1.4333333333333333;	8359936.0;	145401.06666666668;	0.0;	10.333333333333334;	4.6;	0.0
1378703980;	2;	5199.99864;	76.26664671999998;	1.4666666666666666;	8359936.0;	167771.2;	0.0;	10.2;	4.666666666666667;	0.0
1378704280;	2;	5199.99864;	76.26664671999998;	1.4666666666666666;	8359936.0;	201326.4;	0.0;	10.066666666666666;	4.8;	0.0
1378704580;	2;	5199.99864;	74.53331384;	1.4333333333333333;	8359936.0;	134216.8;	0.0;	10.4;	4.6;	0.0
1378704880;	2;	5199.99864;	76.26664671999998;	1.4666666666666666;	8359936.0;	83884.0;	0.0;	10.533333333333333;	4.6;	0.0
1378705180;	2;	5199.99864;	95.3333084;	1.8333333333333335;	8359936.0;	167771.2;	0.0;	15.6;	4.733333333333333;	0.0
1378705480;	2;	5199.99864;	76.26664671999998;	1.4666666666666666;	8359936.0;	83884.0;	0.0;	10.266666666666667;	4.666666666666667;	0.0
1378705780;	2;	5199.99864;	76.26664671999998;	1.4666666666666666;	8359936.0;	167771.2;	0.0;	10.333333333333334;	4.6;	0.0
1378706080;	2;	5199.99864;	81.46664535999999;	1.5666666666666667;	8359936.0;	117438.4;	0.0;	10.066666666666666;	4.666666666666667;	0.0
1378706380;	2;	5199.99864;	76.26664671999998;	1.4666666666666666;	8359936.0;	50330.4;	0.0;	10.0;	4.666666666666667;	0.0
1378706680;	2;	5199.99864;	76.26664671999998;	1.4666666666666666;	8359936.0;	134216.8;	0.0;	11.266666666666667;	4.733333333333333;	0.0
1378706980;	2;	5199.99864;	77.9999796;	1.5;	8359936.0;	0.0;	0.0;	10.4;	4.6;	0.0
1378707280;	2;	5199.99864;	76.26664671999998;	1.4666666666666666;	8359936.0;	83884.8;	0.0;	10.266666666666667;	4.6;	0.0
1378707580;	2;	5199.99864;	74.53331384;	1.4333333333333333;	8359936.0;	128624.8;	0.0;	10.2;	4.666666666666667;	0.0
1378707880;	2;	5199.99864;	76.26664671999998;	1.4666666666666666;	8359936.0;	106254.66666666667;	0.0;	10.133333333333333;	4.666666666666667;	0.0
1378708180;	2;	5199.99864;	77.9999796;	1.5;	8359936.0;	83884.8;	0.0;	10.333333333333334;	4.6;	0.0
1378708480;	2;	5199.99864;	79.73331248000001;	1.5333333333333334;	8359936.0;	100662.66666666667;	0.0;	10.6;	4.666666666666667;	0.0
1378708780;	2;	5199.99864;	91.86664264;	1.7666666666666666;	8359936.0;	201326.4;	0.0;	15.533333333333333;	4.733333333333333;	0.0
1378709080;	2;	5199.99864;	74.53331384;	1.4333333333333333;	8359936.0;	145401.06666666668;	0.0;	10.266666666666667;	4.666666666666667;	0.0
1378709380;	2;	5199.99864;	74.53331384;	1.4333333333333333;	8359936.0;	100661.6;	0.0;	10.266666666666667;	4.6;	0.0
1378709680;	2;	5199.99864;	74.53331384;	1.4333333333333333;	8359936.0;	39145.86666666667;	0.0;	10.333333333333334;	4.733333333333333;	0.0
1378709980;	2;	5199.99864;	77.9999796;	1.5;	8359936.0;	83884.0;	0.0;	10.2;	4.666666666666667;	0.0
1378710280;	2;	5199.99864;	77.9999796;	1.5;	8359936.0;	83884.0;	0.0;	11.333333333333334;	4.6;	0.0
1378710580;	2;	5199.99864;	76.26664671999998;	1.4666666666666666;	8359936.0;	50330.4;	0.0;	10.333333333333334;	4.666666666666667;	0.0
1378710880;	2;	5199.99864;	74.53331384;	1.4333333333333333;	8359936.0;	61514.933333333334;	0.0;	10.333333333333334;	4.6;	0.0
1378711180;	2;	5199.99864;	74.53331384;	1.4333333333333333;	8359936.0;	78291.73333333334;	0.0;	10.333333333333334;	4.533333333333333;	0.0
1378711481;	2;	5199.99864;	74.53331384;	1.4333333333333333;	8359936.0;	178956.26666666666;	0.0;	10.4;	4.6;	0.0
1378711781;	2;	5199.99864;	76.26664671999998;	1.4666666666666666;	8359936.0;	27961.6;	0.0;	10.133333333333333;	4.733333333333333;	0.0
1378712081;	2;	5199.99864;	79.73331248000001;	1.5333333333333334;	8359936.0;	55922.666666666664;	0.0;	10.466666666666667;	4.6;	0.0
1378712381;	2;	5199.99864;	91.86664264;	1.7666666666666666;	8359936.0;	218102.66666666666;	0.0;	15.466666666666667;	4.666666666666667;	0.0
1378712681;	2;	5199.99864;	74.53331384;	1.4333333333333333;	8359936.0;	167770.13333333333;	0.0;	10.066666666666666;	4.733333333333333;	0.0
1378712981;	2;	5199.99864;	76.26664671999998;	1.4666666666666666;	8359936.0;	201324.8;	0.0;	10.266666666666667;	4.666666666666667;	0.0
1378713281;	2;	5199.99864;	77.9999796;	1.5;	8359936.0;	178955.2;	0.0;	10.066666666666666;	4.666666666666667;	0.0
1378713581;	2;	5199.99864;	76.26664671999998;	1.4666666666666666;	8359936.0;	78291.73333333334;	0.0;	10.266666666666667;	4.6;	0.0
1378713881;	2;	5199.99864;	77.9999796;	1.5;	8359936.0;	67107.2;	0.0;	11.133333333333333;	4.666666666666667;	0.0
1378714181;	2;	5199.99864;	76.26664671999998;	1.4666666666666666;	8359936.0;	145401.86666666667;	0.0;	10.666666666666666;	4.666666666666667;	0.0
1378714481;	2;	5199.99864;	76.26664671999998;	1.4666666666666666;	8359936.0;	89477.33333333333;	0.0;	10.266666666666667;	4.666666666666667;	0.0
1378714781;	2;	5199.99864;	79.73331248000001;	1.5333333333333334;	8359936.0;	83884.0;	0.0;	10.133333333333333;	4.6;	0.0
1378715081;	2;	5199.99864;	77.9999796;	1.5;	8359936.0;	173363.2;	0.0;	10.2;	4.666666666666667;	0.0
1378715381;	2;	5199.99864;	74.53331384;	1.4333333333333333;	8359936.0;	78292.8;	0.0;	9.866666666666667;	4.666666666666667;	0.0
1378715681;	2;	5199.99864;	77.9999796;	1.5;	8359936.0;	83884.0;	0.0;	10.4;	4.733333333333333;	0.0
1378715981;	2;	5199.99864;	95.3333084;	1.8333333333333335;	8359936.0;	246064.26666666666;	0.0;	15.866666666666667;	4.933333333333334;	0.0
1378716281;	2;	5199.99864;	74.53331384;	1.4333333333333333;	8359936.0;	134216.53333333333;	0.0;	10.133333333333333;	4.8;	0.0
1378716581;	2;	5199.99864;	76.26664671999998;	1.4666666666666666;	8359936.0;	111846.66666666667;	0.0;	10.2;	4.866666666666666;	0.0
1378716881;	2;	5199.99864;	76.26664671999998;	1.4666666666666666;	8359936.0;	123031.73333333334;	0.0;	10.4;	4.733333333333333;	0.0
1378717181;	2;	5199.99864;	77.9999796;	1.5;	8359936.0;	139808.53333333333;	0.0;	10.6;	4.866666666666666;	0.0
1378717481;	2;	5199.99864;	77.9999796;	1.5;	8359936.0;	162178.66666666666;	0.0;	11.6;	4.8;	0.0
1378717782;	2;	5199.99864;	77.9999796;	1.5;	8359936.0;	95070.66666666667;	0.0;	10.6;	4.733333333333333;	0.0
1378718082;	2;	5199.99864;	76.26664671999998;	1.4666666666666666;	8359936.0;	128624.8;	0.0;	10.4;	4.866666666666666;	0.0
1378718382;	2;	5199.99864;	76.26664671999998;	1.4666666666666666;	8359936.0;	83884.53333333334;	0.0;	10.133333333333333;	4.8;	0.0
1378718682;	2;	5199.99864;	93.59997552;	1.8;	8359936.0;	128624.26666666666;	0.0;	15.266666666666667;	4.733333333333333;	0.0
1378718982;	2;	5199.99864;	76.26664671999998;	1.4666666666666666;	8359936.0;	78293.06666666667;	0.0;	10.133333333333333;	4.733333333333333;	0.0
1378719282;	2;	5199.99864;	76.26664671999998;	1.4666666666666666;	8359936.0;	83884.0;	0.0;	10.2;	4.733333333333333;	0.0
1378719582;	2;	5199.99864;	97.06664127999998;	1.8666666666666665;	8359936.0;	134216.8;	0.0;	15.733333333333333;	4.8;	0.0
1378719882;	2;	5199.99864;	79.73331248000001;	1.5333333333333334;	8359936.0;	111846.93333333333;	0.0;	10.6;	4.866666666666666;	0.0
1378720182;	2;	5199.99864;	77.9999796;	1.5;	8359936.0;	89477.86666666667;	0.0;	10.466666666666667;	4.933333333333334;	0.0
1378720482;	2;	5199.99864;	77.9999796;	1.5;	8359936.0;	111846.66666666667;	0.0;	10.6;	4.866666666666666;	0.0
1378720782;	2;	5199.99864;	83.19997824000001;	1.6;	8359936.0;	162177.86666666667;	0.0;	10.8;	4.733333333333333;	0.0
1378721082;	2;	5199.99864;	81.46664535999999;	1.5666666666666667;	8359936.0;	156586.93333333332;	0.0;	11.733333333333333;	4.866666666666666;	0.0
1378721382;	2;	5199.99864;	81.46664535999999;	1.5666666666666667;	8359936.0;	50331.2;	0.0;	10.733333333333333;	4.8;	0.0
1378721682;	2;	5199.99864;	83.19997824000001;	1.6;	8359936.0;	72700.8;	0.0;	10.6;	4.733333333333333;	0.0
1378721982;	2;	5199.99864;	79.73331248000001;	1.5333333333333334;	8359936.0;	67108.53333333334;	0.0;	10.533333333333333;	4.8;	0.0
1378722282;	2;	5199.99864;	79.73331248000001;	1.5333333333333334;	8359936.0;	95069.6;	0.0;	10.6;	4.733333333333333;	0.0
1378722582;	2;	5199.99864;	81.46664535999999;	1.5666666666666667;	8359936.0;	134216.53333333333;	0.0;	10.4;	4.733333333333333;	0.0
1378722882;	2;	5199.99864;	77.9999796;	1.5;	8359936.0;	83885.06666666667;	0.0;	10.866666666666667;	4.733333333333333;	0.0
1378723182;	2;	5199.99864;	93.59997552;	1.8;	8359936.0;	201325.06666666668;	0.0;	15.733333333333333;	4.866666666666666;	0.0
1378723482;	2;	5199.99864;	77.9999796;	1.5;	8359936.0;	117439.2;	0.0;	10.733333333333333;	4.733333333333333;	0.0
1378723782;	2;	5199.99864;	79.73331248000001;	1.5333333333333334;	8359936.0;	67107.2;	0.0;	10.6;	4.8;	0.0
1378724082;	2;	5199.99864;	76.26664671999998;	1.4666666666666666;	8359936.0;	117439.2;	0.0;	10.533333333333333;	4.8;	0.0
1378724382;	2;	5199.99864;	76.26664671999998;	1.4666666666666666;	8359936.0;	206917.86666666667;	0.0;	10.4;	4.733333333333333;	0.0
1378724682;	2;	5199.99864;	79.73331248000001;	1.5333333333333334;	8359936.0;	106254.66666666667;	0.0;	11.933333333333334;	5.0;	0.06666666666666667
1378724982;	2;	5199.99864;	81.46664535999999;	1.5666666666666667;	8359936.0;	139808.0;	0.0;	10.733333333333333;	4.666666666666667;	0.0
1378725282;	2;	5199.99864;	74.53331384;	1.4333333333333333;	8359936.0;	33554.13333333333;	0.0;	10.466666666666667;	4.733333333333333;	0.0
1378725582;	2;	5199.99864;	76.26664671999998;	1.4666666666666666;	8359936.0;	111847.2;	0.0;	10.466666666666667;	4.8;	0.0
1378725882;	2;	5199.99864;	77.9999796;	1.5;	8359936.0;	212510.93333333332;	0.0;	10.533333333333333;	4.8;	0.0
1378726182;	2;	5199.99864;	76.26664671999998;	1.4666666666666666;	8359936.0;	178956.53333333333;	0.0;	10.466666666666667;	4.866666666666666;	0.0
1378726482;	2;	5199.99864;	81.46664535999999;	1.5666666666666667;	8359936.0;	156587.2;	0.0;	10.866666666666667;	4.866666666666666;	0.0
1378726782;	2;	5199.99864;	95.3333084;	1.8333333333333335;	8359936.0;	195733.06666666668;	0.0;	15.733333333333333;	4.866666666666666;	0.0
1378727082;	2;	5199.99864;	77.9999796;	1.5;	8359936.0;	190140.26666666666;	0.0;	10.6;	4.733333333333333;	0.0
1378727382;	2;	5199.99864;	77.9999796;	1.5;	8359936.0;	184548.0;	0.0;	10.6;	4.733333333333333;	0.0
1378727682;	2;	5199.99864;	76.26664671999998;	1.4666666666666666;	8359936.0;	134216.8;	0.0;	10.466666666666667;	4.8;	0.0
1378727983;	2;	5199.99864;	79.73331248000001;	1.5333333333333334;	8359936.0;	83884.0;	0.0;	10.533333333333333;	4.866666666666666;	0.0
1378728283;	2;	5199.99864;	83.19997824000001;	1.6;	8359936.0;	145401.86666666667;	0.0;	11.4;	4.866666666666666;	0.0
1378728583;	2;	5199.99864;	81.46664535999999;	1.5666666666666667;	8359936.0;	100661.6;	0.0;	10.866666666666667;	4.933333333333334;	0.0
1378728883;	2;	5199.99864;	81.46664535999999;	1.5666666666666667;	8359936.0;	67108.0;	0.0;	10.466666666666667;	4.8;	0.0
1378729183;	2;	5199.99864;	81.46664535999999;	1.5666666666666667;	8359936.0;	117439.2;	0.0;	10.466666666666667;	4.8;	0.0
1378729483;	2;	5199.99864;	79.73331248000001;	1.5333333333333334;	8359936.0;	139808.26666666666;	0.0;	10.666666666666666;	4.733333333333333;	0.0
1378729783;	2;	5199.99864;	83.19997824000001;	1.6;	8359936.0;	173362.93333333332;	0.0;	10.466666666666667;	4.866666666666666;	0.0
1378730083;	2;	5199.99864;	91.86664264;	1.7666666666666666;	8359936.0;	89478.4;	0.0;	10.8;	4.666666666666667;	0.0
1378730383;	2;	5199.99864;	107.46663855999999;	2.0666666666666664;	8359936.0;	218102.4;	0.0;	15.866666666666667;	4.866666666666666;	0.0
1378730683;	2;	5199.99864;	88.39997688;	1.7;	8359936.0;	134216.8;	0.0;	10.666666666666666;	4.733333333333333;	0.0
1378730983;	2;	5199.99864;	90.13330975999999;	1.7333333333333334;	8359936.0;	134216.8;	0.0;	10.666666666666666;	4.733333333333333;	0.0
1378731283;	2;	5199.99864;	90.13330975999999;	1.7333333333333334;	8359936.0;	100661.6;	0.0;	10.533333333333333;	4.866666666666666;	0.0
1378731583;	2;	5199.99864;	90.13330975999999;	1.7333333333333334;	8359936.0;	83884.0;	0.0;	10.533333333333333;	4.733333333333333;	0.0
1378731883;	2;	5199.99864;	93.59997552;	1.8;	8359936.0;	33553.6;	0.0;	11.533333333333333;	4.933333333333334;	0.0
1378732183;	2;	5199.99864;	81.46664535999999;	1.5666666666666667;	8359936.0;	134216.0;	0.0;	10.866666666666667;	4.733333333333333;	0.0
1378732483;	2;	5199.99864;	88.39997688;	1.7;	8359936.0;	106255.2;	0.0;	10.6;	4.733333333333333;	0.0
1378732783;	2;	5199.99864;	88.39997688;	1.7;	8359936.0;	39146.13333333333;	0.0;	10.4;	4.866666666666666;	0.0
1378733083;	2;	5199.99864;	88.39997688;	1.7;	8359936.0;	201325.33333333334;	0.0;	10.733333333333333;	4.666666666666667;	0.0
1378733383;	2;	5199.99864;	83.19997824000001;	1.6;	8359936.0;	100661.6;	0.0;	10.466666666666667;	4.8;	0.0
1378733683;	2;	5199.99864;	83.19997824000001;	1.6;	8359936.0;	72700.53333333334;	0.0;	10.866666666666667;	4.8;	0.0
1378733983;	2;	5199.99864;	109.19997144000001;	2.1;	8359936.0;	346728.0;	0.0;	16.2;	5.0;	0.0
1378734283;	2;	5199.99864;	86.66664399999999;	1.6666666666666665;	8359936.0;	206917.86666666667;	0.0;	10.6;	4.8;	0.0
1378734583;	2;	5199.99864;	83.19997824000001;	1.6;	8359936.0;	83884.26666666666;	0.0;	10.6;	4.866666666666666;	0.0
1378734883;	2;	5199.99864;	83.19997824000001;	1.6;	8359936.0;	162177.86666666667;	0.0;	10.666666666666666;	4.866666666666666;	0.0
1378735183;	2;	5199.99864;	81.46664535999999;	1.5666666666666667;	8359936.0;	123032.53333333334;	0.0;	10.533333333333333;	4.866666666666666;	0.0
1378735483;	2;	5199.99864;	84.93331112;	1.6333333333333335;	8359936.0;	167771.46666666667;	0.0;	11.4;	4.933333333333334;	0.0
1378735783;	2;	5199.99864;	83.19997824000001;	1.6;	8359936.0;	145401.6;	0.0;	11.4;	4.8;	0.0
1378736083;	2;	5199.99864;	84.93331112;	1.6333333333333335;	8359936.0;	89477.86666666667;	0.0;	10.733333333333333;	4.866666666666666;	0.0
1378736383;	2;	5199.99864;	84.93331112;	1.6333333333333335;	8359936.0;	111846.66666666667;	0.0;	10.2;	4.733333333333333;	0.0
1378736683;	2;	5199.99864;	86.66664399999999;	1.6666666666666665;	8359936.0;	178956.53333333333;	0.0;	10.6;	4.733333333333333;	0.0
1378736983;	2;	5199.99864;	84.93331112;	1.6333333333333335;	8359936.0;	117438.93333333333;	0.0;	10.466666666666667;	4.8;	0.0
1378737283;	2;	5199.99864;	83.19997824000001;	1.6;	8359936.0;	139808.8;	0.0;	11.066666666666666;	4.866666666666666;	0.0
1378737583;	2;	5199.99864;	102.26663992;	1.9666666666666666;	8359936.0;	212510.13333333333;	0.0;	15.8;	4.866666666666666;	0.0
1378737883;	2;	5199.99864;	79.73331248000001;	1.5333333333333334;	8359936.0;	229287.2;	0.0;	10.333333333333334;	4.8;	0.0
1378738183;	2;	5199.99864;	81.46664535999999;	1.5666666666666667;	8359936.0;	117439.2;	0.0;	10.4;	4.8;	0.0
1378738483;	2;	5199.99864;	83.19997824000001;	1.6;	8359936.0;	100661.6;	0.0;	10.333333333333334;	4.866666666666666;	0.0
1378738783;	2;	5199.99864;	83.19997824000001;	1.6;	8359936.0;	150993.86666666667;	0.0;	10.533333333333333;	4.733333333333333;	0.0
1378739083;	2;	5199.99864;	90.13330975999999;	1.7333333333333334;	8359936.0;	167770.4;	0.0;	11.133333333333333;	5.0;	0.0
1378739383;	2;	5199.99864;	88.39997688;	1.7;	8359936.0;	162178.4;	0.0;	10.8;	4.8;	0.0
1378739683;	2;	5199.99864;	83.19997824000001;	1.6;	8359936.0;	134216.8;	0.0;	10.466666666666667;	4.8;	0.0
1378739983;	2;	5199.99864;	83.19997824000001;	1.6;	8359936.0;	55922.666666666664;	0.0;	10.466666666666667;	4.866666666666666;	0.0
1378740283;	2;	5199.99864;	84.93331112;	1.6333333333333335;	8359936.0;	95069.86666666667;	0.0;	10.4;	4.866666666666666;	0.0
1378740583;	2;	5199.99864;	88.39997688;	1.7;	8359936.0;	178955.46666666667;	0.0;	10.466666666666667;	4.8;	0.0
1378740883;	2;	5199.99864;	86.66664399999999;	1.6666666666666665;	8359936.0;	150993.33333333334;	0.0;	10.6;	4.866666666666666;	0.0
1378741183;	2;	5199.99864;	95.3333084;	1.8333333333333335;	8359936.0;	301988.5333333333;	0.0;	15.933333333333334;	4.933333333333334;	0.0
1378741483;	2;	5199.99864;	77.9999796;	1.5;	8359936.0;	162177.86666666667;	0.0;	10.6;	4.8;	0.0
1378741783;	2;	5199.99864;	77.9999796;	1.5;	8359936.0;	167771.46666666667;	0.0;	10.266666666666667;	4.8;	0.0
1378742084;	2;	5199.99864;	81.46664535999999;	1.5666666666666667;	8359936.0;	61515.46666666667;	0.0;	10.466666666666667;	4.8;	0.0
1378742384;	2;	5199.99864;	76.26664671999998;	1.4666666666666666;	8359936.0;	89477.06666666667;	0.0;	10.2;	4.733333333333333;	0.0
1378742684;	2;	5199.99864;	79.73331248000001;	1.5333333333333334;	8359936.0;	106254.13333333333;	0.0;	11.266666666666667;	4.866666666666666;	0.0
1378742984;	2;	5199.99864;	76.26664671999998;	1.4666666666666666;	8359936.0;	190140.53333333333;	0.0;	10.466666666666667;	4.8;	0.0
1378743284;	2;	5199.99864;	74.53331384;	1.4333333333333333;	8359936.0;	95069.86666666667;	0.0;	10.133333333333333;	4.733333333333333;	0.0
1378743584;	2;	5199.99864;	77.9999796;	1.5;	8359936.0;	134216.53333333333;	0.0;	10.133333333333333;	4.8;	0.0
1378743884;	2;	5199.99864;	79.73331248000001;	1.5333333333333334;	8359936.0;	139808.0;	0.0;	10.2;	4.533333333333333;	0.0
1378744184;	2;	5199.99864;	76.26664671999998;	1.4666666666666666;	8359936.0;	106254.13333333333;	0.0;	10.266666666666667;	4.666666666666667;	0.0
1378744484;	2;	5199.99864;	76.26664671999998;	1.4666666666666666;	8359936.0;	134216.8;	0.0;	10.266666666666667;	4.8;	0.0
1378744784;	2;	5199.99864;	93.59997552;	1.8;	8359936.0;	262842.6666666667;	0.0;	15.266666666666667;	4.8;	0.0
1378745084;	2;	5199.99864;	76.26664671999998;	1.4666666666666666;	8359936.0;	55923.46666666667;	0.0;	10.2;	4.733333333333333;	0.0
1378745384;	2;	5199.99864;	77.9999796;	1.5;	8359936.0;	106254.13333333333;	0.0;	10.133333333333333;	4.666666666666667;	0.0
1378745684;	2;	5199.99864;	76.26664671999998;	1.4666666666666666;	8359936.0;	178956.26666666666;	0.0;	10.066666666666666;	4.8;	0.0
1378745984;	2;	5199.99864;	76.26664671999998;	1.4666666666666666;	8359936.0;	50330.4;	0.0;	10.2;	4.666666666666667;	0.0
1378746284;	2;	5199.99864;	79.73331248000001;	1.5333333333333334;	8359936.0;	145400.53333333333;	0.0;	11.466666666666667;	4.733333333333333;	0.0
1378746584;	2;	5199.99864;	76.26664671999998;	1.4666666666666666;	8359936.0;	123031.2;	0.0;	10.666666666666666;	4.6;	0.0
1378746884;	2;	5199.99864;	76.26664671999998;	1.4666666666666666;	8359936.0;	11184.533333333333;	0.0;	10.133333333333333;	4.733333333333333;	0.0
1378747184;	2;	5199.99864;	77.9999796;	1.5;	8359936.0;	0.0;	0.0;	10.4;	4.666666666666667;	0.0
1378747484;	2;	5199.99864;	83.19997824000001;	1.6;	8359936.0;	39145.86666666667;	0.0;	10.066666666666666;	4.733333333333333;	0.0
1378747784;	2;	5199.99864;	77.9999796;	1.5;	8359936.0;	145401.33333333334;	0.0;	10.066666666666666;	4.666666666666667;	0.0
1378748084;	2;	5199.99864;	74.53331384;	1.4333333333333333;	8359936.0;	145401.06666666668;	0.0;	10.066666666666666;	4.733333333333333;	0.0
1378748384;	2;	5199.99864;	93.59997552;	1.8;	8359936.0;	246064.0;	0.0;	15.533333333333333;	4.866666666666666;	0.0
1378748684;	2;	5199.99864;	74.53331384;	1.4333333333333333;	8359936.0;	206918.13333333333;	0.0;	9.933333333333334;	4.6;	0.0
1378748984;	2;	5199.99864;	76.26664671999998;	1.4666666666666666;	8359936.0;	156586.13333333333;	0.0;	10.133333333333333;	4.8;	0.0
1378749284;	2;	5199.99864;	74.53331384;	1.4333333333333333;	8359936.0;	162178.66666666666;	0.0;	10.133333333333333;	4.666666666666667;	0.0
1378749584;	2;	5199.99864;	77.9999796;	1.5;	8359936.0;	128624.53333333334;	0.0;	10.2;	4.733333333333333;	0.0
1378749884;	2;	5199.99864;	77.9999796;	1.5;	8359936.0;	240471.73333333334;	0.0;	11.133333333333333;	4.8;	0.0
1378750184;	2;	5199.99864;	77.9999796;	1.5;	8359936.0;	195732.0;	0.0;	10.333333333333334;	4.733333333333333;	0.0
1378750484;	2;	5199.99864;	76.26664671999998;	1.4666666666666666;	8359936.0;	156585.33333333334;	0.0;	10.0;	4.733333333333333;	0.0
1378750784;	2;	5199.99864;	77.9999796;	1.5;	8359936.0;	123031.2;	0.0;	9.866666666666667;	4.6;	0.0
1378751084;	2;	5199.99864;	81.46664535999999;	1.5666666666666667;	8359936.0;	251656.0;	0.0;	10.266666666666667;	4.733333333333333;	0.0
1378751384;	2;	5199.99864;	81.46664535999999;	1.5666666666666667;	8359936.0;	240472.26666666666;	0.0;	10.066666666666666;	4.733333333333333;	0.0
1378751684;	2;	5199.99864;	74.53331384;	1.4333333333333333;	8359936.0;	156586.4;	0.0;	10.133333333333333;	4.6;	0.0
1378751984;	2;	5199.99864;	91.86664264;	1.7666666666666666;	8359936.0;	268434.93333333335;	0.0;	15.8;	4.8;	0.0
1378752284;	2;	5199.99864;	74.53331384;	1.4333333333333333;	8359936.0;	218102.4;	0.0;	9.866666666666667;	4.733333333333333;	0.0
1378752585;	2;	5199.99864;	76.26664671999998;	1.4666666666666666;	8359936.0;	67107.2;	0.0;	10.133333333333333;	4.733333333333333;	0.0
1378752885;	2;	5199.99864;	76.26664671999998;	1.4666666666666666;	8359936.0;	5592.266666666666;	0.0;	10.333333333333334;	4.6;	0.0
1378753185;	2;	5199.99864;	76.26664671999998;	1.4666666666666666;	8359936.0;	150994.4;	0.0;	9.933333333333334;	4.6;	0.0
1378753485;	2;	5199.99864;	83.19997824000001;	1.6;	8359936.0;	167772.0;	0.0;	10.933333333333334;	4.733333333333333;	0.0
1378753785;	2;	5199.99864;	77.9999796;	1.5;	8359936.0;	100661.6;	0.0;	10.333333333333334;	4.533333333333333;	0.0
1378754085;	2;	5199.99864;	74.53331384;	1.4333333333333333;	8359936.0;	111846.66666666667;	0.0;	10.2;	4.666666666666667;	0.0
1378754385;	2;	5199.99864;	76.26664671999998;	1.4666666666666666;	8359936.0;	195732.8;	0.0;	10.0;	4.733333333333333;	0.0
1378754685;	2;	5199.99864;	77.9999796;	1.5;	8359936.0;	139808.53333333333;	0.0;	10.0;	4.733333333333333;	0.0
1378754985;	2;	5199.99864;	81.46664535999999;	1.5666666666666667;	8359936.0;	150993.6;	0.0;	10.066666666666666;	4.666666666666667;	0.0
1378755285;	2;	5199.99864;	79.73331248000001;	1.5333333333333334;	8359936.0;	83884.8;	0.0;	10.333333333333334;	4.733333333333333;	0.0
1378755585;	2;	5199.99864;	93.59997552;	1.8;	8359936.0;	307580.8;	0.0;	15.466666666666667;	4.733333333333333;	0.0
1378755885;	2;	5199.99864;	74.53331384;	1.4333333333333333;	8359936.0;	106254.13333333333;	0.0;	10.333333333333334;	4.666666666666667;	0.0
1378756185;	2;	5199.99864;	76.26664671999998;	1.4666666666666666;	8359936.0;	83884.0;	0.0;	9.933333333333334;	4.6;	0.0
1378756485;	2;	5199.99864;	76.26664671999998;	1.4666666666666666;	8359936.0;	128624.0;	0.0;	10.2;	4.733333333333333;	0.0
1378756785;	2;	5199.99864;	76.26664671999998;	1.4666666666666666;	8359936.0;	139808.8;	0.0;	10.066666666666666;	4.6;	0.0
1378757085;	2;	5199.99864;	77.9999796;	1.5;	8359936.0;	111846.93333333333;	0.0;	11.333333333333334;	4.8;	0.06666666666666667
1378757385;	2;	5199.99864;	77.9999796;	1.5;	8359936.0;	218102.13333333333;	0.0;	10.733333333333333;	4.6;	0.0
1378757685;	2;	5199.99864;	76.26664671999998;	1.4666666666666666;	8359936.0;	83884.0;	0.0;	10.133333333333333;	4.6;	0.0
1378757985;	2;	5199.99864;	76.26664671999998;	1.4666666666666666;	8359936.0;	139809.86666666667;	0.0;	10.133333333333333;	4.666666666666667;	0.0
1378758285;	2;	5199.99864;	79.73331248000001;	1.5333333333333334;	8359936.0;	178956.0;	0.0;	10.2;	4.733333333333333;	0.0
1378758585;	2;	5199.99864;	81.46664535999999;	1.5666666666666667;	8359936.0;	206917.86666666667;	0.0;	10.2;	4.733333333333333;	0.0
1378758885;	2;	5199.99864;	83.19997824000001;	1.6;	8359936.0;	145401.33333333334;	0.0;	10.466666666666667;	4.8;	0.0
1378759185;	2;	5199.99864;	95.3333084;	1.8333333333333335;	8359936.0;	178956.0;	0.0;	15.466666666666667;	4.733333333333333;	0.0
1378759485;	2;	5199.99864;	76.26664671999998;	1.4666666666666666;	8359936.0;	139808.53333333333;	0.0;	10.066666666666666;	4.666666666666667;	0.0
1378759785;	2;	5199.99864;	77.9999796;	1.5;	8359936.0;	150994.66666666666;	0.0;	10.0;	4.733333333333333;	0.0
1378760085;	2;	5199.99864;	77.9999796;	1.5;	8359936.0;	150992.8;	0.0;	10.133333333333333;	4.6;	0.0
1378760385;	2;	5199.99864;	77.9999796;	1.5;	8359936.0;	139808.0;	0.0;	10.2;	4.8;	0.0
1378760685;	2;	5199.99864;	77.9999796;	1.5;	8359936.0;	123031.46666666666;	0.0;	11.066666666666666;	4.866666666666666;	0.0
1378760985;	2;	5199.99864;	77.9999796;	1.5;	8359936.0;	123032.0;	0.0;	10.466666666666667;	4.666666666666667;	0.0
1378761285;	2;	5199.99864;	77.9999796;	1.5;	8359936.0;	240471.46666666667;	0.0;	10.266666666666667;	4.6;	0.0
1378761585;	2;	5199.99864;	77.9999796;	1.5;	8359936.0;	178955.2;	0.0;	10.266666666666667;	4.866666666666666;	0.0
1378761885;	2;	5199.99864;	77.9999796;	1.5;	8359936.0;	139809.33333333334;	0.0;	10.266666666666667;	4.666666666666667;	0.0
1378762185;	2;	5199.99864;	79.73331248000001;	1.5333333333333334;	8359936.0;	167772.0;	0.0;	10.266666666666667;	4.8;	0.0
1378762485;	2;	5199.99864;	83.19997824000001;	1.6;	8359936.0;	55922.933333333334;	0.0;	10.533333333333333;	4.8;	0.0
1378762785;	2;	5199.99864;	97.06664127999998;	1.8666666666666665;	8359936.0;	117439.46666666666;	0.0;	15.4;	4.8;	0.0
1378763086;	2;	5199.99864;	79.73331248000001;	1.5333333333333334;	8359936.0;	106254.13333333333;	0.0;	10.333333333333334;	4.666666666666667;	0.0
1378763386;	2;	5199.99864;	77.9999796;	1.5;	8359936.0;	55922.666666666664;	0.0;	10.2;	4.666666666666667;	0.0
1378763686;	2;	5199.99864;	74.53331384;	1.4333333333333333;	8359936.0;	78291.73333333334;	0.0;	11.2;	4.6;	0.0
1378763986;	2;	5199.99864;	77.9999796;	1.5;	8359936.0;	134216.0;	0.0;	10.066666666666666;	4.6;	0.0
1378764286;	2;	5199.99864;	77.9999796;	1.5;	8359936.0;	117438.4;	0.0;	11.133333333333333;	4.8;	0.0
1378764586;	2;	5199.99864;	77.9999796;	1.5;	8359936.0;	33553.6;	0.0;	10.333333333333334;	4.6;	0.0
1378764886;	2;	5199.99864;	76.26664671999998;	1.4666666666666666;	8359936.0;	100661.6;	0.0;	10.2;	4.666666666666667;	0.0
1378765186;	2;	5199.99864;	77.9999796;	1.5;	8359936.0;	100661.6;	0.0;	10.2;	4.666666666666667;	0.0
1378765486;	2;	5199.99864;	77.9999796;	1.5;	8359936.0;	162178.13333333333;	0.0;	10.133333333333333;	4.666666666666667;	0.0
1378765786;	2;	5199.99864;	77.9999796;	1.5;	8359936.0;	16776.8;	0.0;	10.2;	4.8;	0.0
1378766086;	2;	5199.99864;	81.46664535999999;	1.5666666666666667;	8359936.0;	83884.0;	0.0;	10.333333333333334;	4.8;	0.0
1378766385;	2;	5199.99864;	114.39997008;	2.2;	8359936.0;	313173.3333333333;	0.0;	38.93333333333333;	5.333333333333333;	1.1333333333333333
1378766685;	2;	5199.99864;	126.53330024;	2.4333333333333336;	8359936.0;	508906.93333333335;	0.0;	22.733333333333334;	5.266666666666667;	0.8666666666666667
1378766985;	2;	5199.99864;	79.73331248000001;	1.5333333333333334;	8359936.0;	178956.53333333333;	0.0;	10.066666666666666;	4.866666666666666;	0.0
1378767285;	2;	5199.99864;	77.9999796;	1.5;	8359936.0;	78293.06666666667;	0.0;	10.133333333333333;	4.8;	0.0
1378767585;	2;	5199.99864;	77.9999796;	1.5;	8359936.0;	100661.6;	0.0;	10.133333333333333;	4.533333333333333;	0.0
1378767885;	2;	5199.99864;	77.9999796;	1.5;	8359936.0;	100661.6;	0.0;	11.4;	4.8;	0.06666666666666667
1378768185;	2;	5199.99864;	81.46664535999999;	1.5666666666666667;	8359936.0;	212509.33333333334;	0.0;	10.533333333333333;	4.6;	0.0
1378768486;	2;	5199.99864;	83.19997824000001;	1.6;	8359936.0;	262842.13333333336;	0.0;	10.071428571428571;	4.6;	0.0
1378768786;	2;	5199.99864;	88.39997688;	1.7;	8359936.0;	178956.26666666666;	0.0;	10.0;	4.6;	0.0
1378769086;	2;	5199.99864;	77.9999796;	1.5;	8359936.0;	251656.53333333333;	0.0;	10.133333333333333;	4.8;	0.0
1378769386;	2;	5199.99864;	76.26664671999998;	1.4666666666666666;	8359936.0;	72700.0;	0.0;	10.2;	4.733333333333333;	0.0
1378769686;	2;	5199.99864;	79.73331248000001;	1.5333333333333334;	8359936.0;	61515.2;	0.0;	10.333333333333334;	4.533333333333333;	0.0
1378769986;	2;	5199.99864;	98.79997415999998;	1.9;	8359936.0;	229287.46666666667;	0.0;	15.666666666666666;	4.866666666666666;	0.0
1378770286;	2;	5199.99864;	81.46664535999999;	1.5666666666666667;	8359936.0;	139809.33333333334;	0.0;	10.2;	4.733333333333333;	0.0
1378770586;	2;	5199.99864;	79.73331248000001;	1.5333333333333334;	8359936.0;	111847.46666666666;	0.0;	10.133333333333333;	4.8;	0.0
1378770886;	2;	5199.99864;	77.9999796;	1.5;	8359936.0;	156585.6;	0.0;	10.133333333333333;	4.733333333333333;	0.0
1378771186;	2;	5199.99864;	77.9999796;	1.5;	8359936.0;	61514.933333333334;	0.0;	10.266666666666667;	4.733333333333333;	0.0
1378771486;	2;	5199.99864;	77.9999796;	1.5;	8359936.0;	78291.73333333334;	0.0;	10.933333333333334;	4.733333333333333;	0.0
1378771786;	2;	5199.99864;	98.79997415999998;	1.9;	8359936.0;	95069.06666666667;	0.0;	18.133333333333333;	4.933333333333334;	0.7333333333333333
1378772086;	2;	5199.99864;	77.9999796;	1.5;	8359936.0;	106254.4;	0.0;	10.133333333333333;	4.733333333333333;	0.0
1378772386;	2;	5199.99864;	77.9999796;	1.5;	8359936.0;	117438.93333333333;	0.0;	10.066666666666666;	4.733333333333333;	0.0
1378772686;	2;	5199.99864;	77.9999796;	1.5;	8359936.0;	83884.8;	0.0;	10.0;	4.733333333333333;	0.0
1378772986;	2;	5199.99864;	76.26664671999998;	1.4666666666666666;	8359936.0;	201326.13333333333;	0.0;	10.2;	4.8;	0.0
1378773286;	2;	5199.99864;	77.9999796;	1.5;	8359936.0;	173362.93333333332;	0.0;	10.4;	4.8;	0.0
1378773586;	2;	5199.99864;	98.79997415999998;	1.9;	8359936.0;	134216.0;	0.0;	15.6;	4.8;	0.0
1378773886;	2;	5199.99864;	81.46664535999999;	1.5666666666666667;	8359936.0;	150993.6;	0.0;	10.066666666666666;	4.8;	0.0
1378774186;	2;	5199.99864;	76.26664671999998;	1.4666666666666666;	8359936.0;	95069.33333333333;	0.0;	10.0;	4.666666666666667;	0.0
1378774486;	2;	5199.99864;	76.26664671999998;	1.4666666666666666;	8359936.0;	83884.0;	0.0;	10.2;	4.733333333333333;	0.0
1378774786;	2;	5199.99864;	77.9999796;	1.5;	8359936.0;	150994.4;	0.0;	10.133333333333333;	4.733333333333333;	0.0
1378775086;	2;	5199.99864;	77.9999796;	1.5;	8359936.0;	83884.0;	0.0;	11.2;	4.866666666666666;	0.0
1378775386;	2;	5199.99864;	77.9999796;	1.5;	8359936.0;	167772.0;	0.0;	10.333333333333334;	4.533333333333333;	0.0
1378775686;	2;	5199.99864;	77.9999796;	1.5;	8359936.0;	184548.8;	0.0;	10.066666666666666;	4.733333333333333;	0.0
1378775986;	2;	5199.99864;	76.26664671999998;	1.4666666666666666;	8359936.0;	206917.86666666667;	0.0;	10.133333333333333;	4.666666666666667;	0.0
1378776286;	2;	5199.99864;	81.46664535999999;	1.5666666666666667;	8359936.0;	50330.4;	0.0;	10.133333333333333;	4.733333333333333;	0.0
1378776586;	2;	5199.99864;	76.26664671999998;	1.4666666666666666;	8359936.0;	95069.33333333333;	0.0;	10.133333333333333;	4.733333333333333;	0.0
1378776886;	2;	5199.99864;	76.26664671999998;	1.4666666666666666;	8359936.0;	123031.46666666666;	0.0;	10.4;	4.6;	0.0
1378777186;	2;	5199.99864;	97.06664127999998;	1.8666666666666665;	8359936.0;	83884.0;	0.0;	15.333333333333334;	4.8;	0.0
1378777486;	2;	5199.99864;	79.73331248000001;	1.5333333333333334;	8359936.0;	83884.0;	0.0;	10.4;	4.8;	0.0
1378777787;	2;	5199.99864;	79.73331248000001;	1.5333333333333334;	8359936.0;	100661.6;	0.0;	10.2;	4.666666666666667;	0.0
1378778087;	2;	5199.99864;	77.9999796;	1.5;	8359936.0;	117438.4;	0.0;	10.266666666666667;	4.6;	0.0
1378778387;	2;	5199.99864;	76.26664671999998;	1.4666666666666666;	8359936.0;	134216.0;	0.0;	10.066666666666666;	4.6;	0.0
1378778687;	2;	5199.99864;	277.3332608;	5.333333333333334;	8359936.0;	218102.13333333333;	0.0;	21.066666666666666;	6.466666666666667;	1.0
1378778987;	2;	5199.99864;	79.73331248000001;	1.5333333333333334;	8359936.0;	285211.2;	0.0;	11.466666666666667;	4.733333333333333;	0.0
1378779287;	2;	5199.99864;	77.9999796;	1.5;	8359936.0;	100661.6;	0.0;	10.066666666666666;	4.6;	0.0
1378779587;	2;	5199.99864;	77.9999796;	1.5;	8359936.0;	33553.6;	0.0;	10.066666666666666;	4.666666666666667;	0.0
1378779887;	2;	5199.99864;	77.9999796;	1.5;	8359936.0;	78293.06666666667;	0.0;	10.066666666666666;	4.733333333333333;	0.0
1378780187;	2;	5199.99864;	77.9999796;	1.5;	8359936.0;	167771.2;	0.0;	10.133333333333333;	4.666666666666667;	0.0
1378780487;	2;	5199.99864;	77.9999796;	1.5;	8359936.0;	67108.0;	0.0;	10.333333333333334;	4.8;	0.0
1378780787;	2;	5199.99864;	95.3333084;	1.8333333333333335;	8359936.0;	156585.86666666667;	0.0;	15.466666666666667;	4.733333333333333;	0.0
1378781087;	2;	5199.99864;	79.73331248000001;	1.5333333333333334;	8359936.0;	167771.2;	0.0;	10.2;	4.666666666666667;	0.0
1378781387;	2;	5199.99864;	81.46664535999999;	1.5666666666666667;	8359936.0;	72699.73333333334;	0.0;	10.0;	4.6;	0.0
1378781687;	2;	5199.99864;	79.73331248000001;	1.5333333333333334;	8359936.0;	111846.66666666667;	0.0;	10.266666666666667;	4.666666666666667;	0.0
1378781987;	2;	5199.99864;	77.9999796;	1.5;	8359936.0;	167770.4;	0.0;	10.0;	4.733333333333333;	0.0
1378782287;	2;	5199.99864;	77.9999796;	1.5;	8359936.0;	128623.73333333334;	0.0;	11.133333333333333;	4.733333333333333;	0.0
1378782587;	2;	5199.99864;	77.9999796;	1.5;	8359936.0;	162177.6;	0.0;	10.4;	4.533333333333333;	0.0
1378782887;	2;	5199.99864;	77.9999796;	1.5;	8359936.0;	72699.46666666666;	0.0;	10.133333333333333;	4.733333333333333;	0.0
1378783187;	2;	5199.99864;	77.9999796;	1.5;	8359936.0;	201325.33333333334;	0.0;	10.266666666666667;	4.733333333333333;	0.0
1378783487;	2;	5199.99864;	76.26664671999998;	1.4666666666666666;	8359936.0;	100661.6;	0.0;	10.133333333333333;	4.6;	0.0
1378783787;	2;	5199.99864;	83.19997824000001;	1.6;	8359936.0;	150993.6;	0.0;	10.133333333333333;	4.8;	0.0
1378784087;	2;	5199.99864;	77.9999796;	1.5;	8359936.0;	156585.86666666667;	0.0;	10.466666666666667;	4.6;	0.0
1378784387;	2;	5199.99864;	95.3333084;	1.8333333333333335;	8359936.0;	329950.13333333336;	0.0;	15.466666666666667;	4.866666666666666;	0.0
1378784687;	2;	5199.99864;	79.73331248000001;	1.5333333333333334;	8359936.0;	139809.06666666668;	0.0;	10.133333333333333;	4.733333333333333;	0.0
1378784987;	2;	5199.99864;	81.46664535999999;	1.5666666666666667;	8359936.0;	106254.93333333333;	0.0;	10.133333333333333;	4.733333333333333;	0.0
1378785287;	2;	5199.99864;	81.46664535999999;	1.5666666666666667;	8359936.0;	150994.13333333333;	0.0;	10.066666666666666;	4.733333333333333;	0.0
1378785587;	2;	5199.99864;	81.46664535999999;	1.5666666666666667;	8359936.0;	145402.4;	0.0;	10.2;	4.8;	0.0
1378785887;	2;	5199.99864;	77.9999796;	1.5;	8359936.0;	173363.73333333334;	0.0;	11.133333333333333;	4.866666666666666;	0.0
1378786187;	2;	5199.99864;	77.9999796;	1.5;	8359936.0;	156586.4;	0.0;	10.4;	4.733333333333333;	0.0
1378786487;	2;	5199.99864;	77.9999796;	1.5;	8359936.0;	162177.6;	0.0;	10.2;	4.8;	0.0
1378786787;	2;	5199.99864;	77.9999796;	1.5;	8359936.0;	162177.6;	0.0;	10.0;	4.666666666666667;	0.0
1378787088;	2;	5199.99864;	77.9999796;	1.5;	8359936.0;	218103.2;	0.0;	10.133333333333333;	4.666666666666667;	0.0
1378787388;	2;	5199.99864;	77.9999796;	1.5;	8359936.0;	106254.13333333333;	0.0;	10.066666666666666;	4.6;	0.0
1378787688;	2;	5199.99864;	76.26664671999998;	1.4666666666666666;	8359936.0;	100661.6;	0.0;	10.333333333333334;	4.6;	0.0
1378787988;	2;	5199.99864;	95.3333084;	1.8333333333333335;	8359936.0;	240472.0;	0.0;	15.8;	4.8;	0.0
1378788288;	2;	5199.99864;	77.9999796;	1.5;	8359936.0;	156586.66666666666;	0.0;	10.066666666666666;	4.533333333333333;	0.0
1378788588;	2;	5199.99864;	79.73331248000001;	1.5333333333333334;	8359936.0;	184548.0;	0.0;	10.133333333333333;	4.666666666666667;	0.0
1378788888;	2;	5199.99864;	81.46664535999999;	1.5666666666666667;	8359936.0;	44738.4;	0.0;	10.066666666666666;	4.733333333333333;	0.0
1378789188;	2;	5199.99864;	83.19997824000001;	1.6;	8359936.0;	72700.53333333334;	0.0;	10.0;	4.666666666666667;	0.0
1378789488;	2;	5199.99864;	79.73331248000001;	1.5333333333333334;	8359936.0;	184548.0;	0.0;	11.4;	4.866666666666666;	0.0
1378789788;	2;	5199.99864;	77.9999796;	1.5;	8359936.0;	123032.26666666666;	0.0;	10.4;	4.8;	0.0
1378790088;	2;	5199.99864;	81.46664535999999;	1.5666666666666667;	8359936.0;	72700.0;	0.0;	10.2;	4.666666666666667;	0.0
1378790388;	2;	5199.99864;	77.9999796;	1.5;	8359936.0;	78292.8;	0.0;	10.2;	4.866666666666666;	0.0
1378790688;	2;	5199.99864;	77.9999796;	1.5;	8359936.0;	162178.13333333333;	0.0;	10.133333333333333;	4.8;	0.0
1378790988;	2;	5199.99864;	77.9999796;	1.5;	8359936.0;	100661.6;	0.0;	10.133333333333333;	4.8;	0.0
1378791288;	2;	5199.99864;	77.9999796;	1.5;	8359936.0;	134216.8;	0.0;	10.2;	4.733333333333333;	0.0
1378791588;	2;	5199.99864;	97.06664127999998;	1.8666666666666665;	8359936.0;	184548.0;	0.0;	15.266666666666667;	4.8;	0.0
1378791888;	2;	5199.99864;	77.9999796;	1.5;	8359936.0;	72700.0;	0.0;	10.133333333333333;	4.733333333333333;	0.0
1378792188;	2;	5199.99864;	77.9999796;	1.5;	8359936.0;	100661.6;	0.0;	10.133333333333333;	4.733333333333333;	0.0
1378792488;	2;	5199.99864;	79.73331248000001;	1.5333333333333334;	8359936.0;	100662.13333333333;	0.0;	10.0;	4.666666666666667;	0.0
1378792788;	2;	5199.99864;	81.46664535999999;	1.5666666666666667;	8359936.0;	50330.4;	0.0;	10.066666666666666;	4.666666666666667;	0.0
1378793088;	2;	5199.99864;	98.79997415999998;	1.9;	8359936.0;	156585.86666666667;	0.0;	16.2;	4.866666666666666;	0.13333333333333333
1378793388;	2;	5199.99864;	81.46664535999999;	1.5666666666666667;	8359936.0;	223695.2;	0.0;	10.066666666666666;	4.733333333333333;	0.0
1378793688;	2;	5199.99864;	79.73331248000001;	1.5333333333333334;	8359936.0;	61515.2;	0.0;	10.133333333333333;	4.733333333333333;	0.0
1378793988;	2;	5199.99864;	77.9999796;	1.5;	8359936.0;	100661.6;	0.0;	10.133333333333333;	4.733333333333333;	0.0
1378794288;	2;	5199.99864;	79.73331248000001;	1.5333333333333334;	8359936.0;	128623.46666666666;	0.0;	10.133333333333333;	4.733333333333333;	0.0
1378794588;	2;	5199.99864;	77.9999796;	1.5;	8359936.0;	44738.13333333333;	0.0;	10.133333333333333;	4.8;	0.0
1378794889;	2;	5199.99864;	77.9999796;	1.5;	8359936.0;	83884.0;	0.0;	10.692307692307692;	4.846153846153846;	0.0
1378795189;	2;	5199.99864;	97.06664127999998;	1.8666666666666665;	8359936.0;	178956.0;	0.0;	15.533333333333333;	4.8;	0.0
1378795489;	2;	5199.99864;	76.26664671999998;	1.4666666666666666;	8359936.0;	123031.2;	0.0;	10.266666666666667;	4.8;	0.0
1378795789;	2;	5199.99864;	77.9999796;	1.5;	8359936.0;	145401.06666666668;	0.0;	10.333333333333334;	4.733333333333333;	0.0
1378796089;	2;	5199.99864;	76.26664671999998;	1.4666666666666666;	8359936.0;	167771.73333333334;	0.0;	10.133333333333333;	4.666666666666667;	0.0
1378796389;	2;	5199.99864;	79.73331248000001;	1.5333333333333334;	8359936.0;	123031.73333333334;	0.0;	10.066666666666666;	4.733333333333333;	0.0
1378796689;	2;	5199.99864;	81.46664535999999;	1.5666666666666667;	8359936.0;	156586.13333333333;	0.0;	11.266666666666667;	4.866666666666666;	0.0
1378796989;	2;	5199.99864;	81.46664535999999;	1.5666666666666667;	8359936.0;	178956.53333333333;	0.0;	10.6;	4.733333333333333;	0.0
1378797289;	2;	5199.99864;	81.46664535999999;	1.5666666666666667;	8359936.0;	184548.8;	0.0;	10.466666666666667;	4.666666666666667;	0.0
1378797589;	2;	5199.99864;	77.9999796;	1.5;	8359936.0;	167771.2;	0.0;	10.2;	4.733333333333333;	0.0
1378797889;	2;	5199.99864;	77.9999796;	1.5;	8359936.0;	117438.93333333333;	0.0;	10.466666666666667;	4.666666666666667;	0.0
1378798189;	2;	5199.99864;	77.9999796;	1.5;	8359936.0;	22369.066666666666;	0.0;	10.133333333333333;	4.6;	0.0
1378798489;	2;	5199.99864;	77.9999796;	1.5;	8359936.0;	83884.0;	0.0;	10.733333333333333;	4.666666666666667;	0.0
1378798789;	2;	5199.99864;	95.3333084;	1.8333333333333335;	8359936.0;	206917.33333333334;	0.0;	15.8;	4.733333333333333;	0.0
1378799089;	2;	5199.99864;	77.9999796;	1.5;	8359936.0;	67107.73333333334;	0.0;	10.266666666666667;	4.733333333333333;	0.0
1378799388;	2;	5199.99864;	77.9999796;	1.5;	8359936.0;	0.0;	0.0;	10.466666666666667;	4.8;	0.0
1378799688;	2;	5199.99864;	77.9999796;	1.5;	8359936.0;	128623.2;	0.0;	10.2;	4.8;	0.0
1378799988;	2;	5199.99864;	79.73331248000001;	1.5333333333333334;	8359936.0;	117440.0;	0.0;	10.2;	4.6;	0.0
1378800289;	2;	5199.99864;	81.46664535999999;	1.5666666666666667;	8359936.0;	128624.26666666666;	0.0;	11.333333333333334;	4.733333333333333;	0.0
1378800589;	2;	5199.99864;	83.19997824000001;	1.6;	8359936.0;	117439.2;	0.0;	10.733333333333333;	4.8;	0.0
1378800889;	2;	5199.99864;	81.46664535999999;	1.5666666666666667;	8359936.0;	83884.8;	0.0;	10.533333333333333;	4.733333333333333;	0.0
1378801189;	2;	5199.99864;	77.9999796;	1.5;	8359936.0;	145400.8;	0.0;	10.4;	4.8;	0.0
1378801489;	2;	5199.99864;	79.73331248000001;	1.5333333333333334;	8359936.0;	134216.0;	0.0;	10.533333333333333;	4.8;	0.0
1378801789;	2;	5199.99864;	77.9999796;	1.5;	8359936.0;	83884.0;	0.0;	10.333333333333334;	4.733333333333333;	0.0
1378802089;	2;	5199.99864;	77.9999796;	1.5;	8359936.0;	128624.26666666666;	0.0;	10.6;	4.733333333333333;	0.0
1378802389;	2;	5199.99864;	93.59997552;	1.8;	8359936.0;	285211.2;	0.0;	15.6;	4.666666666666667;	0.0
1378802689;	2;	5199.99864;	77.9999796;	1.5;	8359936.0;	50330.4;	0.0;	10.533333333333333;	4.6;	0.0
1378802989;	2;	5199.99864;	77.9999796;	1.5;	8359936.0;	67108.0;	0.0;	10.266666666666667;	4.8;	0.0
1378803289;	2;	5199.99864;	77.9999796;	1.5;	8359936.0;	61514.933333333334;	0.0;	10.4;	4.866666666666666;	0.0
1378803589;	2;	5199.99864;	77.9999796;	1.5;	8359936.0;	134216.0;	0.0;	10.333333333333334;	4.733333333333333;	0.0
1378803889;	2;	5199.99864;	81.46664535999999;	1.5666666666666667;	8359936.0;	83884.8;	0.0;	11.2;	4.733333333333333;	0.0
1378804189;	2;	5199.99864;	77.9999796;	1.5;	8359936.0;	156585.6;	0.0;	10.666666666666666;	4.666666666666667;	0.0
1378804489;	2;	5199.99864;	77.9999796;	1.5;	8359936.0;	100661.6;	0.0;	10.333333333333334;	4.866666666666666;	0.0
1378804789;	2;	5199.99864;	81.46664535999999;	1.5666666666666667;	8359936.0;	117438.4;	0.0;	10.4;	4.8;	0.0
1378805089;	2;	5199.99864;	83.19997824000001;	1.6;	8359936.0;	83884.0;	0.0;	10.266666666666667;	4.8;	0.0
1378805389;	2;	5199.99864;	81.46664535999999;	1.5666666666666667;	8359936.0;	117439.2;	0.0;	10.333333333333334;	4.866666666666666;	0.0
1378805689;	2;	5199.99864;	81.46664535999999;	1.5666666666666667;	8359936.0;	184548.0;	0.0;	10.666666666666666;	4.8;	0.0
1378805989;	2;	5199.99864;	95.3333084;	1.8333333333333335;	8359936.0;	296396.8;	0.0;	15.933333333333334;	4.933333333333334;	0.0
1378806289;	2;	5199.99864;	77.9999796;	1.5;	8359936.0;	150993.6;	0.0;	10.466666666666667;	4.6;	0.0
1378806589;	2;	5199.99864;	76.26664671999998;	1.4666666666666666;	8359936.0;	134216.8;	0.0;	10.333333333333334;	4.733333333333333;	0.0
1378806889;	2;	5199.99864;	77.9999796;	1.5;	8359936.0;	72699.46666666666;	0.0;	10.666666666666666;	4.666666666666667;	0.0
1378807189;	2;	5199.99864;	77.9999796;	1.5;	8359936.0;	134216.8;	0.0;	10.2;	4.8;	0.0
1378807489;	2;	5199.99864;	77.9999796;	1.5;	8359936.0;	218101.6;	0.0;	11.133333333333333;	4.8;	0.0
1378807789;	2;	5199.99864;	77.9999796;	1.5;	8359936.0;	117439.46666666666;	0.0;	10.666666666666666;	4.8;	0.0
1378808089;	2;	5199.99864;	77.9999796;	1.5;	8359936.0;	83884.26666666666;	0.0;	10.733333333333333;	4.8;	0.0
1378808389;	2;	5199.99864;	77.9999796;	1.5;	8359936.0;	83884.0;	0.0;	10.333333333333334;	4.866666666666666;	0.0
1378808689;	2;	5199.99864;	76.26664671999998;	1.4666666666666666;	8359936.0;	123030.93333333333;	0.0;	10.4;	4.6;	0.0
1378808990;	2;	5199.99864;	77.9999796;	1.5;	8359936.0;	145400.8;	0.0;	10.8;	4.933333333333334;	0.0
1378809290;	2;	5199.99864;	79.73331248000001;	1.5333333333333334;	8359936.0;	83884.0;	0.0;	11.0;	4.733333333333333;	0.0
1378809590;	2;	5199.99864;	95.3333084;	1.8333333333333335;	8359936.0;	268433.86666666664;	0.0;	16.066666666666666;	4.866666666666666;	0.0
1378809890;	2;	5199.99864;	79.73331248000001;	1.5333333333333334;	8359936.0;	139809.06666666668;	0.0;	10.6;	4.666666666666667;	0.0
1378810190;	2;	5199.99864;	81.46664535999999;	1.5666666666666667;	8359936.0;	72700.53333333334;	0.0;	10.666666666666666;	4.733333333333333;	0.0
1378810490;	2;	5199.99864;	83.19997824000001;	1.6;	8359936.0;	128623.73333333334;	0.0;	10.533333333333333;	4.8;	0.0
1378810790;	2;	5199.99864;	77.9999796;	1.5;	8359936.0;	145400.8;	0.0;	10.466666666666667;	4.733333333333333;	0.0
1378811090;	2;	5199.99864;	77.9999796;	1.5;	8359936.0;	150993.6;	0.0;	11.466666666666667;	4.933333333333334;	0.0
1378811390;	2;	5199.99864;	77.9999796;	1.5;	8359936.0;	55922.666666666664;	0.0;	11.0;	4.933333333333334;	0.0
1378811690;	2;	5199.99864;	77.9999796;	1.5;	8359936.0;	139809.33333333334;	0.0;	10.6;	4.933333333333334;	0.0
1378811990;	2;	5199.99864;	76.26664671999998;	1.4666666666666666;	8359936.0;	167772.0;	0.0;	10.4;	4.733333333333333;	0.0
1378812290;	2;	5199.99864;	77.9999796;	1.5;	8359936.0;	150993.6;	0.0;	10.6;	4.733333333333333;	0.0
1378812590;	2;	5199.99864;	77.9999796;	1.5;	8359936.0;	106254.13333333333;	0.0;	10.666666666666666;	4.866666666666666;	0.0
1378812890;	2;	5199.99864;	77.9999796;	1.5;	8359936.0;	106253.6;	0.0;	10.8;	4.8;	0.0
1378813190;	2;	5199.99864;	95.3333084;	1.8333333333333335;	8359936.0;	139808.53333333333;	0.0;	16.2;	4.8;	0.0
1378813490;	2;	5199.99864;	83.19997824000001;	1.6;	8359936.0;	117438.4;	0.0;	10.533333333333333;	4.6;	0.0
1378813790;	2;	5199.99864;	81.46664535999999;	1.5666666666666667;	8359936.0;	134216.0;	0.0;	10.333333333333334;	4.666666666666667;	0.0
1378814090;	2;	5199.99864;	77.9999796;	1.5;	8359936.0;	218101.6;	0.0;	10.266666666666667;	4.8;	0.0
1378814390;	2;	5199.99864;	76.26664671999998;	1.4666666666666666;	8359936.0;	106253.6;	0.0;	10.266666666666667;	4.733333333333333;	0.0
1378814690;	2;	5199.99864;	81.46664535999999;	1.5666666666666667;	8359936.0;	134216.8;	0.0;	11.266666666666667;	4.733333333333333;	0.0
1378814990;	2;	5199.99864;	83.19997824000001;	1.6;	8359936.0;	150994.4;	0.0;	10.4;	4.8;	0.0
1378815290;	2;	5199.99864;	83.19997824000001;	1.6;	8359936.0;	27961.6;	0.0;	10.466666666666667;	4.733333333333333;	0.0
1378815590;	2;	5199.99864;	79.73331248000001;	1.5333333333333334;	8359936.0;	95069.33333333333;	0.0;	10.266666666666667;	4.8;	0.0
1378815890;	2;	5199.99864;	79.73331248000001;	1.5333333333333334;	8359936.0;	95069.33333333333;	0.0;	10.4;	4.733333333333333;	0.0
1378816190;	2;	5199.99864;	77.9999796;	1.5;	8359936.0;	123032.53333333334;	0.0;	10.266666666666667;	4.8;	0.0
1378816490;	2;	5199.99864;	77.9999796;	1.5;	8359936.0;	89477.86666666667;	0.0;	10.533333333333333;	4.733333333333333;	0.0
1378816790;	2;	5199.99864;	95.3333084;	1.8333333333333335;	8359936.0;	117438.4;	0.0;	15.733333333333333;	4.8;	0.0
1378817090;	2;	5199.99864;	77.9999796;	1.5;	8359936.0;	11184.533333333333;	0.0;	10.533333333333333;	4.733333333333333;	0.0
1378817390;	2;	5199.99864;	77.9999796;	1.5;	8359936.0;	61515.73333333333;	0.0;	10.266666666666667;	4.6;	0.0
1378817690;	2;	5199.99864;	77.9999796;	1.5;	8359936.0;	106254.93333333333;	0.0;	10.533333333333333;	4.666666666666667;	0.0
1378817990;	2;	5199.99864;	77.9999796;	1.5;	8359936.0;	229286.93333333332;	0.0;	10.533333333333333;	4.733333333333333;	0.0
1378818290;	2;	5199.99864;	81.46664535999999;	1.5666666666666667;	8359936.0;	145401.6;	0.0;	11.333333333333334;	4.8;	0.0
1378818590;	2;	5199.99864;	88.39997688;	1.7;	8359936.0;	190140.26666666666;	0.0;	10.6;	4.666666666666667;	0.0
1378818890;	2;	5199.99864;	81.46664535999999;	1.5666666666666667;	8359936.0;	162178.93333333332;	0.0;	10.333333333333334;	4.733333333333333;	0.0
1378819190;	2;	5199.99864;	81.46664535999999;	1.5666666666666667;	8359936.0;	39145.86666666667;	0.0;	10.466666666666667;	4.866666666666666;	0.0
1378819490;	2;	5199.99864;	83.19997824000001;	1.6;	8359936.0;	134216.8;	0.0;	10.6;	4.8;	0.0
1378819791;	2;	5199.99864;	105.73330568;	2.033333333333333;	8359936.0;	83884.0;	0.0;	10.266666666666667;	4.866666666666666;	0.0
1378820091;	2;	5199.99864;	102.26663992;	1.9666666666666666;	8359936.0;	139809.06666666668;	0.0;	10.333333333333334;	4.733333333333333;	0.0
1378820391;	2;	5199.99864;	105.73330568;	2.033333333333333;	8359936.0;	240472.0;	0.0;	15.533333333333333;	4.8;	0.0
1378820691;	2;	5199.99864;	116.13330296;	2.2333333333333334;	8359936.0;	150994.4;	0.0;	10.466666666666667;	4.8;	0.0
1378820991;	2;	5199.99864;	88.39997688;	1.7;	8359936.0;	106254.93333333333;	0.0;	10.333333333333334;	4.866666666666666;	0.0
1378821291;	2;	5199.99864;	81.46664535999999;	1.5666666666666667;	8359936.0;	134216.26666666666;	0.0;	10.4;	4.733333333333333;	0.0
1378821591;	2;	5199.99864;	83.19997824000001;	1.6;	8359936.0;	134216.0;	0.0;	10.466666666666667;	4.866666666666666;	0.0
1378821891;	2;	5199.99864;	86.66664399999999;	1.6666666666666665;	8359936.0;	83884.0;	0.0;	11.8;	4.733333333333333;	0.0
1378822191;	2;	5199.99864;	84.93331112;	1.6333333333333335;	8359936.0;	106254.13333333333;	0.0;	10.6;	4.666666666666667;	0.0
1378822491;	2;	5199.99864;	86.66664399999999;	1.6666666666666665;	8359936.0;	139809.33333333334;	0.0;	10.466666666666667;	4.8;	0.0
1378822791;	2;	5199.99864;	83.19997824000001;	1.6;	8359936.0;	128623.46666666666;	0.0;	10.466666666666667;	4.666666666666667;	0.0
1378823091;	2;	5199.99864;	84.93331112;	1.6333333333333335;	8359936.0;	150993.6;	0.0;	10.4;	4.666666666666667;	0.0
1378823391;	2;	5199.99864;	77.9999796;	1.5;	8359936.0;	173363.46666666667;	0.0;	10.466666666666667;	4.733333333333333;	0.0
1378823691;	2;	5199.99864;	95.3333084;	1.8333333333333335;	8359936.0;	150994.4;	0.0;	10.666666666666666;	4.8;	0.0
1378823991;	2;	5199.99864;	103.9999728;	2.0;	8359936.0;	307581.06666666665;	0.0;	16.066666666666666;	4.733333333333333;	0.0
1378824291;	2;	5199.99864;	72.79998096;	1.4;	8359936.0;	218102.4;	0.0;	10.266666666666667;	4.733333333333333;	0.0
1378824591;	2;	5199.99864;	72.79998096;	1.4;	8359936.0;	190140.53333333333;	0.0;	10.466666666666667;	4.733333333333333;	0.0
1378824891;	2;	5199.99864;	72.79998096;	1.4;	8359936.0;	201325.6;	0.0;	10.333333333333334;	4.666666666666667;	0.0
1378825191;	2;	5199.99864;	79.73331248000001;	1.5333333333333334;	8359936.0;	117438.4;	0.0;	10.333333333333334;	4.666666666666667;	0.0
1378825491;	2;	5199.99864;	81.46664535999999;	1.5666666666666667;	8359936.0;	83884.0;	0.0;	11.2;	4.666666666666667;	0.0
1378825791;	2;	5199.99864;	77.9999796;	1.5;	8359936.0;	134216.8;	0.0;	10.533333333333333;	4.666666666666667;	0.0
1378826091;	2;	5199.99864;	77.9999796;	1.5;	8359936.0;	83884.0;	0.0;	10.333333333333334;	4.6;	0.0
1378826391;	2;	5199.99864;	77.9999796;	1.5;	8359936.0;	100661.6;	0.0;	10.4;	4.733333333333333;	0.0
1378826691;	2;	5199.99864;	77.9999796;	1.5;	8359936.0;	95069.06666666667;	0.0;	10.533333333333333;	4.666666666666667;	0.0
1378826991;	2;	5199.99864;	77.9999796;	1.5;	8359936.0;	184548.26666666666;	0.0;	10.266666666666667;	4.8;	0.0
1378827291;	2;	5199.99864;	77.9999796;	1.5;	8359936.0;	145401.86666666667;	0.0;	10.4;	4.6;	0.0
1378827591;	2;	5199.99864;	97.06664127999998;	1.8666666666666665;	8359936.0;	436206.4;	0.0;	15.4;	4.8;	0.0
1378827891;	2;	5199.99864;	77.9999796;	1.5;	8359936.0;	190140.8;	0.0;	10.2;	4.733333333333333;	0.0
1378828191;	2;	5199.99864;	77.9999796;	1.5;	8359936.0;	61514.933333333334;	0.0;	9.933333333333334;	4.666666666666667;	0.0
1378828491;	2;	5199.99864;	81.46664535999999;	1.5666666666666667;	8359936.0;	128623.46666666666;	0.0;	9.866666666666667;	4.533333333333333;	0.0
1378828791;	2;	5199.99864;	77.9999796;	1.5;	8359936.0;	156586.93333333332;	0.0;	10.133333333333333;	4.666666666666667;	0.0
1378829091;	2;	5199.99864;	77.9999796;	1.5;	8359936.0;	212510.93333333332;	0.0;	11.133333333333333;	4.733333333333333;	0.0
1378829391;	2;	5199.99864;	81.46664535999999;	1.5666666666666667;	8359936.0;	128624.0;	0.0;	10.133333333333333;	4.6;	0.0
1378829691;	2;	5199.99864;	74.53331384;	1.4333333333333333;	8359936.0;	106253.6;	0.0;	10.066666666666666;	4.666666666666667;	0.0
1378829991;	2;	5199.99864;	72.79998096;	1.4;	8359936.0;	95069.6;	0.0;	10.066666666666666;	4.6;	0.0
1378830291;	2;	5199.99864;	76.26664671999998;	1.4666666666666666;	8359936.0;	33553.6;	0.0;	10.2;	4.866666666666666;	0.0
1378830591;	2;	5199.99864;	77.9999796;	1.5;	8359936.0;	83884.0;	0.0;	9.933333333333334;	4.8;	0.0
1378830892;	2;	5199.99864;	77.9999796;	1.5;	8359936.0;	117439.2;	0.0;	10.466666666666667;	4.733333333333333;	0.0
1378831192;	2;	5199.99864;	91.86664264;	1.7666666666666666;	8359936.0;	391467.2;	0.0;	15.266666666666667;	4.666666666666667;	0.0
1378831492;	2;	5199.99864;	74.53331384;	1.4333333333333333;	8359936.0;	134216.53333333333;	0.0;	10.133333333333333;	4.6;	0.0
1378831791;	2;	5199.99864;	71.06664808;	1.3666666666666665;	8359936.0;	195732.53333333333;	0.0;	10.066666666666666;	4.6;	0.0
1378832091;	2;	5199.99864;	72.79998096;	1.4;	8359936.0;	206918.13333333333;	0.0;	10.066666666666666;	4.733333333333333;	0.0
1378832391;	2;	5199.99864;	74.53331384;	1.4333333333333333;	8359936.0;	178955.2;	0.0;	9.8;	4.666666666666667;	0.0
1378832691;	2;	5199.99864;	81.46664535999999;	1.5666666666666667;	8359936.0;	117439.2;	0.0;	11.733333333333333;	4.933333333333334;	0.0
1378832991;	2;	5199.99864;	77.9999796;	1.5;	8359936.0;	184548.26666666666;	0.0;	9.933333333333334;	4.733333333333333;	0.0
1378833291;	2;	5199.99864;	79.73331248000001;	1.5333333333333334;	8359936.0;	145401.06666666668;	0.0;	10.266666666666667;	4.8;	0.0
1378833591;	2;	5199.99864;	81.46664535999999;	1.5666666666666667;	8359936.0;	139808.53333333333;	0.0;	10.133333333333333;	4.733333333333333;	0.0
1378833891;	2;	5199.99864;	76.26664671999998;	1.4666666666666666;	8359936.0;	139809.6;	0.0;	10.133333333333333;	4.666666666666667;	0.0
1378834191;	2;	5199.99864;	95.3333084;	1.8333333333333335;	8359936.0;	123032.26666666666;	0.0;	10.0;	4.733333333333333;	0.0
1378834492;	2;	5199.99864;	93.59997552;	1.8;	8359936.0;	139808.26666666666;	0.0;	10.266666666666667;	4.733333333333333;	0.0
1378834792;	2;	5199.99864;	105.73330568;	2.033333333333333;	8359936.0;	296396.5333333333;	0.0;	15.266666666666667;	4.666666666666667;	0.0
1378835092;	2;	5199.99864;	79.73331248000001;	1.5333333333333334;	8359936.0;	190140.53333333333;	0.0;	10.133333333333333;	4.6;	0.0
1378835392;	2;	5199.99864;	76.26664671999998;	1.4666666666666666;	8359936.0;	100661.33333333333;	0.0;	10.0;	4.6;	0.0
1378835692;	2;	5199.99864;	76.26664671999998;	1.4666666666666666;	8359936.0;	72699.46666666666;	0.0;	10.133333333333333;	4.733333333333333;	0.0
1378835992;	2;	5199.99864;	76.26664671999998;	1.4666666666666666;	8359936.0;	50331.2;	0.0;	10.066666666666666;	4.733333333333333;	0.0
1378836292;	2;	5199.99864;	79.73331248000001;	1.5333333333333334;	8359936.0;	106254.13333333333;	0.0;	11.2;	4.8;	0.0
1378836592;	2;	5199.99864;	77.9999796;	1.5;	8359936.0;	67108.8;	0.0;	10.2;	4.733333333333333;	0.0
1378836892;	2;	5199.99864;	81.46664535999999;	1.5666666666666667;	8359936.0;	150994.4;	0.0;	10.066666666666666;	4.666666666666667;	0.0
1378837192;	2;	5199.99864;	79.73331248000001;	1.5333333333333334;	8359936.0;	156586.66666666666;	0.0;	10.133333333333333;	4.8;	0.0
1378837492;	2;	5199.99864;	77.9999796;	1.5;	8359936.0;	150994.4;	0.0;	10.066666666666666;	4.666666666666667;	0.0
1378837792;	2;	5199.99864;	77.9999796;	1.5;	8359936.0;	95069.86666666667;	0.0;	9.933333333333334;	4.6;	0.0
1378838092;	2;	5199.99864;	76.26664671999998;	1.4666666666666666;	8359936.0;	67107.2;	0.0;	10.266666666666667;	4.733333333333333;	0.0
1378838392;	2;	5199.99864;	93.59997552;	1.8;	8359936.0;	117438.4;	0.0;	15.4;	4.666666666666667;	0.0
1378838692;	2;	5199.99864;	77.9999796;	1.5;	8359936.0;	156585.6;	0.0;	10.066666666666666;	4.733333333333333;	0.0
1378838992;	2;	5199.99864;	77.9999796;	1.5;	8359936.0;	150993.6;	0.0;	10.133333333333333;	4.666666666666667;	0.0
1378839292;	2;	5199.99864;	77.9999796;	1.5;	8359936.0;	184548.53333333333;	0.0;	10.2;	4.8;	0.0
1378839592;	2;	5199.99864;	71.06664808;	1.3666666666666665;	8359936.0;	139808.0;	0.0;	10.133333333333333;	4.8;	0.0
1378839892;	2;	5199.99864;	81.46664535999999;	1.5666666666666667;	8359936.0;	167770.13333333333;	0.0;	10.933333333333334;	4.8;	0.0
1378840192;	2;	5199.99864;	74.53331384;	1.4333333333333333;	8359936.0;	89476.53333333334;	0.0;	10.066666666666666;	4.8;	0.0
1378840492;	2;	5199.99864;	97.06664127999998;	1.8666666666666665;	8359936.0;	123032.0;	0.0;	10.266666666666667;	4.733333333333333;	0.0
1378840792;	2;	5199.99864;	128.26663312;	2.466666666666667;	8359936.0;	78292.0;	0.0;	10.0;	4.8;	0.0
1378841092;	2;	5199.99864;	117.86663584;	2.2666666666666666;	8359936.0;	134217.33333333334;	0.0;	10.133333333333333;	4.8;	0.0
1378841392;	2;	5199.99864;	107.46663855999999;	2.0666666666666664;	8359936.0;	83884.0;	0.0;	10.2;	4.866666666666666;	0.0
1378841692;	2;	5199.99864;	103.9999728;	2.0;	8359936.0;	150993.6;	0.0;	10.4;	4.866666666666666;	0.0
1378841992;	2;	5199.99864;	114.39997008;	2.2;	8359936.0;	346728.26666666666;	0.0;	16.0;	4.933333333333334;	0.0
1378842293;	2;	5199.99864;	110.93330431999999;	2.1333333333333333;	8359936.0;	123032.26666666666;	0.0;	10.0;	4.666666666666667;	0.0
1378842593;	2;	5199.99864;	109.19997144000001;	2.1;	8359936.0;	83884.0;	0.0;	10.0;	4.733333333333333;	0.0
1378842893;	2;	5199.99864;	123.06663447999999;	2.3666666666666667;	8359936.0;	201325.6;	0.0;	10.133333333333333;	4.8;	0.0
1378843193;	2;	5199.99864;	98.79997415999998;	1.9;	8359936.0;	72699.46666666666;	0.0;	10.066666666666666;	4.733333333333333;	0.0
1378843493;	2;	5199.99864;	83.19997824000001;	1.6;	8359936.0;	150993.6;	0.0;	11.0;	4.866666666666666;	0.0
1378843793;	2;	5199.99864;	98.79997415999998;	1.9;	8359936.0;	134216.0;	0.0;	10.6;	4.8;	0.06666666666666667
1378844093;	2;	5199.99864;	100.53330704;	1.9333333333333333;	8359936.0;	150994.4;	0.0;	10.266666666666667;	4.8;	0.0
1378844393;	2;	5199.99864;	114.39997008;	2.2;	8359936.0;	67107.2;	0.0;	10.133333333333333;	4.733333333333333;	0.0
1378844693;	2;	5199.99864;	93.59997552;	1.8;	8359936.0;	83884.0;	0.0;	10.2;	4.666666666666667;	0.0
1378844993;	2;	5199.99864;	81.46664535999999;	1.5666666666666667;	8359936.0;	44738.13333333333;	0.0;	10.266666666666667;	4.8;	0.0
1378845293;	2;	5199.99864;	81.46664535999999;	1.5666666666666667;	8359936.0;	50330.4;	0.0;	10.4;	4.8;	0.0
1378845593;	2;	5199.99864;	110.93330431999999;	2.1333333333333333;	8359936.0;	134215.73333333334;	0.0;	15.533333333333333;	4.8;	0.0
1378845893;	2;	5199.99864;	77.9999796;	1.5;	8359936.0;	61514.933333333334;	0.0;	10.4;	4.733333333333333;	0.0
1378846193;	2;	5199.99864;	77.9999796;	1.5;	8359936.0;	167770.4;	0.0;	10.0;	4.733333333333333;	0.0
1378846493;	2;	5199.99864;	84.93331112;	1.6333333333333335;	8359936.0;	162178.66666666666;	0.0;	10.266666666666667;	4.8;	0.0
1378846793;	2;	5199.99864;	79.73331248000001;	1.5333333333333334;	8359936.0;	206918.13333333333;	0.0;	10.133333333333333;	4.666666666666667;	0.0
1378847093;	2;	5199.99864;	77.9999796;	1.5;	8359936.0;	83884.0;	0.0;	11.066666666666666;	4.666666666666667;	0.0
1378847393;	2;	5199.99864;	77.9999796;	1.5;	8359936.0;	111846.66666666667;	0.0;	10.266666666666667;	4.6;	0.0
1378847693;	2;	5199.99864;	77.9999796;	1.5;	8359936.0;	150993.6;	0.0;	10.266666666666667;	4.6;	0.0
1378847993;	2;	5199.99864;	77.9999796;	1.5;	8359936.0;	167771.2;	0.0;	10.133333333333333;	4.666666666666667;	0.0
1378848293;	2;	5199.99864;	79.73331248000001;	1.5333333333333334;	8359936.0;	39145.86666666667;	0.0;	10.066666666666666;	4.733333333333333;	0.0
1378848593;	2;	5199.99864;	83.19997824000001;	1.6;	8359936.0;	61516.0;	0.0;	10.133333333333333;	4.733333333333333;	0.0
1378848893;	2;	5199.99864;	81.46664535999999;	1.5666666666666667;	8359936.0;	128623.73333333334;	0.0;	10.333333333333334;	4.933333333333334;	0.0
1378849193;	2;	5199.99864;	93.59997552;	1.8;	8359936.0;	285211.2;	0.0;	15.266666666666667;	4.8;	0.0
1378849493;	2;	5199.99864;	79.73331248000001;	1.5333333333333334;	8359936.0;	100662.66666666667;	0.0;	10.133333333333333;	4.8;	0.0
1378849793;	2;	5199.99864;	77.9999796;	1.5;	8359936.0;	33553.6;	0.0;	9.933333333333334;	4.8;	0.0
1378850093;	2;	5199.99864;	77.9999796;	1.5;	8359936.0;	72700.8;	0.0;	10.933333333333334;	4.733333333333333;	0.0
1378850393;	2;	5199.99864;	77.9999796;	1.5;	8359936.0;	150992.8;	0.0;	10.2;	4.933333333333334;	0.0
1378850693;	2;	5199.99864;	77.9999796;	1.5;	8359936.0;	100661.6;	0.0;	11.0;	5.066666666666666;	0.0
1378850993;	2;	5199.99864;	77.9999796;	1.5;	8359936.0;	218101.6;	0.0;	10.0;	4.933333333333334;	0.0
1378851293;	2;	5199.99864;	77.9999796;	1.5;	8359936.0;	145400.8;	0.0;	10.2;	4.866666666666666;	0.0
1378851593;	2;	5199.99864;	77.9999796;	1.5;	8359936.0;	106253.86666666667;	0.0;	9.8;	4.733333333333333;	0.0
1378851893;	2;	5199.99864;	79.73331248000001;	1.5333333333333334;	8359936.0;	95070.13333333333;	0.0;	10.133333333333333;	4.733333333333333;	0.0
1378852193;	2;	5199.99864;	83.19997824000001;	1.6;	8359936.0;	83884.0;	0.0;	10.066666666666666;	4.733333333333333;	0.0
1378852493;	2;	5199.99864;	83.19997824000001;	1.6;	8359936.0;	117439.2;	0.0;	10.4;	4.733333333333333;	0.0
1378852794;	2;	5199.99864;	149.06662768;	2.8666666666666667;	8359936.0;	525684.5333333333;	0.0;	41.733333333333334;	5.333333333333333;	1.3333333333333333
1378853094;	2;	5199.99864;	77.9999796;	1.5;	8359936.0;	402651.4666666667;	0.0;	10.2;	4.8;	0.0
1378853394;	2;	5199.99864;	81.46664535999999;	1.5666666666666667;	8359936.0;	162177.6;	0.0;	10.0;	4.666666666666667;	0.0
1378853694;	2;	5199.99864;	79.73331248000001;	1.5333333333333334;	8359936.0;	167770.13333333333;	0.0;	10.066666666666666;	4.733333333333333;	0.0
1378853994;	2;	5199.99864;	76.26664671999998;	1.4666666666666666;	8359936.0;	162179.46666666667;	0.0;	10.066666666666666;	4.6;	0.0
1378854294;	2;	5199.99864;	86.66664399999999;	1.6666666666666665;	8359936.0;	150994.13333333333;	0.0;	10.642857142857142;	4.8;	0.0
1378854594;	2;	5199.99864;	81.46664535999999;	1.5666666666666667;	8359936.0;	100662.4;	0.0;	10.8;	4.866666666666666;	0.0
1378854894;	2;	5199.99864;	88.39997688;	1.7;	8359936.0;	128623.46666666666;	0.0;	9.357142857142858;	4.666666666666667;	0.0
1378855194;	2;	5199.99864;	77.9999796;	1.5;	8359936.0;	117439.2;	0.0;	10.133333333333333;	4.733333333333333;	0.0
1378855494;	2;	5199.99864;	77.9999796;	1.5;	8359936.0;	111846.93333333333;	0.0;	10.133333333333333;	4.666666666666667;	0.0
1378855794;	2;	5199.99864;	81.46664535999999;	1.5666666666666667;	8359936.0;	145400.53333333333;	0.0;	10.066666666666666;	4.6;	0.0
1378856094;	2;	5199.99864;	83.19997824000001;	1.6;	8359936.0;	39146.666666666664;	0.0;	10.266666666666667;	4.533333333333333;	0.0
1378856394;	2;	5199.99864;	98.79997415999998;	1.9;	8359936.0;	229287.73333333334;	0.0;	15.333333333333334;	4.733333333333333;	0.0
1378856694;	2;	5199.99864;	81.46664535999999;	1.5666666666666667;	8359936.0;	72701.06666666667;	0.0;	10.2;	4.733333333333333;	0.0
1378856994;	2;	5199.99864;	77.9999796;	1.5;	8359936.0;	111846.66666666667;	0.0;	10.133333333333333;	4.8;	0.0
1378857294;	2;	5199.99864;	77.9999796;	1.5;	8359936.0;	83884.0;	0.0;	10.2;	4.733333333333333;	0.0
1378857594;	2;	5199.99864;	77.9999796;	1.5;	8359936.0;	95069.06666666667;	0.0;	10.4;	4.733333333333333;	0.0
1378857894;	2;	5199.99864;	77.9999796;	1.5;	8359936.0;	44738.13333333333;	0.0;	11.0;	4.8;	0.0
1378858194;	2;	5199.99864;	138.6666304;	2.666666666666667;	8359936.0;	167770.93333333332;	0.0;	48.13333333333333;	7.466666666666667;	149.2
1378858494;	2;	5199.99864;	565.06651888;	10.866666666666667;	8359936.0;	408244.5333333333;	0.0;	108.13333333333334;	10.0;	76.6
1378858794;	2;	5199.99864;	77.9999796;	1.5;	8359936.0;	301988.8;	0.0;	10.8;	4.6;	0.0
1378859094;	2;	5199.99864;	77.9999796;	1.5;	8359936.0;	83884.0;	0.0;	9.866666666666667;	4.666666666666667;	0.0
1378859394;	2;	5199.99864;	77.9999796;	1.5;	8359936.0;	100661.6;	0.0;	9.933333333333334;	4.733333333333333;	0.0
1378859694;	2;	5199.99864;	77.9999796;	1.5;	8359936.0;	83884.0;	0.0;	10.133333333333333;	4.666666666666667;	0.0
1378859994;	2;	5199.99864;	95.3333084;	1.8333333333333335;	8359936.0;	285211.73333333334;	0.0;	15.6;	4.866666666666666;	0.0
1378860294;	2;	5199.99864;	77.9999796;	1.5;	8359936.0;	150994.4;	0.0;	10.0;	4.666666666666667;	0.0
1378860594;	2;	5199.99864;	77.9999796;	1.5;	8359936.0;	100663.2;	0.0;	10.0;	4.666666666666667;	0.0
1378860894;	2;	5199.99864;	77.9999796;	1.5;	8359936.0;	150994.4;	0.0;	9.933333333333334;	4.733333333333333;	0.0
1378861194;	2;	5199.99864;	77.9999796;	1.5;	8359936.0;	134216.8;	0.0;	9.866666666666667;	4.666666666666667;	0.0
1378861494;	2;	5199.99864;	77.9999796;	1.5;	8359936.0;	106254.13333333333;	0.0;	10.8;	4.666666666666667;	0.0
1378861794;	2;	5199.99864;	76.26664671999998;	1.4666666666666666;	8359936.0;	134216.0;	0.0;	10.066666666666666;	4.6;	0.0
1378862094;	2;	5199.99864;	77.9999796;	1.5;	8359936.0;	83884.8;	0.0;	10.0;	4.8;	0.0
1378862394;	2;	5199.99864;	77.9999796;	1.5;	8359936.0;	83884.0;	0.0;	9.933333333333334;	4.666666666666667;	0.0
1378862694;	2;	5199.99864;	77.9999796;	1.5;	8359936.0;	134216.0;	0.0;	10.066666666666666;	4.666666666666667;	0.0
1378862994;	2;	5199.99864;	77.9999796;	1.5;	8359936.0;	184548.0;	0.0;	10.066666666666666;	4.666666666666667;	0.0
1378863294;	2;	5199.99864;	77.9999796;	1.5;	8359936.0;	134215.73333333334;	0.0;	10.066666666666666;	4.6;	0.0
1378863595;	2;	5199.99864;	97.06664127999998;	1.8666666666666665;	8359936.0;	352320.0;	0.0;	15.266666666666667;	4.733333333333333;	0.0
1378863895;	2;	5199.99864;	77.9999796;	1.5;	8359936.0;	78292.26666666666;	0.0;	9.733333333333333;	4.666666666666667;	0.0
1378864195;	2;	5199.99864;	77.9999796;	1.5;	8359936.0;	150994.4;	0.0;	9.933333333333334;	4.666666666666667;	0.0
1378864494;	2;	5199.99864;	77.9999796;	1.5;	8359936.0;	100663.2;	0.0;	9.8;	4.6;	0.0
1378864794;	2;	5199.99864;	76.26664671999998;	1.4666666666666666;	8359936.0;	27961.333333333332;	0.0;	10.0;	4.733333333333333;	0.0
1378865094;	2;	5199.99864;	233.9999388;	4.5;	8359936.0;	139808.0;	0.0;	12.933333333333334;	6.266666666666667;	0.8
1378865394;	2;	5199.99864;	83.19997824000001;	1.6;	8359936.0;	184548.0;	0.0;	11.466666666666667;	4.6;	0.0
1378865694;	2;	5199.99864;	98.79997415999998;	1.9;	8359936.0;	134217.6;	0.0;	23.066666666666666;	11.6;	0.2
1378865994;	2;	5199.99864;	88.39997688;	1.7;	8359936.0;	369097.6;	0.0;	11.533333333333333;	4.6;	0.0
1378866294;	2;	5199.99864;	77.9999796;	1.5;	8359936.0;	100662.4;	0.0;	10.066666666666666;	4.6;	0.0
1378866594;	2;	5199.99864;	77.9999796;	1.5;	8359936.0;	234880.0;	0.0;	9.8;	4.733333333333333;	0.0
1378866894;	2;	5199.99864;	77.9999796;	1.5;	8359936.0;	139809.33333333334;	0.0;	10.266666666666667;	4.666666666666667;	0.0
1378867194;	2;	5199.99864;	97.06664127999998;	1.8666666666666665;	8359936.0;	301988.0;	0.0;	15.133333333333333;	4.8;	0.0
1378867494;	2;	5199.99864;	77.9999796;	1.5;	8359936.0;	72699.46666666666;	0.0;	10.0;	4.6;	0.0
1378867794;	2;	5199.99864;	77.9999796;	1.5;	8359936.0;	72699.73333333334;	0.0;	9.8;	4.6;	0.0
1378868094;	2;	5199.99864;	77.9999796;	1.5;	8359936.0;	156585.86666666667;	0.0;	10.0;	4.666666666666667;	0.0
1378868394;	2;	5199.99864;	81.46664535999999;	1.5666666666666667;	8359936.0;	145401.86666666667;	0.0;	10.266666666666667;	4.733333333333333;	0.0
1378868694;	2;	5199.99864;	77.9999796;	1.5;	8359936.0;	139808.53333333333;	0.0;	10.666666666666666;	4.733333333333333;	0.0
1378868994;	2;	5199.99864;	77.9999796;	1.5;	8359936.0;	100661.6;	0.0;	10.133333333333333;	4.666666666666667;	0.0
1378869294;	2;	5199.99864;	77.9999796;	1.5;	8359936.0;	83884.0;	0.0;	9.866666666666667;	4.6;	0.0
1378869594;	2;	5199.99864;	77.9999796;	1.5;	8359936.0;	100661.6;	0.0;	10.066666666666666;	4.6;	0.0
1378869894;	2;	5199.99864;	77.9999796;	1.5;	8359936.0;	95069.06666666667;	0.0;	10.133333333333333;	4.666666666666667;	0.0
1378870194;	2;	5199.99864;	77.9999796;	1.5;	8359936.0;	78292.8;	0.0;	10.066666666666666;	4.8;	0.0
1378870494;	2;	5199.99864;	77.9999796;	1.5;	8359936.0;	111846.93333333333;	0.0;	10.133333333333333;	4.6;	0.0
1378870794;	2;	5199.99864;	97.06664127999998;	1.8666666666666665;	8359936.0;	251657.06666666668;	0.0;	15.2;	4.733333333333333;	0.0
1378871094;	2;	5199.99864;	77.9999796;	1.5;	8359936.0;	106253.86666666667;	0.0;	10.0;	4.733333333333333;	0.0
1378871394;	2;	5199.99864;	77.9999796;	1.5;	8359936.0;	106254.13333333333;	0.0;	10.0;	4.733333333333333;	0.0
1378871695;	2;	5199.99864;	76.26664671999998;	1.4666666666666666;	8359936.0;	100661.6;	0.0;	9.933333333333334;	4.866666666666666;	0.0
1378871995;	2;	5199.99864;	76.26664671999998;	1.4666666666666666;	8359936.0;	39146.666666666664;	0.0;	10.066666666666666;	4.733333333333333;	0.0
1378872295;	2;	5199.99864;	77.9999796;	1.5;	8359936.0;	173364.0;	0.0;	10.933333333333334;	4.8;	0.0
1378872595;	2;	5199.99864;	76.26664671999998;	1.4666666666666666;	8359936.0;	240473.06666666668;	0.0;	10.133333333333333;	4.666666666666667;	0.0
1378872895;	2;	5199.99864;	76.26664671999998;	1.4666666666666666;	8359936.0;	139809.33333333334;	0.0;	10.266666666666667;	4.866666666666666;	0.0
1378873195;	2;	5199.99864;	77.9999796;	1.5;	8359936.0;	95069.06666666667;	0.0;	9.8;	4.666666666666667;	0.0
1378873495;	2;	5199.99864;	76.26664671999998;	1.4666666666666666;	8359936.0;	67107.2;	0.0;	9.933333333333334;	4.6;	0.0
1378873795;	2;	5199.99864;	76.26664671999998;	1.4666666666666666;	8359936.0;	134216.26666666666;	0.0;	9.8;	4.666666666666667;	0.0
1378874095;	2;	5199.99864;	77.9999796;	1.5;	8359936.0;	128624.53333333334;	0.0;	10.133333333333333;	4.6;	0.0
1378874395;	2;	5199.99864;	95.3333084;	1.8333333333333335;	8359936.0;	313173.6;	0.0;	15.2;	4.733333333333333;	0.0
1378874695;	2;	5199.99864;	77.9999796;	1.5;	8359936.0;	150993.33333333334;	0.0;	9.866666666666667;	4.666666666666667;	0.0
1378874995;	2;	5199.99864;	77.9999796;	1.5;	8359936.0;	100661.6;	0.0;	9.733333333333333;	4.6;	0.0
1378875295;	2;	5199.99864;	77.9999796;	1.5;	8359936.0;	95069.06666666667;	0.0;	9.866666666666667;	4.533333333333333;	0.0
1378875595;	2;	5199.99864;	77.9999796;	1.5;	8359936.0;	195733.33333333334;	0.0;	9.933333333333334;	4.666666666666667;	0.0
1378875895;	2;	5199.99864;	77.9999796;	1.5;	8359936.0;	78292.26666666666;	0.0;	10.733333333333333;	4.733333333333333;	0.0
1378876195;	2;	5199.99864;	79.73331248000001;	1.5333333333333334;	8359936.0;	72699.73333333334;	0.0;	10.8;	4.733333333333333;	0.0
1378876495;	2;	5199.99864;	72.79998096;	1.4;	8359936.0;	167772.0;	0.0;	9.866666666666667;	4.6;	0.0
1378876795;	2;	5199.99864;	76.26664671999998;	1.4666666666666666;	8359936.0;	145401.06666666668;	0.0;	9.733333333333333;	4.533333333333333;	0.0
1378877095;	2;	5199.99864;	74.53331384;	1.4333333333333333;	8359936.0;	83884.0;	0.0;	9.933333333333334;	4.6;	0.0
1378877395;	2;	5199.99864;	76.26664671999998;	1.4666666666666666;	8359936.0;	162179.46666666667;	0.0;	9.733333333333333;	4.6;	0.0
1378877695;	2;	5199.99864;	77.9999796;	1.5;	8359936.0;	134216.8;	0.0;	10.4;	4.8;	0.0
1378877995;	2;	5199.99864;	98.79997415999998;	1.9;	8359936.0;	307581.06666666665;	0.0;	15.533333333333333;	4.8;	0.0
1378878295;	2;	5199.99864;	76.26664671999998;	1.4666666666666666;	8359936.0;	111846.13333333333;	0.0;	9.866666666666667;	4.733333333333333;	0.0
1378878595;	2;	5199.99864;	76.26664671999998;	1.4666666666666666;	8359936.0;	72700.8;	0.0;	9.933333333333334;	4.666666666666667;	0.0
1378878895;	2;	5199.99864;	76.26664671999998;	1.4666666666666666;	8359936.0;	0.0;	0.0;	9.733333333333333;	4.733333333333333;	0.0
1378879195;	2;	5199.99864;	77.9999796;	1.5;	8359936.0;	83885.06666666667;	0.0;	10.0;	4.666666666666667;	0.0
1378879495;	2;	5199.99864;	79.73331248000001;	1.5333333333333334;	8359936.0;	206917.86666666667;	0.0;	10.8;	4.733333333333333;	0.0
1378879795;	2;	5199.99864;	76.26664671999998;	1.4666666666666666;	8359936.0;	156586.4;	0.0;	10.2;	4.666666666666667;	0.0
1378880095;	2;	5199.99864;	77.9999796;	1.5;	8359936.0;	117439.2;	0.0;	9.933333333333334;	4.666666666666667;	0.0
1378880396;	2;	5199.99864;	77.9999796;	1.5;	8359936.0;	167771.2;	0.0;	9.733333333333333;	4.8;	0.0
1378880696;	2;	5199.99864;	77.9999796;	1.5;	8359936.0;	111846.66666666667;	0.0;	10.0;	4.666666666666667;	0.0
1378880996;	2;	5199.99864;	77.9999796;	1.5;	8359936.0;	145401.86666666667;	0.0;	10.066666666666666;	4.733333333333333;	0.0
1378881296;	2;	5199.99864;	76.26664671999998;	1.4666666666666666;	8359936.0;	83884.0;	0.0;	10.2;	4.6;	0.0
1378881596;	2;	5199.99864;	98.79997415999998;	1.9;	8359936.0;	290803.2;	0.0;	15.2;	4.8;	0.0
1378881896;	2;	5199.99864;	77.9999796;	1.5;	8359936.0;	100662.13333333333;	0.0;	9.933333333333334;	4.666666666666667;	0.0
1378882196;	2;	5199.99864;	76.26664671999998;	1.4666666666666666;	8359936.0;	72699.46666666666;	0.0;	9.933333333333334;	4.533333333333333;	0.0
1378882496;	2;	5199.99864;	74.53331384;	1.4333333333333333;	8359936.0;	156586.93333333332;	0.0;	10.133333333333333;	4.666666666666667;	0.0
1378882796;	2;	5199.99864;	76.26664671999998;	1.4666666666666666;	8359936.0;	111846.66666666667;	0.0;	9.933333333333334;	4.733333333333333;	0.0
1378883096;	2;	5199.99864;	93.59997552;	1.8;	8359936.0;	178955.46666666667;	0.0;	15.933333333333334;	4.8;	0.13333333333333333
1378883396;	2;	5199.99864;	76.26664671999998;	1.4666666666666666;	8359936.0;	218103.2;	0.0;	10.2;	4.6;	0.0
1378883696;	2;	5199.99864;	76.26664671999998;	1.4666666666666666;	8359936.0;	67107.2;	0.0;	10.066666666666666;	4.533333333333333;	0.0
1378883996;	2;	5199.99864;	77.9999796;	1.5;	8359936.0;	117438.4;	0.0;	9.733333333333333;	4.533333333333333;	0.0
1378884296;	2;	5199.99864;	77.9999796;	1.5;	8359936.0;	223694.4;	0.0;	10.0;	4.533333333333333;	0.0
1378884596;	2;	5199.99864;	77.9999796;	1.5;	8359936.0;	83884.0;	0.0;	10.0;	4.6;	0.0
1378884896;	2;	5199.99864;	77.9999796;	1.5;	8359936.0;	27961.333333333332;	0.0;	10.066666666666666;	4.533333333333333;	0.0
1378885196;	2;	5199.99864;	98.79997415999998;	1.9;	8359936.0;	206917.33333333334;	0.0;	15.133333333333333;	4.8;	0.0
1378885496;	2;	5199.99864;	77.9999796;	1.5;	8359936.0;	134216.8;	0.0;	9.8;	4.6;	0.0
1378885796;	2;	5199.99864;	77.9999796;	1.5;	8359936.0;	83884.0;	0.0;	9.866666666666667;	4.6;	0.0
1378886096;	2;	5199.99864;	77.9999796;	1.5;	8359936.0;	67107.2;	0.0;	9.933333333333334;	4.6;	0.0
1378886396;	2;	5199.99864;	76.26664671999998;	1.4666666666666666;	8359936.0;	100662.4;	0.0;	9.733333333333333;	4.666666666666667;	0.0
1378886696;	2;	5199.99864;	76.26664671999998;	1.4666666666666666;	8359936.0;	111846.93333333333;	0.0;	10.8;	4.6;	0.0
1378886996;	2;	5199.99864;	79.73331248000001;	1.5333333333333334;	8359936.0;	83884.8;	0.0;	10.266666666666667;	4.733333333333333;	0.0
1378887296;	2;	5199.99864;	77.9999796;	1.5;	8359936.0;	111847.46666666666;	0.0;	10.0;	4.8;	0.0
1378887596;	2;	5199.99864;	76.26664671999998;	1.4666666666666666;	8359936.0;	167770.4;	0.0;	9.933333333333334;	4.666666666666667;	0.0
1378887896;	2;	5199.99864;	77.9999796;	1.5;	8359936.0;	128625.06666666667;	0.0;	10.0;	4.533333333333333;	0.0
1378888196;	2;	5199.99864;	77.9999796;	1.5;	8359936.0;	106255.2;	0.0;	9.733333333333333;	4.533333333333333;	0.0
1378888496;	2;	5199.99864;	76.26664671999998;	1.4666666666666666;	8359936.0;	95069.33333333333;	0.0;	10.133333333333333;	4.666666666666667;	0.0
1378888796;	2;	5199.99864;	97.06664127999998;	1.8666666666666665;	8359936.0;	234879.2;	0.0;	15.2;	4.8;	0.0
1378889096;	2;	5199.99864;	77.9999796;	1.5;	8359936.0;	173362.93333333332;	0.0;	9.866666666666667;	4.666666666666667;	0.0
1378889396;	2;	5199.99864;	77.9999796;	1.5;	8359936.0;	100662.4;	0.0;	9.8;	4.533333333333333;	0.0
1378889696;	2;	5199.99864;	77.9999796;	1.5;	8359936.0;	67107.2;	0.0;	9.8;	4.666666666666667;	0.0
1378889997;	2;	5199.99864;	81.46664535999999;	1.5666666666666667;	8359936.0;	150992.8;	0.0;	9.933333333333334;	4.533333333333333;	0.0
1378890297;	2;	5199.99864;	86.66664399999999;	1.6666666666666665;	8359936.0;	89477.33333333333;	0.0;	11.066666666666666;	4.6;	0.0
1378890597;	2;	5199.99864;	84.93331112;	1.6333333333333335;	8359936.0;	134216.8;	0.0;	9.933333333333334;	4.733333333333333;	0.0
1378890897;	2;	5199.99864;	79.73331248000001;	1.5333333333333334;	8359936.0;	150993.6;	0.0;	9.8;	4.6;	0.0
1378891197;	2;	5199.99864;	84.93331112;	1.6333333333333335;	8359936.0;	117438.4;	0.0;	9.866666666666667;	4.6;	0.0
1378891497;	2;	5199.99864;	79.73331248000001;	1.5333333333333334;	8359936.0;	100662.4;	0.0;	10.066666666666666;	4.666666666666667;	0.0
1378891797;	2;	5199.99864;	84.93331112;	1.6333333333333335;	8359936.0;	117438.4;	0.0;	9.866666666666667;	4.733333333333333;	0.0
1378892097;	2;	5199.99864;	81.46664535999999;	1.5666666666666667;	8359936.0;	100661.86666666667;	0.0;	10.4;	4.666666666666667;	0.0
1378892397;	2;	5199.99864;	112.66663719999998;	2.1666666666666665;	8359936.0;	234879.2;	0.0;	15.333333333333334;	4.8;	0.0
1378892697;	2;	5199.99864;	79.73331248000001;	1.5333333333333334;	8359936.0;	72699.46666666666;	0.0;	9.933333333333334;	4.733333333333333;	0.0
1378892997;	2;	5199.99864;	84.93331112;	1.6333333333333335;	8359936.0;	145401.86666666667;	0.0;	10.133333333333333;	4.733333333333333;	0.0
1378893297;	2;	5199.99864;	84.93331112;	1.6333333333333335;	8359936.0;	89476.53333333334;	0.0;	10.066666666666666;	4.533333333333333;	0.0
1378893597;	2;	5199.99864;	84.93331112;	1.6333333333333335;	8359936.0;	100661.6;	0.0;	10.333333333333334;	4.733333333333333;	0.0
1378893897;	2;	5199.99864;	91.86664264;	1.7666666666666666;	8359936.0;	111846.66666666667;	0.0;	11.266666666666667;	4.866666666666666;	0.0
1378894197;	2;	5199.99864;	86.66664399999999;	1.6666666666666665;	8359936.0;	89476.53333333334;	0.0;	10.333333333333334;	4.733333333333333;	0.0
1378894497;	2;	5199.99864;	84.93331112;	1.6333333333333335;	8359936.0;	78291.73333333334;	0.0;	10.066666666666666;	4.733333333333333;	0.0
1378894797;	2;	5199.99864;	86.66664399999999;	1.6666666666666665;	8359936.0;	128624.26666666666;	0.0;	10.266666666666667;	4.733333333333333;	0.0
1378895097;	2;	5199.99864;	88.39997688;	1.7;	8359936.0;	134216.53333333333;	0.0;	10.4;	4.733333333333333;	0.0
1378895397;	2;	5199.99864;	83.19997824000001;	1.6;	8359936.0;	117439.46666666666;	0.0;	10.2;	4.733333333333333;	0.0
1378895697;	2;	5199.99864;	83.19997824000001;	1.6;	8359936.0;	106254.13333333333;	0.0;	10.333333333333334;	4.6;	0.0
1378895997;	2;	5199.99864;	107.46663855999999;	2.0666666666666664;	8359936.0;	279620.0;	0.0;	15.866666666666667;	4.733333333333333;	0.0
1378896297;	2;	5199.99864;	84.93331112;	1.6333333333333335;	8359936.0;	173364.0;	0.0;	10.266666666666667;	4.8;	0.0
1378896597;	2;	5199.99864;	90.13330975999999;	1.7333333333333334;	8359936.0;	95069.06666666667;	0.0;	10.2;	4.733333333333333;	0.0
1378896897;	2;	5199.99864;	84.93331112;	1.6333333333333335;	8359936.0;	72700.26666666666;	0.0;	10.266666666666667;	4.733333333333333;	0.0
1378897197;	2;	5199.99864;	88.39997688;	1.7;	8359936.0;	78292.8;	0.0;	10.133333333333333;	4.733333333333333;	0.0
1378897497;	2;	5199.99864;	93.59997552;	1.8;	8359936.0;	100661.6;	0.0;	11.2;	4.666666666666667;	0.0
1378897797;	2;	5199.99864;	95.3333084;	1.8333333333333335;	8359936.0;	139809.33333333334;	0.0;	10.8;	4.733333333333333;	0.0
1378898097;	2;	5199.99864;	88.39997688;	1.7;	8359936.0;	72700.8;	0.0;	10.2;	4.733333333333333;	0.0
1378898397;	2;	5199.99864;	84.93331112;	1.6333333333333335;	8359936.0;	106255.2;	0.0;	10.133333333333333;	4.666666666666667;	0.0
1378898697;	2;	5199.99864;	93.59997552;	1.8;	8359936.0;	78291.73333333334;	0.0;	10.266666666666667;	4.6;	0.0
1378898997;	2;	5199.99864;	88.39997688;	1.7;	8359936.0;	128625.06666666667;	0.0;	10.2;	4.666666666666667;	0.0
1378899297;	2;	5199.99864;	91.86664264;	1.7666666666666666;	8359936.0;	134216.8;	0.0;	10.533333333333333;	4.733333333333333;	0.0
1378899597;	2;	5199.99864;	114.39997008;	2.2;	8359936.0;	167772.0;	0.0;	15.4;	4.8;	0.0
1378899897;	2;	5199.99864;	91.86664264;	1.7666666666666666;	8359936.0;	167771.2;	0.0;	10.266666666666667;	4.666666666666667;	0.0
1378900197;	2;	5199.99864;	93.59997552;	1.8;	8359936.0;	128624.26666666666;	0.0;	10.266666666666667;	4.8;	0.0
1378900497;	2;	5199.99864;	86.66664399999999;	1.6666666666666665;	8359936.0;	184548.0;	0.0;	10.2;	4.533333333333333;	0.0
1378900797;	2;	5199.99864;	84.93331112;	1.6333333333333335;	8359936.0;	33553.6;	0.0;	10.266666666666667;	4.733333333333333;	0.0
1378901097;	2;	5199.99864;	90.13330975999999;	1.7333333333333334;	8359936.0;	83885.6;	0.0;	11.2;	4.866666666666666;	0.0
1378901397;	2;	5199.99864;	88.39997688;	1.7;	8359936.0;	167770.4;	0.0;	10.4;	4.733333333333333;	0.0
1378901697;	2;	5199.99864;	90.13330975999999;	1.7333333333333334;	8359936.0;	318765.6;	0.0;	10.2;	4.666666666666667;	0.0
1378901997;	2;	5199.99864;	88.39997688;	1.7;	8359936.0;	100661.6;	0.0;	10.2;	4.8;	0.0
1378902297;	2;	5199.99864;	90.13330975999999;	1.7333333333333334;	8359936.0;	100662.4;	0.0;	10.133333333333333;	4.866666666666666;	0.0
1378902598;	2;	5199.99864;	88.39997688;	1.7;	8359936.0;	67107.2;	0.0;	10.333333333333334;	4.733333333333333;	0.0
1378902898;	2;	5199.99864;	93.59997552;	1.8;	8359936.0;	72699.46666666666;	0.0;	10.533333333333333;	4.6;	0.0
1378903198;	2;	5199.99864;	107.46663855999999;	2.0666666666666664;	8359936.0;	290804.26666666666;	0.0;	15.466666666666667;	4.8;	0.0
1378903498;	2;	5199.99864;	98.79997415999998;	1.9;	8359936.0;	150993.6;	0.0;	10.2;	4.533333333333333;	0.0
1378903798;	2;	5199.99864;	117.86663584;	2.2666666666666666;	8359936.0;	83884.0;	0.0;	10.333333333333334;	4.733333333333333;	0.0
1378904098;	2;	5199.99864;	128.26663312;	2.466666666666667;	8359936.0;	134216.0;	0.0;	10.066666666666666;	4.733333333333333;	0.0
1378904398;	2;	5199.99864;	124.79996736;	2.4;	8359936.0;	72699.46666666666;	0.0;	10.2;	4.6;	0.0
1378904698;	2;	5199.99864;	138.6666304;	2.666666666666667;	8359936.0;	100661.33333333333;	0.0;	11.0;	4.8;	0.0
1378904998;	2;	5199.99864;	121.3333016;	2.3333333333333335;	8359936.0;	212509.6;	0.0;	10.666666666666666;	4.666666666666667;	0.0
1378905298;	2;	5199.99864;	114.39997008;	2.2;	8359936.0;	100661.6;	0.0;	10.2;	4.733333333333333;	0.0
1378905598;	2;	5199.99864;	86.66664399999999;	1.6666666666666665;	8359936.0;	95069.33333333333;	0.0;	10.266666666666667;	4.866666666666666;	0.0
1378905898;	2;	5199.99864;	84.93331112;	1.6333333333333335;	8359936.0;	89477.06666666667;	0.0;	10.333333333333334;	4.6;	0.0
1378906198;	2;	5199.99864;	84.93331112;	1.6333333333333335;	8359936.0;	67108.26666666666;	0.0;	10.133333333333333;	4.733333333333333;	0.0
1378906498;	2;	5199.99864;	88.39997688;	1.7;	8359936.0;	145400.8;	0.0;	10.466666666666667;	4.733333333333333;	0.0
1378906798;	2;	5199.99864;	126.53330024;	2.4333333333333336;	8359936.0;	246065.06666666668;	0.0;	15.666666666666666;	4.733333333333333;	0.0
